30
10
15
9
6
0.170868
-0.567118
0.095
0.43
-0.910339
0.0141793
-0.473667
1.0756
-0.565164
1.56715
-0.238348
1.0974
-0.275
1.49
0.372028
1.16205
0.295
1.53
0.620761
1.18748
0.615
1.58
3.695
-2.48
3.075
1.22
1.665
-0.9
1.61889
-1.19643
-0.361782
-0.0188305
-0.581112
0.159814
-0.443153
0.777117
-0.244166
0.79746
0.352795
0.858488
0.551782
0.87883
0.811797
0.302212
0.722475
0.192548
0.633153
0.0828829
1.655
-1.04
0.404599
2
2.375
-0.53
0.481664
1.5
1.145
-0.21
0.403113
1.2
0.095
0.43
0.7
1
-0.385
1.3
0.342465
0.5
0.48012
1.33396
0.369004
0.5
0
0.075
-0.48
0.075
0.45
-0.981116
0.20049
-0.429555
1.14706
-0.575
1.58
-0.193185
1.1463
-0.245
1.5
0.420692
1.1524
0.315
1.54
0.670764
1.15398
0.625
1.58
3.38148
-2.7909
3.045
0.48
1.595
-0.57
1.41082
-0.806806
-0.422626
0.046734
-0.623945
0.245533
-0.427666
0.846966
-0.227607
0.848227
0.372567
0.852006
0.572626
0.853265
0.776463
0.254351
0.677064
0.153693
0.577665
0.0530333
1.565
-0.68
0.404599
2
2.255
-0.74
0.481664
1.5
0.987302
-0.200139
0.403113
1.2
0.075
0.45
0.7
1
-0.405744
1.33727
0.34675
0.5
0.515
1.37
0.374761
0.5
0
-0.075
-0.53
0.015
0.45
-1.025
0.42
-0.425305
1.18931
-0.575
1.56
-0.189949
1.16745
-0.265
1.5
0.395
1.06
0.312801
1.5532
0.655
1.08
0.615
1.55
3.01892
-3.07311
3.175
0.1
1.695
-0.38
1.40557
-0.458935
-0.516635
0.092774
-0.6994
0.30875
-0.450214
0.890253
-0.250844
0.873648
0.347266
0.823832
0.546635
0.807225
0.696188
0.192511
0.588201
0.10113
0.480214
0.009747
1.635
-0.55
0.454533
2
2.135
-0.87
0.582495
1.5
0.865609
-0.278983
0.403113
1.2
0.015
0.45
0.7
1
-0.395
1.32
0.363512
0.5
0.515
1.32
0.354783
0.5
0
-0.255
-0.5
-0.085
0.47
-1.12359
0.534097
-0.456754
1.24617
-0.585
1.57
-0.224305
1.20313
-0.269009
1.54114
0.348617
1.04325
0.31131
1.54192
0.609395
1.03967
0.605089
1.53965
1.935
-2.61
2.965
-0.89
2.155
-0.42
1.86594
-0.339707
-0.64681
0.162229
-0.809335
0.393865
-0.508588
0.950548
-0.311509
0.915993
0.279731
0.812326
0.47681
0.77777
0.570223
0.151976
0.454405
0.0707147
0.338588
-0.0105478
1.065
-0.73
0.421901
2
1.865
-0.8
0.742024
1.5
0.575
-0.13
0.403113
1.2
-0.085
0.47
0.7
1
-0.405
1.36
0.341567
0.5
0.445
1.21
0.341321
0.5
0
-0.355
-0.46
-0.105
0.5
-1.13501
0.648745
-0.415
1.2
-0.525
1.55
-0.175
1.17
-0.225
1.54
0.374055
1.03597
0.308731
1.53169
0.589738
1.04014
0.604411
1.53993
1.745
-2.32
2.575
-1.15
2.435
-0.79
2.265
-0.57
-0.690145
0.239122
-0.833221
0.483289
-0.487962
1.01361
-0.29434
0.963062
0.286524
0.811424
0.480145
0.760878
0.522129
0.129468
0.400045
0.0579313
0.277962
-0.013607
1.945
-0.88
0.67897
2
1.095
-0.87
0.35609
1.5
0.635
-0.28
0.403113
1.2
-0.105
0.5
0.7
1
-0.325
1.33
0.342532
0.5
0.445
1.26
0.357666
0.5
0
-0.423258
-0.396076
-0.165
0.57
-1.135
0.83
-0.475
1.23
-0.585
1.57
-0.195
1.18
-0.265
1.51
0.321375
1.09926
0.305
1.55
0.580631
1.07081
0.635
1.55
0.165
-0.4
1.255
-2.11
2.335
-1.32
2.45038
-1.04308
-0.753646
0.317251
-0.893324
0.563352
-0.540799
1.08881
-0.34791
1.0356
0.230757
0.87596
0.423646
0.822748
0.4569
0.190869
0.333849
0.121032
0.210799
0.0511927
2.225
-1.18
0.5728
2
1.225
-1.3
0.481664
1.5
0.525
-0.46
0.469925
1.2
-0.165
0.57
0.7
1
-0.345
1.33
0.308707
0.5
0.445
1.24
0.333017
0.5
0
-0.555
-0.19
-0.175
0.7
-1.185
1
-0.405
1.34
-0.475
1.57
-0.105
1.27
-0.095
1.56
0.335
1.1
0.305
1.54
0.575
1.06
0.623786
1.55761
0.225
0.05
0.645
-1.67
1.855
-1.48
2.14317
-1.39658
-0.796135
0.542863
-0.895422
0.807891
-0.464651
1.27149
-0.282494
1.18862
0.263978
0.940008
0.446136
0.857137
0.37968
0.227794
0.247166
0.178152
0.114652
0.128508
1.955
-1.4
0.489183
2
0.975
-1.21
0.481664
1.5
0.385
-0.33
0.499903
1.2
-0.175
0.7
0.7
1
-0.245
1.42
0.308707
0.5
0.455
1.31
0.318904
0.5
0
-0.555
-0.19
-0.175
0.7
-1.22698
0.948146
-0.405
1.34
-0.475
1.57
-0.105
1.27
-0.095
1.56
0.335
1.1
0.305
1.54
0.575
1.06
0.623786
1.55761
0.205
0.06
0.265
-1.56
1.135
-1.55
1.43384
-1.52363
-0.796135
0.542863
-0.895422
0.807891
-0.464651
1.27149
-0.282494
1.18862
0.263978
0.940008
0.446136
0.857137
0.37968
0.227794
0.247166
0.178152
0.114652
0.128508
1.305
-1.51
0.404599
2
0.565
-1.13
0.420119
1.5
0.285
-0.3
0.433853
1.2
-0.175
0.7
0.7
1
-0.285
1.39
0.308707
0.5
0.455
1.27
0.299666
0.5
0
-0.635
-0.08
-0.185
0.75
-1.20393
1.11103
-0.375
1.37
-0.445
1.57
-0.105
1.28
-0.125
1.55
0.345
1.1
0.308252
1.54167
0.575
1.05
0.60534
1.54457
0.154005
0.169653
-0.005
-1.29
0.585
-1.69
0.818524
-1.87833
-0.819621
0.661271
-0.889532
0.935557
-0.410872
1.34966
-0.238774
1.24748
0.277523
0.940916
0.449621
0.838729
0.315158
0.220246
0.178015
0.185292
0.0408721
0.150335
0.665
-1.76
0.461411
2
0.275
-1.02
0.39
1.5
0.205
-0.24
0.403113
1.2
-0.185
0.75
0.7
1
-0.235
1.43
0.308707
0.5
0.445
1.24
0.332866
0.5
0
-0.685
0.00999999
-0.195
0.78
-1.182
1.22111
-0.335004
1.41322
-0.38885
1.61818
-0.0730133
1.30198
-0.0714355
1.57274
0.385
1.09
0.305
1.53
0.585
1.02
0.615
1.5
0.105
0.16
0.045
-1.1
0.205
-1.73
0.302297
-2.01378
-0.834724
0.742117
-0.882562
1.02112
-0.372386
1.3958
-0.208964
1.28022
0.281303
0.933467
0.444725
0.817882
0.261392
0.212032
0.121889
0.188114
-0.0176142
0.164195
0.235
-1.92
0.430116
2
0.095
-1.09
0.481664
1.5
0.125
-0.23
0.403113
1.2
-0.195
0.78
0.7
1
-0.215
1.4
0.308707
0.5
0.475
1.24
0.313847
0.5
0
-0.685
0.00999999
-0.195
0.78
-1.182
1.22111
-0.335004
1.41322
-0.38885
1.61818
-0.0730133
1.30198
-0.0714355
1.57274
0.385
1.09
0.305
1.53
0.585
1.02
0.604217
1.51963
0.125
0.06
0.155
-1.1
-0.095
-1.77
-0.191943
-2.05391
-0.834724
0.742117
-0.882562
1.02112
-0.372386
1.3958
-0.208964
1.28022
0.281303
0.933467
0.444725
0.817882
0.261392
0.212032
0.121889
0.188114
-0.0176142
0.164195
-0.095
-1.83
0.488365
2
0.105
-1.03
0.481664
1.5
0.135
-0.21
0.403113
1.2
-0.195
0.78
0.7
1
-0.235
1.43
0.308707
0.5
0.475
1.25
0.332415
0.5
0
-0.685
0.00999999
-0.195
0.78
-1.182
1.22111
-0.335004
1.41322
-0.38885
1.61818
-0.0730133
1.30198
-0.0714355
1.57274
0.385
1.09
0.305
1.53
0.585
1.02
0.604217
1.51963
0.175
0.1
0.205
-1.19
-0.405
-1.69
-0.643485
-1.872
-0.834724
0.742117
-0.882562
1.02112
-0.372386
1.3958
-0.208964
1.28022
0.281303
0.933467
0.444725
0.817882
0.261392
0.212032
0.121889
0.188114
-0.0176142
0.164195
-0.515
-1.79
0.495177
2
0.015
-1.07
0.481664
1.5
0.135
-0.23
0.403113
1.2
-0.195
0.78
0.7
1
-0.215
1.4
0.308707
0.5
0.425
1.22
0.326497
0.5
1
2.305
-0.25
1.74897
-0.447214
-0.894427
0.4
0.7
0.6
0
-0.695
0.04
-0.195
0.78
-1.16897
1.24928
-0.316774
1.417
-0.405
1.62
-0.058074
1.29829
-0.075
1.57
0.393683
1.07323
0.305
1.53
0.605
1.05
0.585
1.5
0.252721
-0.00320584
0.107739
-1.21959
-0.807377
-1.3834
-1.10731
-1.39016
-0.835574
0.760496
-0.875384
1.04077
-0.354641
1.40067
-0.194599
1.28044
0.285531
0.919736
0.445574
0.799503
0.244918
0.199141
0.10478
0.179237
-0.0353583
0.159332
-0.935
-1.4
0.518652
2
-0.205
-0.97
0.481664
1.5
0.165
-0.19
0.403113
1.2
-0.195
0.78
0.7
1
-0.195
1.43
0.308707
0.5
0.435
1.28
0.346699
0.5
0
-0.695
0.04
-0.195
0.78
-1.14272
1.28187
-0.316774
1.417
-0.405
1.62
-0.058074
1.29829
-0.075
1.57
0.393683
1.07323
0.305
1.53
0.605
1.05
0.585
1.5
0.325
-0.07
-0.015
-1.21
-0.885
-1.16
-1.18215
-1.11873
-0.835574
0.760496
-0.875384
1.04077
-0.354641
1.40067
-0.194599
1.28044
0.285531
0.919736
0.445574
0.799503
0.244918
0.199141
0.10478
0.179237
-0.0353583
0.159332
-0.965
-1.15
0.506063
2
-0.205
-0.89
0.481664
1.5
0.125
-0.13
0.403113
1.2
-0.195
0.78
0.7
1
-0.175
1.41
0.308707
0.5
0.455
1.24
0.3245
0.5
0
-0.695
0.04
-0.195
0.78
-1.14272
1.28187
-0.316774
1.417
-0.405
1.62
-0.058074
1.29829
-0.075
1.57
0.393683
1.07323
0.305
1.53
0.605
1.05
0.585
1.5
0.465
-0.21
-0.125
-1.25
-1.195
-0.8
-1.48646
-0.728913
-0.835574
0.760496
-0.875384
1.04077
-0.354641
1.40067
-0.194599
1.28044
0.285531
0.919736
0.445574
0.799503
0.244918
0.199141
0.10478
0.179237
-0.0353583
0.159332
-1.355
-0.81
0.482597
2
-0.455
-0.83
0.481664
1.5
0.105
-0.19
0.403113
1.2
-0.195
0.78
0.7
1
-0.205
1.4
0.308707
0.5
0.425
1.2
0.352278
0.5
0
-0.695
0.04
-0.195
0.78
-1.14272
1.28187
-0.316774
1.417
-0.405
1.62
-0.058074
1.29829
-0.075
1.57
0.393683
1.07323
0.305
1.53
0.605
1.05
0.585
1.5
0.455
-0.47
-0.275
-1.28
-1.265
-0.51
-1.5194
-0.351
-0.835574
0.760496
-0.875384
1.04077
-0.354641
1.40067
-0.194599
1.28044
0.285531
0.919736
0.445574
0.799503
0.244918
0.199141
0.10478
0.179237
-0.0353583
0.159332
-1.375
-0.5
0.5
2
-0.435
-0.7
0.481664
1.5
0.185
-0.14
0.403113
1.2
-0.195
0.78
0.7
1
-0.205
1.45
0.308707
0.5
0.465
1.22
0.349857
0.5
0
-0.695
0.04
-0.195
0.78
-1.14272
1.28187
-0.316774
1.417
-0.405
1.62
-0.058074
1.29829
-0.075
1.57
0.393683
1.07323
0.305
1.53
0.605
1.05
0.585
1.5
0.425
-0.64
-0.435
-1.32
-1.305
-0.24
-1.51257
-0.0234035
-0.835574
0.760496
-0.875384
1.04077
-0.354641
1.40067
-0.194599
1.28044
0.285531
0.919736
0.445574
0.799503
0.244918
0.199141
0.10478
0.179237
-0.0353583
0.159332
-1.465
-0.17
0.414005
2
-0.675
-0.64
0.481664
1.5
0.045
-0.28
0.439318
1.2
-0.195
0.78
0.7
1
-0.215
1.39
0.308707
0.5
0.435
1.24
0.299666
0.5
0
-0.655
0
-0.195
0.78
-1.17274
1.22063
-0.357024
1.40799
-0.395
1.63
-0.0912929
1.30596
-0.085
1.57
0.385
1.08
0.305
1.52
0.615
1.07
0.585
1.49
0.530177
-0.536607
-0.183176
-1.2935
-0.924308
-0.198365
-1.08499
0.0549847
-0.833058
0.719815
-0.890605
0.997003
-0.393778
1.38928
-0.226411
1.27946
0.275691
0.950004
0.443058
0.840184
0.280965
0.228263
0.142372
0.19949
0.00377798
0.170716
-1.005
-0.04
0.404599
2
-0.405
-0.47
0.481664
1.5
0.145
-0.18
0.403113
1.2
-0.195
0.78
0.7
1
-0.235
1.46
0.308707
0.5
0.475
1.28
0.299666
0.5
0
-0.555
-0.05
-0.185
0.74
-1.20268
1.07857
-0.335
1.41
-0.395
1.64
-0.075
1.29
-0.075
1.57
0.395
1.08
0.305
1.51
0.615
1.09
0.575
1.49
0.865
-0.93
0.295
-1.2
-0.555
-0.18
-0.707941
0.0780875
-0.813635
0.615004
-0.899176
0.884893
-0.44494
1.32586
-0.267225
1.23369
0.26592
0.957169
0.443635
0.864995
0.344829
0.239677
0.209885
0.196908
0.0749403
0.154137
-0.625
-0.03
0.404599
2
0.165
-0.5
0.481664
1.5
0.245
-0.01
0.403113
1.2
-0.185
0.74
0.7
1
-0.185
1.46
0.308707
0.5
0.455
1.22
0.299666
0.5
0
-0.445
-0.08
-0.145
0.72
-1.20671
0.928521
-0.351068
1.37498
-0.385
1.63
-0.0818454
1.27736
-0.085
1.55
0.404242
1.1078
0.315
1.51
0.625
1.1
0.575
1.51
1.005
-0.92
0.515
-1.21
-0.065
-0.4
-0.222229
-0.144503
-0.760867
0.542342
-0.868906
0.804057
-0.453515
1.28185
-0.268639
1.20501
0.285991
0.974496
0.470868
0.897657
0.42523
0.26619
0.294373
0.212172
0.163515
0.158152
-0.085
-0.28
0.404599
2
0.435
-0.57
0.481664
1.5
0.375
-0.04
0.403113
1.2
-0.145
0.72
0.7
1
-0.225
1.47
0.308707
0.5
0.445
1.28
0.299666
0.5
0
-0.325
-0.13
-0.105
0.66
-1.18133
0.766315
-0.335
1.34
-0.385
1.63
-0.065
1.26
-0.085
1.53
0.395
1.1
0.325
1.5
0.624067
1.1138
0.575
1.5
1.20059
-0.859376
0.741367
-1.19612
0.315
-0.66
0.133428
-0.421142
-0.700525
0.422717
-0.833749
0.672592
-0.467221
1.18891
-0.275672
1.13059
0.298976
0.955609
0.490525
0.897283
0.507096
0.264309
0.382159
0.197699
0.257221
0.131087
0.195
-0.52
0.404599
2
0.565
-0.65
0.481664
1.5
0.535
0.05
0.403113
1.2
-0.105
0.66
0.7
1
-0.225
1.46
0.308707
0.5
0.465
1.27
0.299666
0.5
0
-0.265
-0.1
-0.105
0.66
-1.18612
0.693042
-0.335
1.35
-0.395
1.63
-0.055
1.27
-0.095
1.53
0.375
1.11
0.338646
1.52407
0.605
1.11
0.575
1.5
1.495
-1.06
0.955
-1.23
0.575
-0.79
0.37763
-0.564001
-0.683082
0.382843
-0.832961
0.623115
-0.502293
1.16314
-0.307218
1.11795
0.278007
0.982354
0.473082
0.937156
0.532565
0.306735
0.412429
0.231797
0.292293
0.156858
0.425
-0.65
0.404599
2
0.795
-0.75
0.481664
1.5
0.575
0.01
0.403113
1.2
-0.105
0.66
0.7
1
-0.195
1.39
0.308707
0.5
0.455
1.2
0.299666
0.5
0
-0.125
-0.15
-0.035
0.63
-1.095
0.59
-0.325
1.32
-0.405
1.63
-0.0519203
1.26022
-0.105
1.53
0.385
1.11
0.335
1.52
0.615
1.11
0.586831
1.52939
1.585
-0.9
1.265
-1.17
0.885
-1.07
0.616672
-0.935836
-0.583532
0.29799
-0.756051
0.522613
-0.479322
1.09227
-0.280752
1.06622
0.314962
0.988063
0.513532
0.96201
0.633945
0.340245
0.521633
0.253987
0.409322
0.167728
0.705
-1
0.404599
2
1.095
-0.75
0.481664
1.5
0.755
0.04
0.403113
1.2
-0.035
0.63
0.7
1
-0.195
1.35
0.308707
0.5
0.495
1.28
0.299666
0.5
0
-0.085
-0.16
-0.035
0.63
-1.10926
0.480449
-0.32248
1.30691
-0.415
1.63
-0.0690399
1.23909
-0.095
1.54
0.375
1.1
0.335
1.51
0.585
1.12
0.575
1.51
1.575
-0.86
1.36001
-1.09758
1.005
-1.16
0.708015
-1.20243
-0.564914
0.268947
-0.749275
0.48398
-0.503569
1.06773
-0.303873
1.0524
0.295218
1.00639
0.494914
0.991052
0.648602
0.376627
0.541085
0.284448
0.433569
0.192267
0.805
-1.22
0.404599
2
1.205
-0.7
0.481664
1.5
0.785
0.05
0.403113
1.2
-0.035
0.63
0.7
1
-0.255
1.38
0.308707
0.5
0.495
1.29
0.299666
0.5
0
-0.065
-0.2
-0.035
0.63
-1.10405
0.446512
-0.343779
1.29751
-0.405
1.62
-0.0883039
1.23774
-0.085
1.54
0.359943
1.11277
0.335
1.51
0.575
1.15
0.575
1.51
1.265
-0.16
1.355
-0.98
1.135
-1.26
0.918584
-1.46776
-0.553252
0.252333
-0.744338
0.461436
-0.517218
1.05271
-0.317124
1.0437
0.283158
1.01667
0.483252
1.00767
0.65632
0.398376
0.551769
0.302834
0.447218
0.207291
0.985
-1.36
0.452769
2
1.195
-0.64
0.481664
1.5
0.835
0.04
0.403113
1.2
-0.035
0.63
0.7
1
-0.235
1.36
0.308707
0.5
0.495
1.31
0.299666
0.5
0
-0.045
-0.27
-0.035
0.63
-1.09834
0.415548
-0.363043
1.28831
-0.405
1.62
-0.105925
1.23598
-0.085
1.54
0.345787
1.12406
0.345
1.51
0.575
1.14
0.575
1.51
1.145
-0.03
1.445
-0.94
1.295
-1.29
1.225
-1.58
-0.542103
0.237427
-0.739189
0.440908
-0.529313
1.03856
-0.32903
1.03536
0.27182
1.02577
0.472103
1.02257
0.662793
0.418526
0.561053
0.319984
0.459313
0.221441
1.245
-1.46
0.506063
2
1.295
-0.65
0.481664
1.5
0.845
0.08
0.403113
1.2
-0.035
0.63
0.7
1
-0.275
1.39
0.308707
0.5
0.415
1.31
0.299666
0.5
0
-0.055
-0.34
-0.045
0.56
-1.09687
0.277552
-0.435052
1.24986
-0.595
1.59
-0.175806
1.21707
-0.255
1.56
0.335787
1.05406
0.305
1.48
0.565
1.1
0.585
1.59
1.005
-0.18
1.165
-0.97
1.285
-1.36
1.38252
-1.64371
-0.552103
0.167427
-0.749189
0.370908
-0.539313
0.968559
-0.33903
0.965363
0.26182
0.95577
0.462103
0.952572
0.652793
0.348526
0.551053
0.249984
0.449313
0.151441
1.365
-1.53
0.47927
2
1.075
-0.74
0.481664
1.5
0.785
0.07
0.403113
1.2
-0.045
0.56
0.7
1
-0.365
1.35
0.308707
0.5
0.455
1.3
0.299666
0.5
0
-0.035
-0.41
-0.025
0.49
-1.04507
0.128227
-0.475
1.18
-0.615
1.6
-0.21915
1.17825
-0.315
1.58
0.355
1.09
0.315
1.5
0.625
1.1
0.555
1.57
0.775
-0.42
0.975
-1.11
1.205
-1.3
1.48221
-1.41471
-0.532103
0.0974271
-0.729189
0.300908
-0.519313
0.898559
-0.31903
0.895363
0.28182
0.88577
0.482103
0.882572
0.672793
0.278526
0.571053
0.179984
0.469313
0.0814408
1.385
-1.37
0.404599
2
0.915
-0.76
0.481664
1.5
0.735
-0.01
0.403113
1.2
-0.025
0.49
0.7
1
-0.375
1.32
0.308707
0.5
0.475
1.28
0.32249
0.5
0
-0.035
-0.47
-0.025
0.43
-1.01542
0.0225661
-0.495
1.1
-0.613934
1.58565
-0.25032
1.12739
-0.395
1.55
0.365
1.11
0.305
1.49
0.599092
1.09882
0.555
1.56
0.835
-0.43
0.885
-1.2
1.215
-1.26
1.465
-1.26
-0.532103
0.0374271
-0.729189
0.240908
-0.519313
0.838559
-0.31903
0.835363
0.28182
0.82577
0.482103
0.822572
0.672793
0.218526
0.571053
0.119984
0.469313
0.0214408
1.345
-1.26
0.404599
2
0.895
-0.78
0.384187
1.5
0.685
-0.12
0.403113
1.2
-0.025
0.43
0.7
1
-0.405
1.28
0.308707
0.5
0.475
1.21
0.34176
0.5
0
0
-1
0
0.4
-0.92665
-0.0796958
-0.5
1.1
-0.6
1.6
-0.35
1.2
-0.4
1.55
0.35
1.1
0.3
1.5
0.6
1.1
0.555
1.57
0.7
-0.3
0.9
-1
1.1
-1.3
1.325
-1.32
-0.5
0
-0.7
0.2
-0.5
0.8
-0.3
0.8
0.3
0.8
0.5
0.8
0.7
0.2
0.6
0.1
0.5
0
1.2
-1.35
0.330341
2
0.875
-0.87
0.31241
1.5
0.685
-0.28
0.355106
1.2
0
0.4
0.7
1
-0.475
1.29
0.308707
0.5
0.475
1.26
0.299666
0.5
0
