38
10
15
9
6
0
-1
0
0.4
-0.966073
-0.0424973
-0.5
1.1
-0.6
1.6
-0.26804
1.09829
-0.295
1.5
0.350581
1.09571
0.325
1.55
0.630779
1.06999
0.702723
1.58036
0.7
-0.3
0.825
-1.01
1.1
-1.3
1.345
-1.33
-0.5
0
-0.7
0.2
-0.5
0.8
-0.3
0.8
0.3
0.8
0.5
0.8
0.7
0.2
0.6
0.1
0.5
0
1.195
-1.29
0.350179
2
0.825
-0.71
0.330151
1.5
0.695
-0.13
0.315317
1.2
0
0.4
0.7
1
-0.465
1.31
0.35
0.5
0.505
1.3
0.362353
0.5
0
0
-1
0
0.4
-0.966073
-0.0424973
-0.485
1.04
-0.545
1.49
-0.235
1.05
-0.235
1.44
0.325
1
0.295
1.44
0.605
0.98
0.615
1.47
0.585
-0.37
0.745
-1.16
1.105
-1.23
1.345
-1.13
-0.5
0
-0.7
0.2
-0.5
0.8
-0.3
0.8
0.3
0.8
0.5
0.8
0.7
0.2
0.6
0.1
0.5
0
1.225
-1.16
0.350179
2
0.715
-0.83
0.330151
1.5
0.625
-0.19
0.315317
1.2
0
0.4
0.7
1
-0.465
1.31
0.35
0.5
0.505
1.27
0.362353
0.5
0
0
-1
0
0.4
-0.966073
-0.0424973
-0.485
1.04
-0.585
1.39
-0.235
1.05
-0.275
1.39
0.325
1
0.295
1.35
0.605
0.98
0.585
1.4
0.355
-0.54
0.615
-0.96
1.045
-0.85
1.245
-0.68
-0.5
0
-0.7
0.2
-0.5
0.8
-0.3
0.8
0.3
0.8
0.5
0.8
0.7
0.2
0.6
0.1
0.5
0
1.125
-0.79
0.422019
2
0.575
-0.65
0.330151
1.5
0.485
-0.13
0.315317
1.2
0
0.4
0.7
1
-0.465
1.31
0.35
0.5
0.505
1.27
0.362353
0.5
0
0
-1
0
0.4
-0.966073
-0.0424973
-0.485
1.04
-0.585
1.39
-0.235
1.05
-0.275
1.39
0.325
1
0.295
1.35
0.605
0.98
0.585
1.4
0.375
-0.64
0.915
-0.84
1.005
-0.39
1.015
-0.17
-0.5
0
-0.7
0.2
-0.5
0.8
-0.3
0.8
0.3
0.8
0.5
0.8
0.7
0.2
0.6
0.1
0.5
0
1.005
-0.32
0.350179
2
0.615
-0.46
0.330151
1.5
0.465
0.02
0.315317
1.2
0
0.4
0.7
1
-0.375
1.2
0.35
0.5
0.455
1.16
0.362353
0.5
0
0
-1
0
0.4
-0.966073
-0.0424973
-0.485
1.04
-0.585
1.39
-0.235
1.05
-0.275
1.39
0.325
1
0.295
1.35
0.605
0.98
0.585
1.4
0.075
-0.67
1.645
-0.72
0.645
-0.09
0.365877
0.0199574
-0.5
0
-0.7
0.2
-0.5
0.8
-0.3
0.8
0.3
0.8
0.5
0.8
0.7
0.2
0.6
0.1
0.5
0
0.585
-0.13
0.350179
2
0.735
-0.42
0.330151
1.5
0.255
0.01
0.315317
1.2
0
0.4
0.7
1
-0.465
1.31
0.35
0.5
0.505
1.27
0.362353
0.5
0
0
-1
0
0.4
-0.966073
-0.0424973
-0.485
1.04
-0.585
1.39
-0.235
1.05
-0.275
1.39
0.325
1
0.295
1.35
0.605
0.98
0.585
1.4
1.335
-0.65
1.665
-0.29
0.165
-0.13
-0.133768
-0.102839
-0.5
0
-0.7
0.2
-0.5
0.8
-0.3
0.8
0.3
0.8
0.5
0.8
0.7
0.2
0.6
0.1
0.5
0
0.055
-0.08
0.460435
2
0.845
-0.27
0.382099
1.5
0.605
0.12
0.315317
1.2
0
0.4
0.7
1
-0.465
1.31
0.35
0.5
0.505
1.27
0.362353
0.5
0
0
-1
0
0.4
-0.966073
-0.0424973
-0.485
1.04
-0.585
1.39
-0.235
1.05
-0.275
1.39
0.325
1
0.295
1.35
0.605
0.98
0.585
1.4
0.265
-0.61
0.695
-0.28
0.945
0.08
1.14728
0.301546
-0.5
0
-0.7
0.2
-0.5
0.8
-0.3
0.8
0.3
0.8
0.5
0.8
0.7
0.2
0.6
0.1
0.5
0
1.065
0.28
0.370135
2
0.745
-0.14
0.330151
1.5
0.395
-0.04
0.315317
1.2
0
0.4
0.7
1
-0.465
1.31
0.35
0.5
0.505
1.27
0.362353
0.5
1
1.195
0.31
0.72111
0.83205
0.5547
0.1
0.3
0.7
0
0
-1
0
0.4
-0.966073
-0.0424973
-0.485
1.04
-0.585
1.39
-0.235
1.05
-0.305
1.3
0.325
1
0.295
1.35
0.605
0.98
0.535
1.3
0.265
-0.61
0.695
-0.28
1.555
0.45
1.78926
0.637408
-0.5
0
-0.7
0.2
-0.5
0.8
-0.3
0.8
0.3
0.8
0.5
0.8
0.7
0.2
0.6
0.1
0.5
0
1.615
0.51
0.45
2
1.025
0.04
0.330151
1.5
0.555
-0.03
0.315317
1.2
0
0.4
0.7
1
-0.465
1.31
0.35
0.5
0.505
1.27
0.362353
0.5
1
1.685
0.56
0.732462
0.83205
0.5547
0.9
0.25
0.7
0
0
-1
0
0.4
-0.966073
-0.0424973
-0.485
1.04
-0.585
1.39
-0.235
1.05
-0.305
1.3
0.325
1
0.295
1.35
0.605
0.98
0.535
1.3
0.265
-0.61
0.695
-0.28
1.805
-0.32
2.1049
-0.32769
-0.5
0
-0.7
0.2
-0.5
0.8
-0.3
0.8
0.3
0.8
0.5
0.8
0.7
0.2
0.6
0.1
0.5
0
1.915
-0.34
0.465296
2
1.175
-0.31
0.349857
1.5
0.545
-0.14
0.315317
1.2
0
0.4
0.7
1
-0.465
1.31
0.35
0.5
0.505
1.27
0.362353
0.5
1
1.895
-0.35
0.718401
0.83205
0.5547
0.9
0.1
0.7
0
0
-1
0
0.4
-0.966073
-0.0424973
-0.485
1.04
-0.585
1.39
-0.235
1.05
-0.305
1.3
0.325
1
0.295
1.35
0.605
0.98
0.535
1.3
0.695
-0.39
1.035
-0.64
1.705
-1.08
1.96486
-1.22992
-0.5
0
-0.7
0.2
-0.5
0.8
-0.3
0.8
0.3
0.8
0.5
0.8
0.7
0.2
0.6
0.1
0.5
0
1.775
-1.17
0.468722
2
1.135
-0.66
0.410366
1.5
0.595
-0.17
0.372156
1.2
0
0.4
0.7
1
-0.415
1.15
0.35
0.5
0.475
1.14
0.362353
0.5
1
1.785
-1.1
0.793221
0.83205
0.5547
1.3
0.3
0.7
0
0
-1
0
0.4
-0.992649
-0.00965874
-0.485
1.04
-0.585
1.39
-0.235
1.02
-0.285
1.24
0.315
0.95
0.295
1.22
0.585
0.92
0.585
1.19
0.765
-0.31
1.145
-0.8
1.565
-1.26
1.82486
-1.40992
-0.5
0
-0.7
0.2
-0.5
0.8
-0.3
0.8
0.3
0.8
0.5
0.8
0.7
0.2
0.6
0.1
0.5
0
1.695
-1.33
0.414367
2
1.155
-0.76
0.404969
1.5
0.685
-0.15
0.38833
1.2
0
0.4
0.7
1
-0.395
1.14
0.35
0.5
0.375
1.03
0.362353
0.5
0
-0.0381666
-0.599271
0
0.4
-1.00651
0.0254182
-0.462268
1.0567
-0.535
1.3
-0.213102
1.02793
-0.25535
1.24957
0.33415
0.938648
0.335
1.14
0.575
0.87
0.585
1.09
0.739662
-0.336492
1.045
-0.92
1.365
-1.34
1.505
-1.54
-0.513784
0.0177703
-0.706655
0.224689
-0.485689
0.817349
-0.285794
0.810325
0.31389
0.789254
0.513784
0.78223
0.692607
0.175522
0.589148
0.0790864
0.485689
-0.017349
1.375
-1.43
0.466905
2
1.035
-0.76
0.330151
1.5
0.745
-0.22
0.370135
1.2
0
0.4
0.7
1
-0.375
1.09
0.35
0.5
0.455
0.91
0.362353
0.5
0
-0.110961
-0.593825
0
0.4
-1.03916
0.112919
-0.415949
1.08703
-0.471748
1.33478
-0.169343
1.04116
-0.195
1.32
0.365
0.86
0.363489
1.05914
0.606052
0.829292
0.585
1.06
0.687203
-0.385751
0.951628
-0.988946
1.075
-1.33
1.155
-1.56
-0.538931
0.0540569
-0.717098
0.273785
-0.455807
0.849848
-0.25686
0.829067
0.339983
0.766724
0.538931
0.745943
0.675536
0.128319
0.565672
0.0392359
0.455807
-0.0498475
1.145
-1.43
0.404599
2
0.855
-0.77
0.386005
1.5
0.655
-0.18
0.315317
1.2
0
0.4
0.7
1
-0.335
1.13
0.35
0.5
0.455
0.85
0.362353
0.5
0
-0.175
-0.56
0
0.4
-1.05679
0.186444
-0.366796
1.11453
-0.405096
1.3656
-0.123996
1.05149
-0.130047
1.33146
0.396367
0.833313
0.408818
1.03208
0.634688
0.785782
0.629857
1.01741
0.505
-0.44
0.735
-1.12
0.951161
-1.4012
1.075
-1.62
-0.561886
0.0926619
-0.724224
0.324351
-0.423183
0.880717
-0.226169
0.846041
0.364872
0.742014
0.561886
0.707338
0.654872
0.0816212
0.539028
0.000452131
0.423183
-0.0807168
0.985
-1.52
0.412311
2
0.705
-0.91
0.330151
1.5
0.525
-0.3
0.315317
1.2
0
0.4
0.7
1
-0.255
1.2
0.35
0.5
0.485
0.89
0.362353
0.5
0
-0.242536
-0.570143
0
0.4
-1.06892
0.258889
-0.317306
1.13788
-0.338423
1.39098
-0.095
1.02
-0.115
1.3
0.424968
0.805335
0.465
1.08
0.659509
0.741686
0.675
1.01
0.446652
-0.47247
0.555
-0.98
0.735
-1.37
0.843658
-1.59673
-0.581531
0.131622
-0.727723
0.373837
-0.389485
0.908435
-0.195282
0.860424
0.387328
0.716389
0.581531
0.668378
0.6317
0.0377564
0.510593
-0.0353396
0.389485
-0.108435
0.825
-1.53
0.410366
2
0.595
-0.85
0.330151
1.5
0.505
-0.27
0.315317
1.2
0
0.4
0.7
1
-0.215
1.16
0.35
0.5
0.525
0.91
0.362353
0.5
0
-0.342874
-0.539381
0
0.4
-1.07805
0.377273
-0.234272
1.16836
-0.22743
1.42228
-0.0262559
1.02674
-0.0153469
1.30727
0.467001
0.756184
0.536997
1.02481
0.693142
0.667124
0.738045
0.932132
0.405
-0.56
0.395
-0.98
0.425
-1.36
0.465
-1.6
-0.607569
0.197172
-0.726253
0.454015
-0.33125
0.948227
-0.143486
0.879147
0.419805
0.671908
0.607569
0.602828
0.588093
-0.0295429
0.459672
-0.088885
0.33125
-0.148227
0.435
-1.5
0.35805
2
0.415
-0.9
0.330151
1.5
0.425
-0.3
0.315317
1.2
0
0.4
0.7
1
-0.135
1.15
0.35
0.5
0.555
0.77
0.362353
0.5
0
-0.42419
-0.505573
0
0.4
-1.07591
0.472704
-0.165415
1.18613
-0.136143
1.43846
0.0292753
1.02665
0.0649525
1.30514
0.496705
0.713511
0.590189
0.974909
0.714099
0.604793
0.782267
0.86481
0.318538
-0.592124
0.271431
-1.00962
0.185
-1.36
0.145
-1.62
-0.623169
0.251687
-0.718681
0.518038
-0.281489
0.975414
-0.100557
0.889994
0.442238
0.633733
0.623169
0.548313
0.547841
-0.0799018
0.414665
-0.127658
0.281489
-0.175414
0.155
-1.52
0.350179
2
0.265
-0.89
0.330151
1.5
0.385
-0.33
0.315317
1.2
0
0.4
0.7
1
-0.105
1.18
0.35
0.5
0.645
0.77
0.362353
0.5
0
-0.462403
-0.48667
0
0.4
-1.07177
0.519766
-0.130834
1.19267
-0.0905361
1.4435
0.0566978
1.02481
0.135
1.29
0.509995
0.691475
0.545
0.9
0.722434
0.573332
0.765
0.81
0.165
-0.59
0.055
-1
0.095
-1.29
0.125
-1.56
-0.629111
0.279115
-0.712871
0.549413
-0.256035
0.987232
-0.0790054
0.893962
0.452082
0.614155
0.629111
0.520885
0.526333
-0.103471
0.391184
-0.145351
0.256035
-0.187231
0.125
-1.47
0.350179
2
0.145
-0.8
0.330151
1.5
0.255
-0.21
0.315317
1.2
0
0.4
0.7
1
-0.015
1.19
0.35
0.5
0.635
0.74
0.362353
0.5
0
-0.462403
-0.48667
0
0.4
-1.015
0.59
-0.145
1.12
-0.115
1.35
0.055
0.98
0.095
1.23
0.509995
0.691475
0.525
0.88
0.722434
0.573332
0.765
0.81
0.175
-0.56
0.065
-0.85
-0.005
-1.17
0.075
-1.41
-0.629111
0.279115
-0.712871
0.549413
-0.256035
0.987232
-0.0790054
0.893962
0.452082
0.614155
0.629111
0.520885
0.526333
-0.103471
0.391184
-0.145351
0.256035
-0.187231
0.085
-1.31
0.350179
2
0.065
-0.82
0.330151
1.5
0.225
-0.35
0.315317
1.2
0
0.4
0.7
1
-0.045
1.12
0.35
0.5
0.625
0.7
0.362353
0.5
0
-0.455
-0.49
0
0.4
-1.01563
0.588125
-0.146405
1.11992
-0.116833
1.35004
0.0539143
0.980261
0.0934507
1.2304
0.509579
0.692521
0.52423
0.881125
0.7223
0.574749
0.764427
0.811562
0.105
-0.5
-0.025
-0.76
-0.065
-1.07
0.0154769
-1.30991
-0.629051
0.277888
-0.713346
0.5481
-0.257218
0.986904
-0.0799638
0.893945
0.451797
0.61507
0.629051
0.522112
0.52743
-0.102608
0.392324
-0.144756
0.257218
-0.186903
-0.065
-1.2
0.350179
2
0.025
-0.75
0.330151
1.5
0.285
-0.23
0.315317
1.2
0
0.4
0.7
1
-0.095
1.14
0.35
0.5
0.595
0.67
0.362353
0.5
0
-0.395
-0.46
0
0.4
-1.02417
0.535186
-0.183592
1.11145
-0.165999
1.34283
0.0237335
0.982359
0.075
1.3
0.493782
0.718615
0.525
0.95
0.712358
0.612026
0.745
0.88
0.235
-0.47
0.105
-0.82
0.085
-1.08
0.177831
-1.31545
-0.621954
0.245388
-0.720171
0.510899
-0.287367
0.972847
-0.105503
0.889198
0.44009
0.638259
0.621954
0.554612
0.552878
-0.0746275
0.420123
-0.123736
0.287367
-0.172845
0.145
-1.21
0.350179
2
0.185
-0.69
0.330151
1.5
0.305
-0.2
0.315317
1.2
0
0.4
0.7
1
-0.075
1.16
0.35
0.5
0.605
0.76
0.362353
0.5
0
-0.335
-0.44
0
0.4
-1.03065
0.472859
-0.226423
1.09913
-0.225
1.38
-0.0116176
0.982821
0.0203027
1.30304
0.505
0.77
0.535
1.04
0.698306
0.654863
0.755
0.94
0.355
-0.44
0.255
-0.81
0.255
-1.09
0.415
-1.3
-0.611535
0.207936
-0.725686
0.467045
-0.321619
0.95446
-0.134988
0.88198
0.424904
0.664543
0.611535
0.592064
0.580729
-0.0403067
0.451174
-0.0973827
0.321619
-0.154458
0.295
-1.21
0.350179
2
0.325
-0.77
0.330151
1.5
0.375
-0.24
0.315317
1.2
0
0.4
0.7
1
-0.165
1.16
0.35
0.5
0.615
0.82
0.362353
0.5
0
-0.255
-0.45
0
0.4
-1.03306
0.379982
-0.288317
1.07598
-0.312132
1.35586
-0.0639263
0.979438
-0.0608994
1.30124
0.469736
0.81388
0.475361
1.08549
0.672609
0.71657
0.703462
1.00566
0.225
-0.37
0.125
-0.61
0.335
-0.95
0.513223
-1.14478
-0.591827
0.153772
-0.728797
0.401587
-0.370136
0.923344
-0.177743
0.86792
0.399434
0.701651
0.591827
0.646228
0.617951
0.0136276
0.494044
-0.0548573
0.370136
-0.123342
0.425
-1.11
0.350179
2
0.235
-0.61
0.330151
1.5
0.395
-0.06
0.315317
1.2
0
0.4
0.7
1
-0.205
1.13
0.35
0.5
0.585
0.86
0.362353
0.5
0
-0.165
-0.45
0
0.4
-1.02558
0.273167
-0.356773
1.04261
-0.409429
1.31855
-0.123563
0.969792
-0.153858
1.29022
0.455
0.96
0.435
1.24
0.735
0.88
0.705
1.21
0.095
-0.22
0.095
-0.55
0.435
-0.79
0.63245
-0.965319
-0.563248
0.0938058
-0.72515
0.326149
-0.422366
0.882299
-0.225243
0.847076
0.366125
0.741415
0.563248
0.706194
0.654709
0.0796055
0.538538
-0.00134572
0.422366
-0.0822966
0.515
-0.9
0.373363
2
0.175
-0.49
0.330151
1.5
0.225
-0.22
0.315317
1.2
0
0.4
0.7
1
-0.265
1.13
0.35
0.5
0.565
1.05
0.362353
0.5
0
-0.115
-0.49
0
0.4
-1.01318
0.195998
-0.404362
1.01387
-0.425
1.35
-0.125
1
-0.165
1.33
0.411422
0.992851
0.405
1.28
0.696699
0.934234
0.695
1.27
0.235
-0.23
0.305
-0.55
0.645
-0.69
0.895
-0.78
-0.538556
0.0520757
-0.717574
0.271543
-0.457659
0.849048
-0.258415
0.828822
0.339313
0.768149
0.538556
0.747924
0.677125
0.129972
0.567391
0.0404626
0.457658
-0.0490464
0.805
-0.72
0.380526
2
0.395
-0.48
0.330151
1.5
0.375
-0.13
0.315317
1.2
0
0.4
0.7
1
-0.305
1.14
0.35
0.5
0.515
1.08
0.362353
0.5
0
-0.035
-0.45
0
0.4
-0.99058
0.104605
-0.458619
0.974631
-0.509765
1.30754
-0.179106
0.986237
-0.248979
1.31128
0.355832
1.02793
0.323303
1.31336
0.645308
0.995513
0.61306
1.32979
0.291399
-0.206107
0.335
-0.37
0.665
-0.54
0.922196
-0.60689
-0.50475
0.00444815
-0.703028
0.20675
-0.496704
0.805612
-0.296412
0.803599
0.304459
0.797563
0.50475
0.795552
0.699005
0.192669
0.597854
0.093529
0.496703
-0.0056102
0.795
-0.58
0.373363
2
0.475
-0.3
0.330151
1.5
0.385
-0.16
0.315317
1.2
0
0.4
0.7
1
-0.355
1.13
0.35
0.5
0.485
1.14
0.362353
0.5
0
-0.035
-0.45
0
0.4
-0.99058
0.104605
-0.458619
0.974631
-0.509765
1.30754
-0.179106
0.986237
-0.248979
1.31128
0.355832
1.02793
0.323303
1.31336
0.645308
0.995513
0.61306
1.32979
0.291399
-0.206107
0.335
-0.37
0.535
-0.5
0.792196
-0.56689
-0.50475
0.00444815
-0.703028
0.20675
-0.496704
0.805612
-0.296412
0.803599
0.304459
0.797563
0.50475
0.795552
0.699005
0.192669
0.597854
0.093529
0.496703
-0.0056102
0.665
-0.54
0.350179
2
0.355
-0.25
0.330151
1.5
0.335
0.16
0.315317
1.2
0
0.4
0.7
1
-0.375
1.13
0.35
0.5
0.475
1.15
0.362353
0.5
0
-0.035
-0.45
0
0.4
-0.99058
0.104605
-0.458619
0.974631
-0.509765
1.30754
-0.179106
0.986237
-0.248979
1.31128
0.355832
1.02793
0.323303
1.31336
0.645308
0.995513
0.61306
1.32979
0.291399
-0.206107
0.335
-0.37
0.475
-0.54
0.695
-0.68
-0.50475
0.00444815
-0.703028
0.20675
-0.496704
0.805612
-0.296412
0.803599
0.304459
0.797563
0.50475
0.795552
0.699005
0.192669
0.597854
0.093529
0.496703
-0.0056102
0.645
-0.6
0.350179
2
0.345
-0.2
0.330151
1.5
0.455
0.1
0.315317
1.2
0
0.4
0.7
1
-0.395
1.14
0.35
0.5
0.505
1.16
0.362353
0.5
0
-0.035
-0.45
0
0.4
-0.99058
0.104605
-0.458619
0.974631
-0.509765
1.30754
-0.179106
0.986237
-0.248979
1.31128
0.355832
1.02793
0.323303
1.31336
0.645308
0.995513
0.61306
1.32979
0.291399
-0.206107
0.335
-0.37
0.495
-0.69
0.715
-0.83
-0.50475
0.00444815
-0.703028
0.20675
-0.496704
0.805612
-0.296412
0.803599
0.304459
0.797563
0.50475
0.795552
0.699005
0.192669
0.597854
0.093529
0.496703
-0.0056102
0.595
-0.78
0.396232
2
0.375
-0.3
0.330151
1.5
0.435
0.18
0.315317
1.2
0
0.4
0.7
1
-0.385
1.12
0.35
0.5
0.465
1.14
0.362353
0.5
0
-0.035
-0.45
0
0.4
-0.99058
0.104605
-0.458619
0.974631
-0.509765
1.30754
-0.179106
0.986237
-0.248979
1.31128
0.355832
1.02793
0.323303
1.31336
0.645308
0.995513
0.61306
1.32979
0.365
-0.19
0.385
-0.53
0.485
-0.83
0.665
-1.03
-0.50475
0.00444815
-0.703028
0.20675
-0.496704
0.805612
-0.296412
0.803599
0.304459
0.797563
0.50475
0.795552
0.699005
0.192669
0.597854
0.093529
0.496703
-0.0056102
0.555
-0.93
0.38833
2
0.405
-0.36
0.330151
1.5
0.495
0.11
0.315317
1.2
0
0.4
0.7
1
-0.395
1.11
0.35
0.5
0.495
1.15
0.362353
0.5
0
-0.035
-0.45
0
0.4
-0.99058
0.104605
-0.458619
0.974631
-0.509765
1.30754
-0.179106
0.986237
-0.248979
1.31128
0.355832
1.02793
0.323303
1.31336
0.645308
0.995513
0.61306
1.32979
0.475
-0.25
0.385
-0.53
0.475
-1.01
0.695
-1.2
-0.50475
0.00444815
-0.703028
0.20675
-0.496704
0.805612
-0.296412
0.803599
0.304459
0.797563
0.50475
0.795552
0.699005
0.192669
0.597854
0.093529
0.496703
-0.0056102
0.585
-1.16
0.431045
2
0.415
-0.59
0.330151
1.5
0.485
-0.06
0.315317
1.2
0
0.4
0.7
1
-0.375
1.13
0.35
0.5
0.485
1.15
0.362353
0.5
0
-0.035
-0.45
0
0.4
-0.99058
0.104605
-0.458619
0.974631
-0.509765
1.30754
-0.179106
0.986237
-0.248979
1.31128
0.355832
1.02793
0.323303
1.31336
0.645308
0.995513
0.61306
1.32979
0.525
-0.24
0.375
-0.74
0.425
-1.13
0.645
-1.32
-0.50475
0.00444815
-0.703028
0.20675
-0.496704
0.805612
-0.296412
0.803599
0.304459
0.797563
0.50475
0.795552
0.699005
0.192669
0.597854
0.093529
0.496703
-0.0056102
0.515
-1.21
0.46
2
0.465
-0.58
0.330151
1.5
0.545
-0.05
0.315317
1.2
0
0.4
0.7
1
-0.365
1.11
0.35
0.5
0.515
1.15
0.362353
0.5
0
-0.035
-0.45
0
0.4
-0.99058
0.104605
-0.458619
0.974631
-0.509765
1.30754
-0.179106
0.986237
-0.248979
1.31128
0.355832
1.02793
0.323303
1.31336
0.645308
0.995513
0.61306
1.32979
0.525
-0.24
0.335
-0.83
0.405
-1.25
0.663087
-1.40294
-0.50475
0.00444815
-0.703028
0.20675
-0.496704
0.805612
-0.296412
0.803599
0.304459
0.797563
0.50475
0.795552
0.699005
0.192669
0.597854
0.093529
0.496703
-0.0056102
0.545
-1.33
0.406079
2
0.385
-0.71
0.330151
1.5
0.565
-0.14
0.315317
1.2
0
0.4
0.7
1
-0.385
1.15
0.35
0.5
0.475
1.18
0.362353
0.5
0
-0.035
-0.45
0
0.4
-0.99058
0.104605
-0.458619
0.974631
-0.509765
1.30754
-0.179106
0.986237
-0.248979
1.31128
0.355832
1.02793
0.323303
1.31336
0.645308
0.995513
0.61306
1.32979
0.525
-0.24
0.375
-0.89
0.485
-1.36
0.772348
-1.4462
-0.50475
0.00444815
-0.703028
0.20675
-0.496704
0.805612
-0.296412
0.803599
0.304459
0.797563
0.50475
0.795552
0.699005
0.192669
0.597854
0.093529
0.496703
-0.0056102
0.625
-1.36
0.383275
2
0.475
-0.79
0.317805
1.5
0.585
-0.16
0.315317
1.2
0
0.4
0.7
1
-0.345
1.15
0.35
0.5
0.515
1.17
0.362353
0.5
0
-0.025
-0.44
0
0.4
-0.986854
0.091518
-0.465
1.01
-0.545
1.41
-0.186852
0.983976
-0.265
1.31
0.347625
1.03272
0.285
1.43
0.637575
1.0041
0.600921
1.33801
0.465
-0.29
0.435
-0.86
0.615
-1.47
0.90353
-1.55244
-0.499626
-0.00226045
-0.7006
0.197465
-0.502124
0.799141
-0.301773
0.799763
0.299276
0.801636
0.499626
0.80226
0.701849
0.201835
0.601986
0.101348
0.502123
0.000861257
0.735
-1.52
0.403113
2
0.525
-0.84
0.406079
1.5
0.545
-0.17
0.315317
1.2
0
0.4
0.7
1
-0.355
1.19
0.35
0.5
0.435
1.2
0.362353
0.5
0
-0.025
-0.44
0
0.4
-0.986854
0.091518
-0.465
1.01
-0.545
1.41
-0.186852
0.983976
-0.265
1.37
0.347625
1.03272
0.285
1.43
0.637575
1.0041
0.625
1.42
0.465
-0.29
0.585
-1.01
0.825
-1.43
1.10961
-1.52487
-0.499626
-0.00226045
-0.7006
0.197465
-0.502124
0.799141
-0.301773
0.799763
0.299276
0.801636
0.499626
0.80226
0.701849
0.201835
0.601986
0.101348
0.502123
0.000861257
0.935
-1.45
0.471699
2
0.605
-0.79
0.404599
1.5
0.575
-0.14
0.315317
1.2
0
0.4
0.7
1
-0.405
1.2
0.35
0.5
0.505
1.26
0.362353
0.5
0
-0.025
-0.44
0
0.4
-0.995
0.12
-0.485
1.06
-0.595
1.53
-0.186852
0.983976
-0.265
1.46
0.347625
1.03272
0.285
1.43
0.637575
1.0041
0.64477
1.50405
0.555
-0.32
0.705
-1.01
0.985
-1.36
1.27715
-1.42817
-0.499626
-0.00226045
-0.7006
0.197465
-0.502124
0.799141
-0.301773
0.799763
0.299276
0.801636
0.499626
0.80226
0.701849
0.201835
0.601986
0.101348
0.502123
0.000861257
1.095
-1.39
0.506952
2
0.695
-0.7
0.330151
1.5
0.665
-0.17
0.315317
1.2
0
0.4
0.7
1
-0.395
1.26
0.35
0.5
0.505
1.26
0.362353
0.5
0
0
-1
0
0.4
-0.966073
-0.0424973
-0.5
1.1
-0.6
1.6
-0.26804
1.09829
-0.295
1.5
0.350581
1.09571
0.325
1.55
0.630779
1.06999
0.681664
1.56739
0.7
-0.3
0.825
-1.01
1.1
-1.3
1.345
-1.33
-0.5
0
-0.7
0.2
-0.5
0.8
-0.3
0.8
0.3
0.8
0.5
0.8
0.7
0.2
0.6
0.1
0.5
0
1.2
-1.35
0.350179
2
0.835
-0.87
0.330151
1.5
0.7
-0.3
0.315317
1.2
0
0.4
0.7
1
-0.465
1.31
0.35
0.5
0.505
1.27
0.362353
0.5
0
