45
10
15
9
6
0
-1
0
0.4
-0.966073
-0.0424973
-0.5
1.1
-0.6
1.6
-0.26804
1.09829
-0.295
1.5
0.350581
1.09571
0.325
1.55
0.630779
1.06999
0.713828
1.56304
0.7
-0.3
0.825
-1.01
1.1
-1.3
1.345
-1.33
-0.5
0
-0.7
0.2
-0.5
0.8
-0.3
0.8
0.3
0.8
0.5
0.8
0.7
0.2
0.6
0.1
0.5
0
1.2
-1.35
0.350179
2
0.835
-0.87
0.330151
1.5
0.7
-0.3
0.315317
1.2
0
0.4
0.7
1
-0.465
1.31
0.35
0.5
0.505
1.27
0.362353
0.5
0
-0.0619247
-0.598081
0
0.4
-0.999204
0.0378917
-0.441185
1.13867
-0.499987
1.64527
-0.210097
1.118
-0.204126
1.52065
0.406359
1.06485
0.418004
1.51979
0.68357
1.0163
0.797017
1.51917
0.640554
-0.355026
0.707105
-1.073
0.957525
-1.38457
1.1993
-1.43451
-0.531128
0.0421459
-0.714143
0.257868
-0.465715
0.83962
-0.266346
0.823267
0.331759
0.774207
0.531128
0.757854
0.681437
0.143395
0.573576
0.0518878
0.465715
-0.0396199
1.05312
-1.44259
0.350179
2
0.728521
-0.934265
0.330151
1.5
0.640554
-0.355026
0.315317
1.2
0
0.4
0.7
1
-0.389125
1.34515
0.35
0.5
0.574542
1.22596
0.362353
0.5
0
-0.109907
-0.593942
0
0.4
-1.01756
0.0929329
-0.375
1.04
-0.465
1.45
-0.125
0.98
-0.155
1.39
0.425
0.93
0.452735
1.42923
0.675
0.86
0.720958
1.35788
0.598446
-0.388919
0.62572
-1.10952
0.858783
-1.43431
1.09749
-1.49738
-0.549908
0.0716362
-0.720893
0.297042
-0.441066
0.864416
-0.242871
0.837205
0.351713
0.755574
0.549908
0.728364
0.666472
0.106569
0.553769
0.0210763
0.441066
-0.0644159
0.951078
-1.49747
0.350179
2
0.654678
-0.972141
0.330151
1.5
0.598446
-0.388919
0.315317
1.2
0
0.4
0.7
1
-0.336996
1.36505
0.35
0.5
0.618808
1.19344
0.362353
0.5
0
-0.189568
-0.581867
0
0.4
-1.015
0.21
-0.318084
1.07019
-0.345
1.36
-0.0742084
0.988718
-0.085
1.27
0.469433
0.891172
0.465
1.24
0.71244
0.799734
0.765
1.18
0.255
-0.51
0.295
-1.13
0.675
-1.39
0.905
-1.41
-0.576384
0.120563
-0.72718
0.359979
-0.399145
0.900986
-0.204039
0.856677
0.381279
0.723747
0.576384
0.679437
0.638561
0.0498094
0.518852
-0.0255885
0.399145
-0.100986
0.785
-1.39
0.350179
2
0.405
-0.96
0.330151
1.5
0.355
-0.4
0.315317
1.2
0
0.4
0.7
1
-0.252011
1.39075
0.35
0.5
0.685391
1.13683
0.362353
0.5
0
-0.242536
-0.570143
0
0.4
-1.025
0.3
-0.294582
1.02538
-0.275224
1.21469
-0.0587792
0.933632
-0.0294326
1.12244
0.48571
0.80662
0.506053
1.01591
0.735242
0.756378
0.784771
0.982121
0.200037
-0.523804
0.202807
-1.14519
0.566603
-1.42755
0.79503
-1.4613
-0.592197
0.155568
-0.728396
0.403634
-0.368464
0.924097
-0.176332
0.868164
0.400064
0.700365
0.592196
0.644431
0.61653
0.012102
0.492497
-0.0559974
0.368464
-0.124097
0.575
-1.43
0.350179
2
0.265
-0.92
0.330151
1.5
0.415
-0.33
0.315317
1.2
0
0.4
0.7
1
-0.165
1.06
0.35
0.5
0.665
0.87
0.362353
0.5
0
-0.338199
-0.541075
0
0.4
-1.02988
0.415507
-0.222666
1.05454
-0.182209
1.24051
0.00139729
0.936928
0.0517265
1.12129
0.52829
0.749668
0.571966
0.955382
0.770651
0.671767
0.845177
0.890566
-0.155
-0.58
-0.145
-1.02
0.305
-1.18
0.505
-1.09
-0.61594
0.223455
-0.723494
0.485256
-0.307446
0.962164
-0.122768
0.88504
0.431263
0.653669
0.61594
0.576545
0.569247
-0.0546099
0.438346
-0.108387
0.307446
-0.162163
0.435
-1.12
0.350179
2
-0.015
-0.81
0.330151
1.5
0.225
-0.32
0.315317
1.2
0
0.4
0.7
1
-0.085
1.06
0.35
0.5
0.655
0.8
0.362353
0.5
0
-0.405
-0.49
0
0.4
-1.02415
0.510344
-0.205
1.02
-0.155
1.18
0.025
0.91
0.075
1.07
0.495
0.65
0.525
0.86
0.745
0.55
0.805
0.76
-0.244656
-0.561616
-0.275243
-1.0007
0.15813
-1.20149
0.365587
-1.1303
-0.629631
0.280951
-0.71261
0.551567
-0.254357
0.988142
-0.0775593
0.894323
0.452833
0.612868
0.629631
0.519048
0.524973
-0.105163
0.389665
-0.146652
0.254357
-0.188141
0.235
-1.18
0.350179
2
-0.105
-0.73
0.330151
1.5
0.215
-0.29
0.315317
1.2
0
0.4
0.7
1
-0.075
1.04
0.35
0.5
0.655
0.72
0.362353
0.5
0
-0.405
-0.49
0
0.4
-1.02415
0.510344
-0.205
1.02
-0.155
1.18
0.135
0.99
0.142575
1.48994
0.495
0.65
0.525
0.86
0.825
0.72
0.865
1.19
-0.244656
-0.561616
-0.275243
-1.0007
0.15813
-1.20149
0.365587
-1.1303
-0.629631
0.280951
-0.71261
0.551567
-0.254357
0.988142
-0.0775593
0.894323
0.452833
0.612868
0.629631
0.519048
0.524973
-0.105163
0.389665
-0.146652
0.254357
-0.188141
0.235
-1.24
0.350179
2
-0.145
-0.85
0.330151
1.5
0.155
-0.36
0.315317
1.2
0
0.4
0.7
1
-0.025
1.16
0.35
0.5
0.695
0.83
0.362353
0.5
1
0.375
1.07
0.700071
0
1
0.9
0.3
0.7
0
-0.295
-0.53
0
0.4
-1.02991
0.376509
-0.28375
0.988215
-0.254932
1.15337
0.005
0.92
0.065
1.26
0.458419
0.712151
0.460915
0.92429
0.715
0.63
0.815
1.05
-0.117814
-0.585332
-0.0911622
-1.02471
0.364649
-1.16759
0.561133
-1.07007
-0.60892
0.200233
-0.726326
0.457819
-0.32856
0.950218
-0.141064
0.880127
0.421424
0.669857
0.60892
0.599766
0.586146
-0.0328109
0.457353
-0.0915139
0.32856
-0.150217
0.435
-1.14
0.350179
2
-0.025
-0.82
0.330151
1.5
0.255
-0.33
0.315317
1.2
0
0.4
0.7
1
-0.095
1.09
0.35
0.5
0.645
0.83
0.362353
0.5
1
0.284915
1.11307
0.704324
0
1
0.9
0.3
0.7
0
-0.235
-0.56
0
0.4
-1.0245
0.290984
-0.331688
0.962654
-0.307362
1.37794
-0.0382382
0.918669
-0.0316043
1.07979
0.430933
0.749206
0.441796
1.17949
0.693481
0.688657
0.707587
0.880512
-0.0355197
-0.591814
0.0275635
-1.0275
0.493719
-1.13201
0.681436
-1.01849
-0.59027
0.150292
-0.728691
0.397254
-0.373189
0.92106
-0.180497
0.866789
0.397578
0.703978
0.59027
0.649707
0.620151
0.0173627
0.49667
-0.0518482
0.373189
-0.121059
0.515
-1.06
0.350179
2
0.165
-0.68
0.330151
1.5
0.355
-0.09
0.315317
1.2
0
0.4
0.7
1
-0.195
1.07
0.35
0.5
0.545
0.88
0.362353
0.5
1
0.224688
1.13436
0.700071
0
1
0.9
0.3
0.7
0
-0.035
-0.56
0
0.4
-0.974536
0.0651313
-0.435
1.03
-0.436997
1.36862
-0.153005
0.897159
-0.156145
1.14764
0.325
0.96
0.304432
1.30003
0.611724
0.83616
0.610274
1.12978
0.186658
-0.57492
0.345372
-0.985633
0.823181
-0.983521
0.980872
-0.830954
-0.519786
0.024842
-0.709844
0.23474
-0.480108
0.824757
-0.280129
0.814837
0.319807
0.785078
0.519786
0.775157
0.690006
0.165303
0.585056
0.0702732
0.480107
-0.0247561
0.865
-0.95
0.350179
2
0.405
-0.78
0.330151
1.5
0.465
-0.18
0.315317
1.2
0
0.4
0.7
1
-0.325
1.13
0.35
0.5
0.505
1.1
0.362353
0.5
1
0.0552198
1.16611
0.700071
0
1
0.9
0.3
0.7
0
-0.035
-0.56
0
0.4
-0.974536
0.0651313
-0.455
0.92
-0.465
1.11
-0.125
1
-0.174752
1.49752
0.315
0.9
0.325
1.11
0.615
0.93
0.651488
1.42867
0.186658
-0.57492
0.345372
-0.985633
0.823181
-0.983521
0.980872
-0.830954
-0.519786
0.024842
-0.709844
0.23474
-0.480108
0.824757
-0.280129
0.814837
0.319807
0.785078
0.519786
0.775157
0.690006
0.165303
0.585056
0.0702732
0.480107
-0.0247561
0.835
-0.95
0.350179
2
0.315
-0.69
0.330151
1.5
0.455
-0.15
0.315317
1.2
0
0.4
0.7
1
-0.295
1.22
0.35
0.5
0.515
1.14
0.362353
0.5
1
0.0552198
1.16611
0.700071
0
1
0.9
0.3
0.7
0
0.065
-0.53
0
0.4
-0.929748
-0.0447337
-0.511838
0.864338
-0.543615
1.05196
-0.193166
0.981756
-0.235
1.38
0.255488
0.932982
0.241283
1.14278
0.550102
0.997275
0.555
1.37
0.297524
-0.547166
0.502427
-0.936983
0.976907
-0.879958
1.11604
-0.710249
-0.473303
-0.032487
-0.686263
0.154208
-0.525835
0.766824
-0.326007
0.779956
0.273475
0.819354
0.473303
0.832486
0.712529
0.246138
0.619181
0.139658
0.525834
0.0331775
0.975
-0.85
0.350179
2
0.495
-0.63
0.330151
1.5
0.515
-0.07
0.315317
1.2
0
0.4
0.7
1
-0.365
1.16
0.35
0.5
0.445
1.12
0.362353
0.5
0
0.165
-0.57
0
0.4
-0.905
-0.15
-0.562323
0.801924
-0.61565
0.98463
-0.259363
0.955529
-0.315
1.26
0.191996
0.959107
0.153554
1.16587
0.477217
1.05714
0.465
1.33
0.405414
-0.506432
0.645
-0.83
1.025
-0.69
1.14354
-0.505271
-0.420033
-0.0845334
-0.653245
0.0762359
-0.564919
0.703429
-0.367928
0.739649
0.223043
0.848312
0.420033
0.884532
0.725687
0.329784
0.645303
0.213178
0.564918
0.0965725
1.045
-0.54
0.350179
2
0.585
-0.41
0.330151
1.5
0.535
0.03
0.315317
1.2
0
0.4
0.7
1
-0.455
1.13
0.35
0.5
0.325
1.15
0.362353
0.5
0
0.225
-0.54
0
0.4
-0.861472
-0.216112
-0.590825
0.758836
-0.657655
0.937064
-0.325
0.9
-0.34431
1.13267
0.149715
0.971937
0.0959331
1.17527
0.426842
1.09101
0.395
1.3
0.495
-0.41
0.735
-0.61
1.10365
-0.610492
1.285
-0.49
-0.382706
-0.114598
-0.627296
0.0283175
-0.586056
0.660412
-0.392303
0.711249
0.188954
0.86376
0.382706
0.914597
0.72897
0.384178
0.657513
0.261883
0.586055
0.139589
1.125
-0.53
0.350179
2
0.635
-0.45
0.330151
1.5
0.535
0.11
0.315317
1.2
0
0.4
0.7
1
-0.485
0.93
0.35
0.5
0.275
1.13
0.362353
0.5
0
0.33256
-0.543082
0
0.4
-0.784404
-0.311818
-0.628477
0.688024
-0.715509
0.857332
-0.380764
0.859045
-0.445
1
0.0824764
0.985493
0.005
1.13
0.345
1.06
0.305
1.21
0.425
-0.37
0.645
-0.51
1.055
-0.43
1.145
-0.24
-0.320566
-0.15552
-0.58009
-0.0418821
-0.61234
0.590805
-0.425758
0.663748
0.133985
0.882577
0.320567
0.95552
0.725977
0.46872
0.669158
0.338958
0.612338
0.209196
1.105
-0.33
0.350179
2
0.655
-0.39
0.330151
1.5
0.545
0.04
0.315317
1.2
0
0.4
0.7
1
-0.575
0.87
0.35
0.5
0.185
1.11
0.362353
0.5
0
0.435
-0.48
0
0.4
-0.674421
-0.417042
-0.655
0.56
-0.715
0.67
-0.455
0.67
-0.495
0.8
0.035
0.92
-0.055
1.06
0.235
1.04
0.195
1.16
0.531066
-0.301276
0.768905
-0.408322
1.16328
-0.270363
1.22513
-0.0693872
-0.237688
-0.195841
-0.510871
-0.120555
-0.633484
0.501097
-0.459249
0.600046
0.0634536
0.896892
0.237689
0.995841
0.708769
0.572087
0.671126
0.435495
0.633483
0.298903
1.175
-0.16
0.350179
2
0.725
-0.28
0.330151
1.5
0.585
0.14
0.315317
1.2
0
0.4
0.7
1
-0.605
0.65
0.35
0.5
0.115
0.97
0.362353
0.5
0
0.43128
-0.502218
0
0.4
-0.690685
-0.403732
-0.651881
0.573006
-0.709704
0.684206
-0.449682
0.679048
-0.487107
0.809852
0.0453179
0.91935
-0.0419126
1.06115
0.247715
1.03539
0.210092
1.1562
0.5172
-0.311869
0.752935
-0.423641
1.10942
-0.412382
1.25281
-0.245145
-0.249527
-0.191176
-0.52124
-0.110465
-0.631532
0.513672
-0.45532
0.609172
0.0733155
0.895675
0.249528
0.991176
0.712242
0.558042
0.671887
0.422185
0.63153
0.286329
1.195
-0.34
0.350179
2
0.705
-0.33
0.330151
1.5
0.615
0.06
0.315317
1.2
0
0.4
0.7
1
-0.555
0.68
0.35
0.5
0.125
0.97
0.362353
0.5
0
0.385
-0.52
0
0.4
-0.734071
-0.364384
-0.641359
0.608767
-0.692953
0.722997
-0.4336
0.703481
-0.463743
0.83616
0.073945
0.916079
-0.00532228
1.06249
0.282454
1.02077
0.251562
1.14347
0.595
-0.3
0.835
-0.47
1.055
-0.55
1.275
-0.44
-0.281821
-0.176516
-0.548673
-0.0809124
-0.624318
0.548396
-0.44309
0.63402
0.100593
0.890892
0.281822
0.976517
0.719922
0.518457
0.67212
0.385031
0.624317
0.251605
1.185
-0.47
0.350179
2
0.715
-0.35
0.330151
1.5
0.625
0.1
0.315317
1.2
0
0.4
0.7
1
-0.585
0.77
0.35
0.5
0.155
1.03
0.362353
0.5
0
0.335
-0.51
0
0.4
-0.770735
-0.327508
-0.630391
0.639992
-0.705
0.78
-0.418222
0.724407
-0.441821
0.858414
0.0991774
0.911867
0.027182
1.062
0.312586
1.00621
0.287747
1.13029
0.685
-0.28
0.791376
-0.509974
0.995
-0.69
1.255
-0.69
-0.309783
-0.162038
-0.571642
-0.053452
-0.616331
0.578854
-0.431108
0.65549
0.12456
0.885401
0.309783
0.962039
0.724917
0.483007
0.670623
0.352077
0.61633
0.221147
1.125
-0.69
0.350179
2
0.795
-0.39
0.330151
1.5
0.665
0.13
0.315317
1.2
0
0.4
0.7
1
-0.525
0.65
0.35
0.5
0.195
0.93
0.362353
0.5
0
0.255
-0.51
0
0.4
-0.833505
-0.254808
-0.606132
0.696101
-0.667765
0.842301
-0.387172
0.760968
-0.398545
0.896573
0.145121
0.900832
0.0870064
1.05688
0.366213
0.975474
0.352708
1.10131
0.635
-0.32
0.715
-0.6
0.865
-0.81
1.12396
-0.833539
-0.359422
-0.131735
-0.610399
0.000122458
-0.597663
0.633935
-0.406246
0.693494
0.168005
0.872175
0.359423
0.931736
0.72952
0.417044
0.663591
0.291555
0.597662
0.166066
1.015
-0.81
0.350179
2
0.745
-0.5
0.330151
1.5
0.665
0.06
0.315317
1.2
0.005
0.36
0.7
1
-0.485
0.72
0.35
0.5
0.245
0.87
0.362353
0.5
0
0.215
-0.5
0
0.4
-0.86138
-0.217753
-0.592625
0.72234
-0.647808
0.871101
-0.371029
0.777571
-0.37646
0.913549
0.166893
0.894026
0.115657
1.05247
0.391047
0.95893
0.383058
1.08524
0.635
-0.38
0.745
-0.67
0.815
-0.89
1.07269
-0.924844
-0.382349
-0.115527
-0.627329
0.0271861
-0.586884
0.65986
-0.393037
0.710993
0.188503
0.864394
0.38235
0.915528
0.729597
0.385121
0.65824
0.262631
0.586883
0.140141
0.925
-0.88
0.350179
2
0.705
-0.37
0.330151
1.5
0.585
0.17
0.315317
1.2
0
0.4
0.7
1
-0.515
0.73
0.35
0.5
0.245
0.83
0.362353
0.5
0
0.195
-0.54
0
0.4
-0.886768
-0.180895
-0.578543
0.747099
-0.627402
0.898071
-0.354793
0.792931
-0.35448
0.92903
0.187614
0.886585
0.143108
1.04706
0.414329
0.941974
0.411678
1.06852
0.705
-0.43
0.725
-0.73
0.755
-1.02
1.025
-1.15
-0.403806
-0.0989731
-0.642564
0.0539673
-0.575444
0.684427
-0.379594
0.727336
0.207956
0.856064
0.403807
0.898974
0.728384
0.354333
0.651913
0.234953
0.575442
0.115574
0.865
-1.13
0.350179
2
0.725
-0.62
0.330151
1.5
0.655
-0.05
0.315317
1.2
0
0.4
0.7
1
-0.465
0.72
0.35
0.5
0.285
0.87
0.362353
0.5
0
0.175
-0.57
0
0.4
-0.90723
-0.148553
-0.565683
0.767785
-0.609064
0.920434
-0.340406
0.805514
-0.33518
0.941524
0.205071
0.879534
0.166383
1.04153
0.433656
0.926709
0.435574
1.05327
0.705
-0.48
0.695
-0.88
0.665
-1.14
0.795
-1.34
-0.421587
-0.0841116
-0.654688
0.0773601
-0.564848
0.705037
-0.367561
0.740851
0.2243
0.848297
0.421587
0.884113
0.726319
0.328067
0.645583
0.211515
0.564846
0.0949645
0.685
-1.18
0.350179
2
0.685
-0.6
0.330151
1.5
0.605
-0.06
0.315317
1.2
0
0.4
0.7
1
-0.475
0.76
0.35
0.5
0.275
0.81
0.362353
0.5
0
0.155
-0.54
0
0.4
-0.917331
-0.131573
-0.558754
0.778277
-0.599285
0.931714
-0.332804
0.811803
-0.325044
0.947697
0.21398
0.875648
0.178316
1.03834
0.443413
0.918557
0.44769
1.04507
0.765
-0.53
0.755
-0.93
0.636213
-1.15219
0.555
-1.42
-0.430552
-0.0761907
-0.660613
0.0896032
-0.559088
0.715522
-0.36116
0.747655
0.232624
0.844057
0.430553
0.876192
0.724882
0.314541
0.641984
0.19951
0.559087
0.0844794
0.545
-1.29
0.350179
2
0.725
-0.63
0.330151
1.5
0.725
-0.04
0.315317
1.2
0
0.4
0.7
1
-0.455
0.77
0.35
0.5
0.335
0.83
0.362353
0.5
0
0.155
-0.54
0
0.4
-0.917331
-0.131573
-0.558754
0.778277
-0.599285
0.931714
-0.332804
0.811803
-0.325044
0.947697
0.21398
0.875648
0.178316
1.03834
0.443413
0.918557
0.44769
1.04507
0.805
-0.44
0.695
-0.92
0.555
-1.08
0.392773
-1.33235
-0.430552
-0.0761907
-0.660613
0.0896032
-0.559088
0.715522
-0.36116
0.747655
0.232624
0.844057
0.430553
0.876192
0.724882
0.314541
0.641984
0.19951
0.559087
0.0844794
0.465
-1.21
0.350179
2
0.715
-0.67
0.330151
1.5
0.705
-0.08
0.315317
1.2
0
0.4
0.7
1
-0.455
0.76
0.35
0.5
0.325
0.87
0.362353
0.5
0
0.055
-0.52
0
0.4
-0.969052
-0.0302535
-0.515035
0.835986
-0.538895
0.99289
-0.286783
0.845111
-0.264507
0.979399
0.263722
0.850008
0.245693
1.0156
0.496443
0.868089
0.514251
0.993422
0.710406
-0.521458
0.605
-0.99
0.39326
-1.13102
0.143694
-1.2975
-0.479116
-0.0273424
-0.6901
0.162155
-0.522092
0.773624
-0.32185
0.784368
0.278875
0.816599
0.479117
0.827344
0.711589
0.237362
0.61684
0.131869
0.52209
0.0263769
0.185
-1.23
0.350179
2
0.585
-0.8
0.330151
1.5
0.655
-0.16
0.315317
1.2
0
0.4
0.7
1
-0.385
0.81
0.35
0.5
0.335
0.82
0.362353
0.5
0
0.025
-0.58
0
0.4
-0.986885
0.0122496
-0.495625
0.85798
-0.512644
1.01578
-0.26718
0.857177
-0.239088
0.990377
0.283045
0.838143
0.272229
1.00437
0.516344
0.846093
0.539582
0.97054
0.66972
-0.551509
0.465
-0.94
0.215
-1.08
-0.065
-1.16
-0.497261
-0.00613609
-0.69982
0.192362
-0.505385
0.795982
-0.304856
0.798012
0.296732
0.804105
0.497262
0.806137
0.703884
0.20658
0.604634
0.105299
0.505384
0.00401962
0.055
-1.16
0.350179
2
0.485
-0.73
0.330151
1.5
0.585
-0.16
0.315317
1.2
0
0.4
0.7
1
-0.405
0.78
0.35
0.5
0.375
0.78
0.362353
0.5
0
0.015
-0.55
0
0.4
-0.990959
0.0224863
-0.490889
0.863152
-0.506269
1.02114
-0.262442
0.859975
-0.232964
0.992889
0.28761
0.835222
0.278521
1.00157
0.521003
0.840748
0.545536
0.96496
0.659864
-0.558512
0.355
-0.86
0.125
-0.97
-0.173605
-0.998897
-0.501504
-0.000987858
-0.70201
0.199624
-0.501294
0.801251
-0.300734
0.801198
0.300944
0.801041
0.501505
0.800989
0.701906
0.199257
0.6016
0.0990031
0.501293
-0.00125003
-0.035
-1
0.350179
2
0.485
-0.66
0.330151
1.5
0.625
-0.11
0.315317
1.2
0
0.4
0.7
1
-0.375
0.81
0.35
0.5
0.355
0.82
0.362353
0.5
0
0.015
-0.55
0
0.4
-0.990959
0.0224863
-0.490889
0.863152
-0.506269
1.02114
-0.262442
0.859975
-0.232964
0.992889
0.28761
0.835222
0.278521
1.00157
0.521003
0.840748
0.545536
0.96496
0.575
-0.48
0.265
-0.74
0.025
-0.9
-0.272945
-0.935052
-0.501504
-0.000987858
-0.70201
0.199624
-0.501294
0.801251
-0.300734
0.801198
0.300944
0.801041
0.501505
0.800989
0.701906
0.199257
0.6016
0.0990031
0.501293
-0.00125003
-0.135
-0.96
0.350179
2
0.335
-0.64
0.330151
1.5
0.575
-0.18
0.315317
1.2
0
0.4
0.7
1
-0.335
0.83
0.35
0.5
0.405
0.81
0.362353
0.5
0
0.015
-0.55
0
0.4
-0.990959
0.0224863
-0.490889
0.863152
-0.506269
1.02114
-0.262442
0.859975
-0.232964
0.992889
0.28761
0.835222
0.278521
1.00157
0.521003
0.840748
0.545536
0.96496
0.575
-0.48
0.265
-0.74
-0.045
-0.79
-0.345
-0.79
-0.501504
-0.000987858
-0.70201
0.199624
-0.501294
0.801251
-0.300734
0.801198
0.300944
0.801041
0.501505
0.800989
0.701906
0.199257
0.6016
0.0990031
0.501293
-0.00125003
-0.165
-0.8
0.4219
2
0.405
-0.54
0.330151
1.5
0.585
-0.08
0.315317
1.2
0
0.4
0.7
1
-0.405
0.86
0.35
0.5
0.405
0.86
0.362353
0.5
0
0.015
-0.55
0
0.4
-0.990959
0.0224863
-0.490889
0.863152
-0.506269
1.02114
-0.262442
0.859975
-0.232964
0.992889
0.28761
0.835222
0.278521
1.00157
0.521003
0.840748
0.545536
0.96496
0.605
-0.5
0.265
-0.74
-0.105
-0.7
-0.39807
-0.635891
-0.501504
-0.000987858
-0.70201
0.199624
-0.501294
0.801251
-0.300734
0.801198
0.300944
0.801041
0.501505
0.800989
0.701906
0.199257
0.6016
0.0990031
0.501293
-0.00125003
-0.265
-0.71
0.431393
2
0.345
-0.59
0.330151
1.5
0.565
-0.11
0.315317
1.2
0
0.4
0.7
1
-0.405
0.86
0.35
0.5
0.395
0.79
0.362353
0.5
0
0.015
-0.55
0
0.4
-0.990959
0.0224863
-0.490889
0.863152
-0.506269
1.02114
-0.262442
0.859975
-0.232964
0.992889
0.28761
0.835222
0.278521
1.00157
0.521003
0.840748
0.545536
0.96496
0.605
-0.5
0.265
-0.63
-0.135
-0.55
-0.42807
-0.485891
-0.501504
-0.000987858
-0.70201
0.199624
-0.501294
0.801251
-0.300734
0.801198
0.300944
0.801041
0.501505
0.800989
0.701906
0.199257
0.6016
0.0990031
0.501293
-0.00125003
-0.315
-0.53
0.373631
2
0.215
-0.53
0.330151
1.5
0.565
-0.12
0.315317
1.2
-0.005
0.35
0.7
1
-0.415
0.86
0.35
0.5
0.425
0.85
0.362353
0.5
0
0.015
-0.55
0
0.4
-0.990959
0.0224863
-0.490889
0.863152
-0.506269
1.02114
-0.262442
0.859975
-0.232964
0.992889
0.28761
0.835222
0.278521
1.00157
0.521003
0.840748
0.545536
0.96496
0.605
-0.5
0.265
-0.63
-0.165
-0.46
-0.429706
-0.318824
-0.501504
-0.000987858
-0.70201
0.199624
-0.501294
0.801251
-0.300734
0.801198
0.300944
0.801041
0.501505
0.800989
0.701906
0.199257
0.6016
0.0990031
0.501293
-0.00125003
-0.285
-0.41
0.407185
2
0.345
-0.46
0.330151
1.5
0.585
-0.04
0.315317
1.2
0
0.4
0.7
1
-0.385
0.9
0.35
0.5
0.405
0.84
0.362353
0.5
0
0.015
-0.55
0
0.4
-0.990959
0.0224863
-0.490889
0.863152
-0.506269
1.02114
-0.262442
0.859975
-0.232964
0.992889
0.28761
0.835222
0.278521
1.00157
0.521003
0.840748
0.545536
0.96496
0.605
-0.5
0.265
-0.63
0.005
-0.45
-0.165
-0.26
-0.501504
-0.000987858
-0.70201
0.199624
-0.501294
0.801251
-0.300734
0.801198
0.300944
0.801041
0.501505
0.800989
0.701906
0.199257
0.6016
0.0990031
0.501293
-0.00125003
-0.005
-0.33
0.350179
2
0.445
-0.42
0.330151
1.5
0.585
-0.01
0.315317
1.2
0
0.4
0.7
1
-0.395
0.82
0.35
0.5
0.375
0.79
0.362353
0.5
0
0.015
-0.55
0
0.4
-0.990959
0.0224863
-0.490889
0.863152
-0.506269
1.02114
-0.262442
0.859975
-0.232964
0.992889
0.28761
0.835222
0.278521
1.00157
0.521003
0.840748
0.545536
0.96496
0.705
-0.48
0.355
-0.69
0.125
-0.45
-0.045
-0.26
-0.501504
-0.000987858
-0.70201
0.199624
-0.501294
0.801251
-0.300734
0.801198
0.300944
0.801041
0.501505
0.800989
0.701906
0.199257
0.6016
0.0990031
0.501293
-0.00125003
0.125
-0.42
0.350179
2
0.605
-0.43
0.330151
1.5
0.615
0.01
0.315317
1.2
0
0.4
0.7
1
-0.405
0.86
0.35
0.5
0.385
0.83
0.362353
0.5
0
0.005
-0.54
0
0.4
-0.990917
0.0213632
-0.491521
0.862816
-0.507065
1.02084
-0.262993
0.859868
-0.233638
0.992857
0.287271
0.835658
0.278012
1.00205
0.520737
0.841421
0.545154
0.965701
0.666089
-0.459625
0.356215
-0.690014
0.156077
-0.620191
-0.0141719
-0.430297
-0.501272
-0.00162762
-0.702048
0.198851
-0.501867
0.800884
-0.301239
0.801033
0.300644
0.801479
0.501273
0.801629
0.702347
0.199893
0.602107
0.0995048
0.501866
-0.000883222
0.135
-0.52
0.413401
2
0.545
-0.29
0.330151
1.5
0.605
0.02
0.315317
1.2
0
0.4
0.7
1
-0.395
0.87
0.35
0.5
0.425
0.83
0.362353
0.5
0
0.005
-0.54
0
0.4
-0.990917
0.0213632
-0.491521
0.862816
-0.507065
1.02084
-0.262993
0.859868
-0.233638
0.992857
0.287271
0.835658
0.278012
1.00205
0.520737
0.841421
0.545154
0.965701
0.666089
-0.459625
0.356215
-0.690014
0.125
-0.76
-0.161905
-0.847666
-0.501272
-0.00162762
-0.702048
0.198851
-0.501867
0.800884
-0.301239
0.801033
0.300644
0.801479
0.501273
0.801629
0.702347
0.199893
0.602107
0.0995048
0.501866
-0.000883222
-0.015
-0.81
0.420119
2
0.465
-0.52
0.330151
1.5
0.545
-0.07
0.315317
1.2
0
0.4
0.7
1
-0.385
0.83
0.35
0.5
0.375
0.8
0.362353
0.5
0
0.005
-0.54
0
0.4
-0.990917
0.0213632
-0.491521
0.862816
-0.507065
1.02084
-0.262993
0.859868
-0.233638
0.992857
0.287271
0.835658
0.278012
1.00205
0.520737
0.841421
0.545154
0.965701
0.666089
-0.459625
0.356215
-0.690014
0.095
-1.07
-0.115
-1.23
-0.501272
-0.00162762
-0.702048
0.198851
-0.501867
0.800884
-0.301239
0.801033
0.300644
0.801479
0.501273
0.801629
0.702347
0.199893
0.602107
0.0995048
0.501866
-0.000883222
0.005
-1.11
0.4219
2
0.435
-0.63
0.330151
1.5
0.575
-0.08
0.315317
1.2
0
0.4
0.7
1
-0.415
0.87
0.35
0.5
0.415
0.86
0.362353
0.5
0
0.005
-0.54
0
0.4
-0.990917
0.0213632
-0.491521
0.862816
-0.507065
1.02084
-0.262993
0.859868
-0.233638
0.992857
0.287271
0.835658
0.278012
1.00205
0.520737
0.841421
0.545154
0.965701
0.595
-0.43
0.356215
-0.690014
0.185
-1.29
0.105
-1.5
-0.501272
-0.00162762
-0.702048
0.198851
-0.501867
0.800884
-0.301239
0.801033
0.300644
0.801479
0.501273
0.801629
0.702347
0.199893
0.602107
0.0995048
0.501866
-0.000883222
0.125
-1.42
0.424853
2
0.375
-0.73
0.330151
1.5
0.565
-0.13
0.315317
1.2
0
0.4
0.7
1
-0.425
0.85
0.35
0.5
0.395
0.79
0.362353
0.5
0
0.005
-0.54
0
0.4
-0.990917
0.0213632
-0.491521
0.862816
-0.507065
1.02084
-0.262993
0.859868
-0.233638
0.992857
0.287271
0.835658
0.278012
1.00205
0.520737
0.841421
0.545154
0.965701
0.535
-0.37
0.405
-0.89
0.445
-1.43
0.445
-1.73
-0.501272
-0.00162762
-0.702048
0.198851
-0.501867
0.800884
-0.301239
0.801033
0.300644
0.801479
0.501273
0.801629
0.702347
0.199893
0.602107
0.0995048
0.501866
-0.000883222
0.455
-1.63
0.392046
2
0.415
-0.92
0.35
1.5
0.525
-0.25
0.376431
1.2
0
0.4
0.7
1
-0.355
0.85
0.35
0.5
0.355
0.82
0.362353
0.5
0
0.005
-0.54
0
0.4
-0.990917
0.0213632
-0.491521
0.862816
-0.515
1.13
-0.262993
0.859868
-0.225
1.13
0.287271
0.835658
0.295
1.17
0.520737
0.841421
0.575
1.11
0.535
-0.37
0.535
-1.11
0.645
-1.52
0.798162
-1.77796
-0.501272
-0.00162762
-0.702048
0.198851
-0.501867
0.800884
-0.301239
0.801033
0.300644
0.801479
0.501273
0.801629
0.702347
0.199893
0.602107
0.0995048
0.501866
-0.000883222
0.715
-1.72
0.42638
2
0.595
-0.92
0.389102
1.5
0.605
-0.22
0.315317
1.2
0
0.4
0.7
1
-0.355
0.97
0.35
0.5
0.415
0.94
0.362353
0.5
0
0.005
-0.54
0
0.4
-0.990917
0.0213632
-0.491521
0.862816
-0.525
1.3
-0.262993
0.859868
-0.195
1.3
0.275
0.93
0.315
1.34
0.520737
0.841421
0.605
1.26
0.535
-0.37
0.615
-1.06
0.825
-1.48
1.06798
-1.65595
-0.501272
-0.00162762
-0.702048
0.198851
-0.501867
0.800884
-0.301239
0.801033
0.300644
0.801479
0.501273
0.801629
0.702347
0.199893
0.602107
0.0995048
0.501866
-0.000883222
0.985
-1.64
0.430116
2
0.635
-0.98
0.362491
1.5
0.595
-0.3
0.361248
1.2
0
0.4
0.7
1
-0.355
1.09
0.35
0.5
0.435
1.12
0.362353
0.5
0
0.005
-0.54
0
0.4
-0.990455
-0.0166047
-0.465
0.98
-0.578615
1.46692
-0.235
0.97
-0.275
1.46
0.295
0.95
0.304802
1.4499
0.565
0.93
0.651893
1.42239
0.675
-0.64
0.795
-1.07
0.995
-1.45
1.265
-1.51
-0.501272
-0.00162762
-0.702048
0.198851
-0.501867
0.800884
-0.301239
0.801033
0.300644
0.801479
0.501273
0.801629
0.702347
0.199893
0.602107
0.0995048
0.501866
-0.000883222
1.125
-1.49
0.441022
2
0.775
-0.87
0.330151
1.5
0.655
-0.22
0.372156
1.2
0
0.4
0.7
1
-0.405
1.22
0.35
0.5
0.435
1.19
0.362353
0.5
0
0
-1
0
0.4
-0.966073
-0.0424973
-0.5
1.1
-0.6
1.6
-0.26804
1.09829
-0.295
1.5
0.350581
1.09571
0.325
1.55
0.630779
1.06999
0.695
1.55
0.7
-0.3
0.825
-1.01
1.1
-1.3
1.345
-1.33
-0.5
0
-0.7
0.2
-0.5
0.8
-0.3
0.8
0.3
0.8
0.5
0.8
0.7
0.2
0.6
0.1
0.5
0
1.2
-1.35
0.350179
2
0.835
-0.87
0.330151
1.5
0.7
-0.3
0.315317
1.2
0
0.4
0.7
1
-0.465
1.31
0.35
0.5
0.505
1.27
0.362353
0.5
0
