30
10
15
9
6
0.170868
-0.567118
0.095
0.43
-0.910339
0.0141793
-0.473667
1.0756
-0.565164
1.56715
-0.238348
1.0974
-0.275
1.49
0.372028
1.16205
0.295
1.53
0.620761
1.18748
0.605
1.59
3.695
-2.48
3.075
1.22
1.665
-0.9
1.61889
-1.19643
-0.361782
-0.0188305
-0.581112
0.159814
-0.443153
0.777117
-0.244166
0.79746
0.352795
0.858488
0.551782
0.87883
0.811797
0.302212
0.722475
0.192548
0.633153
0.0828829
1.655
-1.05
0.404599
2
2.365
-0.54
0.481664
1.5
1.065
-0.13
0.403113
1.2
0.095
0.43
0.7
1
-0.468119
1.26718
0.308707
0.5
0.48012
1.33396
0.299666
0.5
0
0.170868
-0.567118
0.095
0.43
-0.897315
-0.0122779
-0.473667
1.0756
-0.565164
1.56715
-0.238348
1.0974
-0.275
1.49
0.372028
1.16205
0.295
1.53
0.620761
1.18748
0.605
1.59
3.745
-1.59
3.005
1.56
1.775
-0.47
1.63717
-0.736465
-0.361782
-0.0188305
-0.581112
0.159814
-0.443153
0.777117
-0.244166
0.79746
0.352795
0.858488
0.551782
0.87883
0.811797
0.302212
0.722475
0.192548
0.633153
0.0828829
1.755
-0.53
0.404599
2
2.405
-0.07
0.481664
1.5
1.115
-0.02
0.403113
1.2
0.095
0.43
0.7
1
-0.468119
1.26718
0.308707
0.5
0.48012
1.33396
0.299666
0.5
0
0.315
-0.47
0.125
0.48
-0.802454
-0.0871658
-0.476112
1.04938
-0.578096
1.53887
-0.241268
1.09684
-0.265
1.53
0.355
1.18
0.295
1.54
0.625
1.24
0.605
1.57
4.095
-1.02
2.835
1.74
1.925
-0.02
1.80077
-0.29307
-0.265965
-0.0272985
-0.507754
0.119599
-0.455747
0.750071
-0.261405
0.797517
0.321622
0.939853
0.515965
0.987298
0.852644
0.451716
0.779195
0.330823
0.705747
0.209929
1.875
-0.1
0.404599
2
2.505
0.24
0.481664
1.5
1.16277
0.0582609
0.403113
1.2
0.125
0.48
0.7
1
-0.385
1.25
0.308707
0.5
0.455
1.36
0.299666
0.5
0
0.315
-0.47
0.125
0.48
-0.775
-0.11
-0.476112
1.04938
-0.578096
1.53887
-0.241268
1.09684
-0.265
1.53
0.355
1.18
0.295
1.54
0.625
1.24
0.615
1.59
3.995
-0.49
2.655
2.09
1.815
0.23
1.67741
-0.0365862
-0.265965
-0.0272985
-0.507754
0.119599
-0.455747
0.750071
-0.261405
0.797517
0.321622
0.939853
0.515965
0.987298
0.852644
0.451716
0.779195
0.330823
0.705747
0.209929
1.765
0.17
0.404599
2
2.355
0.55
0.481664
1.5
1.16277
0.0582609
0.403113
1.2
0.125
0.48
0.7
1
-0.385
1.24
0.308707
0.5
0.475
1.34
0.299666
0.5
0
0.615
-0.25
0.245
0.64
-0.487747
-0.152776
-0.422903
1.07523
-0.581436
1.54943
-0.211661
1.16638
-0.275
1.53
0.325
1.24
0.295
1.55
0.585
1.33
0.605
1.59
3.065
0.34
2.865
2.07
1.745
0.96
1.58277
0.707646
-0.0271725
0.0601001
-0.29504
0.151303
-0.380501
0.778239
-0.200967
0.866571
0.337637
1.13157
0.517172
1.2199
0.961703
0.769627
0.916102
0.635695
0.870501
0.501761
1.735
0.82
0.404599
2
2.235
1.02
0.481664
1.5
1.125
0.6
0.403113
1.2
0.245
0.64
0.7
1
-0.385
1.25
0.308707
0.5
0.455
1.42
0.299666
0.5
0
0.615
-0.25
0.245
0.64
-0.487747
-0.152776
-0.422903
1.07523
-0.581436
1.54943
-0.211661
1.16638
-0.275
1.53
0.325
1.24
0.295
1.55
0.585
1.33
0.605
1.59
2.895
0.69
2.705
1.74
2.005
1.38
1.765
1.22
-0.0271725
0.0601001
-0.29504
0.151303
-0.380501
0.778239
-0.200967
0.866571
0.337637
1.13157
0.517172
1.2199
0.961703
0.769627
0.916102
0.635695
0.870501
0.501761
1.785
0.98
0.384188
2
2.125
1.16
0.481664
1.5
1.185
0.65
0.403113
1.2
0.245
0.64
0.7
1
-0.355
1.29
0.308707
0.5
0.435
1.42
0.299666
0.5
0
0.775
-0.12
0.305
0.71
-0.316654
-0.172705
-0.420969
1.05132
-0.607445
1.51508
-0.194488
1.17443
-0.279583
1.53381
0.345
1.32
0.305
1.53
0.555
1.39
0.615
1.59
2.815
1.08
2.645
1.8
2.035
1.59
1.75139
1.4922
0.111801
0.0991728
-0.165792
0.154195
-0.333339
0.764402
-0.167031
0.875688
0.331891
1.20954
0.498199
1.32083
0.998361
0.933189
0.970849
0.794394
0.943338
0.655597
1.795
1.24
0.404599
2
2.085
1.42
0.481664
1.5
1.255
0.82
0.403113
1.2
0.305
0.71
0.7
1
-0.355
1.26
0.308707
0.5
0.425
1.42
0.299666
0.5
0
0.775
-0.12
0.305
0.71
-0.316654
-0.172705
-0.420969
1.05132
-0.607445
1.51508
-0.194488
1.17443
-0.279583
1.53381
0.345
1.32
0.305
1.53
0.555
1.39
0.615
1.59
2.285
0.67
2.675
1.37
2.285
1.64
2.09759
1.87426
0.111801
0.0991728
-0.165792
0.154195
-0.333339
0.764402
-0.167031
0.875688
0.331891
1.20954
0.498199
1.32083
0.998361
0.933189
0.970849
0.794394
0.943338
0.655597
2.175
1.78
0.404599
2
2.175
1.05
0.381182
1.5
1.355
0.82
0.403113
1.2
0.305
0.71
0.7
1
-0.365
1.3
0.308707
0.5
0.415
1.4
0.299666
0.5
0
0.795
-0.11
0.325
0.72
-0.34941
-0.132688
-0.400969
1.06132
-0.587445
1.52508
-0.174488
1.18443
-0.259583
1.54381
0.365
1.33
0.325
1.54
0.575
1.4
0.605
1.6
2.115
0.56
2.615
1.11
2.545
1.66
2.545
1.94
0.131801
0.109173
-0.145792
0.164196
-0.313339
0.774402
-0.147031
0.885688
0.351891
1.21954
0.518199
1.33083
1.01836
0.943189
0.990849
0.804394
0.963338
0.665597
2.555
1.86
0.404599
2
2.335
1.02
0.481664
1.5
1.435
0.74
0.465725
1.2
0.325
0.72
0.7
1
-0.375
1.3
0.308707
0.5
0.415
1.42
0.299666
0.5
0
0.795
-0.11
0.325
0.72
-0.34941
-0.132688
-0.400969
1.06132
-0.587445
1.52508
-0.174488
1.18443
-0.259583
1.54381
0.365
1.33
0.325
1.54
0.575
1.4
0.605
1.6
1.825
0.6
2.565
1.02
2.935
1.51
3.0996
1.76081
0.131801
0.109173
-0.145792
0.164196
-0.313339
0.774402
-0.147031
0.885688
0.351891
1.21954
0.518199
1.33083
1.01836
0.943189
0.990849
0.804394
0.963338
0.665597
3.015
1.58
0.440454
2
2.365
1
0.481664
1.5
1.435
0.76
0.484333
1.2
0.325
0.72
0.7
1
-0.345
1.3
0.308707
0.5
0.455
1.36
0.299666
0.5
0
0.795
-0.11
0.325
0.72
-0.34941
-0.132688
-0.400969
1.06132
-0.587445
1.52508
-0.174488
1.18443
-0.259583
1.54381
0.365
1.33
0.325
1.54
0.575
1.4
0.605
1.6
1.485
0.77
2.325
1.19
2.935
1.51
3.19114
1.66618
0.131801
0.109173
-0.145792
0.164196
-0.313339
0.774402
-0.147031
0.885688
0.351891
1.21954
0.518199
1.33083
1.01836
0.943189
0.990849
0.804394
0.963338
0.665597
3.085
1.58
0.480833
2
2.235
1.15
0.481664
1.5
1.415
0.86
0.422019
1.2
0.325
0.72
0.7
1
-0.395
1.31
0.308707
0.5
0.505
1.48
0.299666
0.5
0
0.575
-0.14
0.205
0.72
-0.572626
-0.0400037
-0.435
1.13
-0.595
1.53
-0.175
1.2
-0.255
1.56
0.375
1.37
0.335
1.55
0.625
1.37
0.605
1.59
1.58854
0.814649
2.27593
1.22051
2.9485
1.27534
3.24736
1.30197
-0.0644493
0.138646
-0.332822
0.228582
-0.421322
0.855263
-0.242168
0.944481
0.295295
1.21214
0.474449
1.30135
0.921258
0.853109
0.87629
0.718924
0.831322
0.584737
3.145
1.27
0.404599
2
2.275
1.16
0.481664
1.5
1.385
0.82
0.464678
1.2
0.205
0.72
0.7
1
-0.385
1.35
0.308707
0.5
0.465
1.4
0.299666
0.5
1
2.545
0.22
1.51427
-0.581238
-0.813733
0.5
0.65
0.5
0
0.535
-0.16
0.205
0.7
-0.612285
-0.0176415
-0.414171
1.14094
-0.554368
1.54835
-0.151027
1.19811
-0.213275
1.56163
0.375
1.37
0.335
1.54
0.595
1.35
0.625
1.59
1.605
0.58
2.315
1.4
2.97269
1.12012
3.24828
1.0016
-0.092672
0.132513
-0.356334
0.235517
-0.413988
0.865841
-0.230656
0.946171
0.31934
1.18716
0.502672
1.26748
0.92699
0.797819
0.875489
0.66599
0.823988
0.534159
3.135
1.04
0.404599
2
2.255
0.98
0.481664
1.5
1.345
0.67
0.403113
1.2
0.205
0.7
0.7
1
-0.345
1.33
0.308707
0.5
0.465
1.43
0.299666
0.5
0
0.485
-0.09
0.205
0.7
-0.633248
0.00673866
-0.395
1.14
-0.555
1.53
-0.136192
1.20848
-0.215
1.56
0.375
1.33
0.325
1.53
0.615
1.35
0.625
1.6
1.48278
0.261988
2.5141
1.3021
3.03241
0.896551
3.225
0.68
-0.109356
0.141487
-0.369892
0.252253
-0.408896
0.884088
-0.223246
0.958974
0.333706
1.18363
0.519356
1.25851
0.92966
0.776446
0.874278
0.646179
0.818895
0.515912
3.135
0.72
0.404599
2
2.245
0.82
0.404969
1.5
1.335
0.58
0.403113
1.2
0.205
0.7
0.7
1
-0.305
1.31
0.308707
0.5
0.485
1.41
0.299666
0.5
0
0.485
-0.09
0.205
0.7
-0.633248
0.00673866
-0.395
1.14
-0.555
1.53
-0.136192
1.20848
-0.215
1.56
0.375
1.33
0.325
1.53
0.615
1.35
0.625
1.6
1.495
0.55
2.685
1.36
3.015
0.92
3.17917
0.668909
-0.109356
0.141487
-0.369892
0.252253
-0.408896
0.884088
-0.223246
0.958974
0.333706
1.18363
0.519356
1.25851
0.92966
0.776446
0.874278
0.646179
0.818895
0.515912
3.115
0.73
0.404599
2
2.215
0.94
0.408044
1.5
1.345
0.64
0.403113
1.2
0.205
0.7
0.7
1
-0.335
1.32
0.308707
0.5
0.495
1.4
0.299666
0.5
0
0.295
-0.17
0.105
0.61
-0.803209
0.0111735
-0.444069
1.1122
-0.555
1.53
-0.179366
1.15236
-0.215
1.55
0.385
1.27
0.325
1.53
0.625
1.3
0.625
1.59
1.425
0.67
2.675
1.05
3.105
0.56
3.26144
0.304015
-0.267801
0.0886231
-0.514884
0.226859
-0.485494
0.859259
-0.292836
0.913683
0.285142
1.07695
0.477801
1.13138
0.833729
0.607823
0.764612
0.484283
0.695494
0.360741
3.145
0.44
0.468722
2
2.245
0.77
0.472969
1.5
1.265
0.6
0.475395
1.2
0.105
0.61
0.7
1
-0.355
1.34
0.308707
0.5
0.425
1.4
0.299666
0.5
0
0.265
-0.18
0.105
0.61
-0.830349
0.0543686
-0.445
1.12
-0.555
1.53
-0.185
1.16
-0.205
1.55
0.355
1.25
0.325
1.54
0.635
1.28
0.625
1.59
1.43442
0.777879
2.81567
0.983372
2.98452
0.314675
3.0243
0.0173023
-0.29186
0.106638
-0.532208
0.256315
-0.473201
0.886686
-0.278189
0.932022
0.306848
1.06803
0.50186
1.11336
0.832877
0.573661
0.758039
0.453488
0.6832
0.333314
3.015
0.16
0.438634
2
2.235
0.68
0.471275
1.5
1.265
0.61
0.475395
1.2
0.105
0.61
0.7
1
-0.345
1.32
0.308707
0.5
0.455
1.38
0.299666
0.5
0
0.215
-0.24
0.105
0.61
-0.873805
0.134885
-0.435
1.11
-0.555
1.53
-0.165
1.17
-0.205
1.55
0.375
1.26
0.325
1.53
0.665
1.27
0.655
1.58
1.625
0.76
2.975
0.75
2.945
0.12
2.90127
-0.176795
-0.332785
0.141725
-0.559725
0.311081
-0.447953
0.934315
-0.249806
0.963107
0.344638
1.04948
0.542785
1.07827
0.827308
0.512624
0.742631
0.399155
0.657953
0.285685
2.935
-0.04
0.446878
2
2.155
0.6
0.481664
1.5
1.245
0.51
0.453431
1.2
0.105
0.61
0.7
1
-0.493726
1.42338
0.308707
0.5
0.451794
1.53042
0.299666
0.5
0
0.185
-0.24
0.105
0.61
-0.893065
0.176611
-0.425
1.11
-0.555
1.54
-0.155
1.17
-0.187429
1.56457
0.385
1.26
0.325
1.54
0.665
1.27
0.655
1.59
1.67582
0.593657
2.911
0.451366
2.6187
-0.307022
2.50361
-0.584092
-0.352201
0.160598
-0.571802
0.339398
-0.433803
0.957399
-0.234602
0.977801
0.363
1.039
0.562201
1.0594
0.822602
0.482201
0.733203
0.372401
0.643802
0.2626
2.525
-0.43
0.495782
2
2.205
0.13
0.469574
1.5
1.345
0.34
0.4531
1.2
0.105
0.61
0.7
1
-0.458884
1.44799
0.308707
0.5
0.490379
1.51501
0.299666
0.5
0
0.175
-0.22
0.105
0.61
-0.913379
0.224379
-0.416161
1.11928
-0.538587
1.55153
-0.145129
1.17453
-0.170615
1.56964
0.396409
1.25502
0.341338
1.53605
0.676561
1.26009
0.67219
1.58024
2.07448
0.555353
2.84685
0.11167
2.26371
-0.628241
2.08506
-0.869273
-0.360066
0.168677
-0.576505
0.351325
-0.427647
0.966847
-0.228105
0.983742
0.370524
1.03443
0.570066
1.05132
0.820293
0.46959
0.728971
0.361372
0.637647
0.253153
2.095
-0.77
0.404599
2
2.035
-0.09
0.576975
1.5
1.165
0.32
0.471699
1.2
0.105
0.61
0.7
1
-0.444098
1.45784
0.308707
0.5
0.506264
1.50816
0.299666
0.5
0
0.145
-0.22
0.105
0.61
-0.927608
0.263835
-0.415
1.11
-0.535
1.55
-0.145
1.17
-0.175
1.56
0.395
1.25
0.335
1.52
0.685
1.26
0.665
1.57
2.29096
0.455701
2.59804
-0.146647
1.80577
-0.966858
1.5856
-1.17069
-0.376778
0.186858
-0.58605
0.377729
-0.413578
0.987142
-0.213507
0.996342
0.386707
1.02394
0.586778
1.03314
0.814448
0.442128
0.719014
0.337494
0.623578
0.232858
1.695
-1.11
0.43566
2
1.995
-0.19
0.53
1.5
1.215
0.31
0.487647
1.2
0.105
0.61
0.7
1
-0.41111
1.47847
0.308707
0.5
0.540609
1.49216
0.299666
0.5
0
0.125
-0.21
0.105
0.61
-0.937031
0.293255
-0.40062
1.12456
-0.508094
1.56779
-0.129021
1.17688
-0.147948
1.56758
0.413042
1.24153
0.360723
1.51313
0.703214
1.2433
0.692015
1.55375
2.31281
0.147187
2.32145
-0.253228
1.25491
-1.17337
1.02904
-1.37088
-0.388595
0.200684
-0.592374
0.397418
-0.402683
1.00171
-0.202428
1.00523
0.39834
1.01579
0.598596
1.01931
0.809416
0.42207
0.71105
0.320182
0.612683
0.218294
1.175
-1.25
0.509902
2
1.725
-0.33
0.534883
1.5
1.065
0.28
0.403113
1.2
0.105
0.61
0.7
1
-0.38628
1.49277
0.308707
0.5
0.565463
1.47946
0.299666
0.5
0
0.125
-0.21
0.105
0.61
-0.937031
0.293255
-0.40062
1.12456
-0.508094
1.56779
-0.129021
1.17688
-0.147948
1.56758
0.413042
1.24153
0.360723
1.51313
0.703214
1.2433
0.692015
1.55375
1.915
0
1.945
-0.55
1.195
-1.42
0.999763
-1.64778
-0.388595
0.200684
-0.592374
0.397418
-0.402683
1.00171
-0.202428
1.00523
0.39834
1.01579
0.598596
1.01931
0.809416
0.42207
0.71105
0.320182
0.612683
0.218294
1.095
-1.54
0.509313
2
1.575
-0.62
0.481664
1.5
1.105
0.16
0.403113
1.2
0.105
0.61
0.7
1
-0.38628
1.49277
0.308707
0.5
0.565463
1.47946
0.299666
0.5
0
0.125
-0.21
0.105
0.61
-0.937031
0.293255
-0.40062
1.12456
-0.508094
1.56779
-0.129021
1.17688
-0.147948
1.56758
0.413042
1.24153
0.360723
1.51313
0.703214
1.2433
0.692015
1.55375
1.625
-0.09
1.655
-0.67
1.235
-1.55
1.07236
-1.80209
-0.388595
0.200684
-0.592374
0.397418
-0.402683
1.00171
-0.202428
1.00523
0.39834
1.01579
0.598596
1.01931
0.809416
0.42207
0.71105
0.320182
0.612683
0.218294
1.145
-1.69
0.488365
2
1.475
-0.82
0.481664
1.5
1.155
0.07
0.434166
1.2
0.105
0.61
0.7
1
-0.38628
1.49277
0.308707
0.5
0.565463
1.47946
0.299666
0.5
0
0.125
-0.21
0.105
0.61
-0.937031
0.293255
-0.40062
1.12456
-0.508094
1.56779
-0.129021
1.17688
-0.147948
1.56758
0.413042
1.24153
0.360723
1.51313
0.703214
1.2433
0.692015
1.55375
1.355
-0.05
1.395
-0.76
1.295
-1.61
1.24065
-1.90504
-0.388595
0.200684
-0.592374
0.397418
-0.402683
1.00171
-0.202428
1.00523
0.39834
1.01579
0.598596
1.01931
0.809416
0.42207
0.71105
0.320182
0.612683
0.218294
1.265
-1.83
0.492037
2
1.385
-0.83
0.481664
1.5
1.02561
-0.0305175
0.403113
1.2
0.105
0.61
0.7
1
-0.38628
1.49277
0.308707
0.5
0.565463
1.47946
0.299666
0.5
0
0.115
-0.27
0.105
0.61
-0.943086
0.313544
-0.390567
1.13434
-0.489414
1.57962
-0.117978
1.18137
-0.129307
1.5724
0.425288
1.23548
0.355
1.51
0.715
1.23
0.684827
1.60013
1.075
-0.13
1.335
-0.9
1.355
-1.45
1.32863
-1.74884
-0.396504
0.21032
-0.596437
0.410997
-0.395018
1.01154
-0.194714
1.01117
0.4062
1.01005
0.606504
1.00968
0.805693
0.408395
0.705356
0.308429
0.605018
0.208463
1.375
-1.62
0.513128
2
1.295
-0.74
0.481664
1.5
0.965
0.03
0.403113
1.2
0.105
0.61
0.7
1
-0.36907
1.50224
0.308707
0.5
0.58232
1.47043
0.299666
0.5
0
0.025
-0.31
0.015
0.57
-1.03309
0.273544
-0.480567
1.09434
-0.613953
1.57622
-0.207978
1.14137
-0.285
1.56
0.335288
1.19548
0.295
1.51
0.625467
1.19161
0.605
1.59
0.815
-0.26
0.955
-0.99
1.095
-1.41
1.19752
-1.69194
-0.486504
0.17032
-0.686437
0.370997
-0.485018
0.971537
-0.284714
0.971166
0.3162
0.970051
0.516504
0.969678
0.715693
0.368395
0.615356
0.268429
0.515018
0.168463
1.185
-1.6
0.404599
2
0.985
-0.85
0.481664
1.5
0.765
-0.08
0.403113
1.2
0.015
0.57
0.7
1
-0.45907
1.46224
0.308707
0.5
0.49232
1.43043
0.299666
0.5
0
0.015
-0.38
0.005
0.5
-1.04309
0.203544
-0.485
1.11
-0.595
1.59
-0.185
1.12
-0.315
1.56
0.325288
1.12548
0.285
1.5
0.615467
1.12161
0.605
1.6
0.855
-0.35
0.755
-1.17
1.045
-1.42
1.27138
-1.61685
-0.496504
0.10032
-0.696437
0.300997
-0.495018
0.901537
-0.294714
0.901166
0.3062
0.900051
0.506504
0.899678
0.705693
0.298395
0.605356
0.198429
0.505018
0.0984629
1.175
-1.6
0.404599
2
0.845
-0.9
0.373363
1.5
0.735
-0.16
0.403113
1.2
0.005
0.5
0.7
1
-0.46907
1.39224
0.308707
0.5
0.48232
1.36043
0.299666
0.5
0
0.005
-0.47
-0.005
0.41
-1.035
0.08
-0.485
1.1
-0.601686
1.58619
-0.286761
1.11063
-0.365
1.56
0.350426
1.10511
0.285
1.5
0.604789
1.08945
0.61441
1.58936
0.905
-0.36
0.705
-1.03
1.075
-1.36
1.365
-1.39
-0.506504
0.0103202
-0.706437
0.210997
-0.505018
0.811537
-0.304714
0.811166
0.2962
0.810051
0.496504
0.809678
0.695693
0.208395
0.595356
0.108429
0.495018
0.00846294
1.255
-1.36
0.404599
2
0.875
-0.81
0.412311
1.5
0.725
-0.13
0.403113
1.2
-0.005
0.41
0.7
1
-0.47907
1.30224
0.308707
0.5
0.47232
1.27043
0.299666
0.5
0
0
-1
0
0.4
-0.92665
-0.0796958
-0.5
1.1
-0.6
1.6
-0.35
1.2
-0.4
1.55
0.35
1.1
0.3
1.5
0.6
1.1
0.615
1.58
0.7
-0.3
0.9
-1
1.1
-1.3
1.325
-1.32
-0.5
0
-0.7
0.2
-0.5
0.8
-0.3
0.8
0.3
0.8
0.5
0.8
0.7
0.2
0.6
0.1
0.5
0
1.2
-1.35
0.330341
2
0.875
-0.87
0.31241
1.5
0.685
-0.28
0.355106
1.2
0
0.4
0.7
1
-0.475
1.29
0.308707
0.5
0.475
1.26
0.299666
0.5
0
