42
10
15
9
6
0
-1
0
0.4
-0.92665
-0.0796958
-0.5
1.1
-0.6
1.6
-0.35
1.2
-0.4
1.55
0.35
1.1
0.3
1.5
0.6
1.1
0.604629
1.59998
0.7
-0.3
0.9
-1
1.1
-1.3
1.325
-1.32
-0.5
0
-0.7
0.2
-0.5
0.8
-0.3
0.8
0.3
0.8
0.5
0.8
0.7
0.2
0.6
0.1
0.5
0
1.2
-1.35
0.330341
2
0.875
-0.87
0.31241
1.5
0.685
-0.28
0.355106
1.2
0
0.4
0.7
1
-0.475
1.29
0.308707
0.5
0.475
1.26
0.299666
0.5
1
0.015
0.5
1.22016
1
0
0.5
0.8
1
1
-0.015
-0.83
-0.015
0.57
-0.985
0.14
-0.515
1.27
-0.585
1.64
-0.23035
1.25781
-0.285
1.64
0.335
1.27
0.275
1.61
0.585
1.27
0.605
1.64
0.685
-0.13
0.885
-0.83
1.085
-1
1.31
-1.02
-0.515
0.17
-0.715
0.37
-0.515
0.97
-0.315
0.97
0.285
0.97
0.485
0.97
0.685
0.37
0.585
0.27
0.485
0.17
1.225
-1.01
0.330341
2
0.875
-0.55
0.31241
1.5
0.705
0.08
0.355106
1.2
-0.015
0.57
0.7
1
-0.405
1.42
0.316228
0.5
0.465
1.42
0.35609
0.5
0
-0.015
-0.65
-0.015
0.75
-1.005
0.36
-0.475
1.33
-0.595
1.65
-0.265
1.33
-0.285
1.63
0.295
1.28
0.275
1.62
0.575
1.27
0.615
1.63
0.685
0.05
0.785
-0.71
1.075
-0.9
1.315
-0.87
-0.515
0.35
-0.715
0.55
-0.515
1.15
-0.315
1.15
0.285
1.15
0.485
1.15
0.685
0.55
0.585
0.45
0.485
0.35
1.185
-0.87
0.330341
2
0.835
-0.43
0.31241
1.5
0.655
0.2
0.355106
1.2
-0.015
0.75
0.7
1
-0.415
1.48
0.308707
0.5
0.455
1.44
0.332415
0.5
0
-0.035
-0.53
-0.035
0.87
-1.025
0.48
-0.495
1.45
-0.555
1.71
-0.285
1.45
-0.275
1.72
0.275
1.4
0.285
1.69
0.555
1.39
0.565
1.67
0.665
0.17
0.695
-0.66
1.095
-0.71
1.335
-0.68
-0.535
0.47
-0.735
0.67
-0.535
1.27
-0.335
1.27
0.265
1.27
0.465
1.27
0.665
0.67
0.565
0.57
0.465
0.47
1.215
-0.68
0.330341
2
0.745
-0.35
0.31241
1.5
0.625
0.31
0.355106
1.2
-0.035
0.87
0.7
1
-0.385
1.59
0.308707
0.5
0.445
1.54
0.299666
0.5
0
-0.025
-0.46
-0.025
0.94
-0.95165
0.460304
-0.465
1.44
-0.545
1.72
-0.275
1.46
-0.265
1.72
0.285
1.47
0.285
1.69
0.565
1.46
0.615
1.67
0.465
0.13
0.625
-0.61
1.065
-0.71
1.305
-0.68
-0.525
0.54
-0.725
0.74
-0.525
1.34
-0.325
1.34
0.275
1.34
0.475
1.34
0.675
0.74
0.575
0.64
0.475
0.54
1.145
-0.7
0.408044
2
0.655
-0.15
0.31241
1.5
0.585
0.49
0.355106
1.2
-0.025
0.94
0.7
1
-0.385
1.61
0.308707
0.5
0.425
1.59
0.299666
0.5
0
-0.025
-0.41
-0.025
0.99
-0.95165
0.510304
-0.465
1.49
-0.575
1.77
-0.275
1.51
-0.285
1.74
0.285
1.52
0.285
1.7
0.565
1.51
0.575
1.71
0.505
0.19
0.655
-0.57
1.065
-0.66
1.305
-0.63
-0.525
0.59
-0.725
0.79
-0.525
1.39
-0.325
1.39
0.275
1.39
0.475
1.39
0.675
0.79
0.575
0.69
0.475
0.59
1.175
-0.66
0.330341
2
0.715
-0.25
0.31241
1.5
0.585
0.37
0.355106
1.2
-0.025
0.99
0.7
1
-0.405
1.67
0.308707
0.5
0.465
1.6
0.299666
0.5
0
-0.025
-0.36
-0.025
1.04
-0.95165
0.560304
-0.485
1.53
-0.585
1.69
-0.295
1.5
-0.305
1.68
0.295
1.52
0.275
1.68
0.535
1.5
0.585
1.7
0.675
0.34
0.735
-0.6
1.065
-0.61
1.305
-0.58
-0.525
0.64
-0.725
0.84
-0.525
1.44
-0.325
1.44
0.275
1.44
0.475
1.44
0.675
0.84
0.575
0.74
0.475
0.64
1.175
-0.6
0.330341
2
0.85
-0.23
0.31241
1.5
0.66
0.36
0.355106
1.2
-0.025
1.04
0.7
1
-0.435
1.66
0.308707
0.5
0.445
1.58
0.299666
0.5
0
-0.035
-0.43
-0.035
0.97
-0.96165
0.490304
-0.495
1.46
-0.575
1.7
-0.305
1.43
-0.305
1.68
0.285
1.45
0.275
1.67
0.525
1.43
0.595
1.64
0.545
0.17
0.765
-0.49
1.025
-0.47
1.225
-0.35
-0.535
0.57
-0.735
0.77
-0.535
1.37
-0.335
1.37
0.265
1.37
0.465
1.37
0.665
0.77
0.565
0.67
0.465
0.57
1.135
-0.44
0.330341
2
0.745
-0.18
0.31241
1.5
0.585
0.39
0.355106
1.2
-0.035
0.97
0.7
1
-0.475
1.65
0.308707
0.5
0.415
1.58
0.299666
0.5
0
-0.045
-0.49
-0.045
0.91
-0.97165
0.430304
-0.505
1.4
-0.565
1.69
-0.315
1.37
-0.315
1.62
0.275
1.39
0.265
1.66
0.515
1.37
0.595
1.66
0.365
0
0.755
-0.55
1.015
-0.53
1.215
-0.41
-0.545
0.51
-0.745
0.71
-0.545
1.31
-0.345
1.31
0.255
1.31
0.455
1.31
0.655
0.71
0.555
0.61
0.455
0.51
1.125
-0.43
0.330341
2
0.675
-0.29
0.31241
1.5
0.495
0.25
0.355106
1.2
-0.045
0.91
0.7
1
-0.435
1.56
0.308707
0.5
0.445
1.53
0.299666
0.5
0
-0.045
-0.55
-0.045
0.85
-1.04585
0.452296
-0.465
1.43
-0.555
1.69
-0.275
1.41
-0.305
1.66
0.275
1.44
0.265
1.67
0.555
1.44
0.595
1.67
0.375
-0.13
0.725
-0.49
1.075
-0.34
1.225
-0.13
-0.545
0.45
-0.745
0.65
-0.545
1.25
-0.345
1.25
0.255
1.25
0.455
1.25
0.655
0.65
0.555
0.55
0.455
0.45
1.145
-0.23
0.330341
2
0.615
-0.17
0.31241
1.5
0.445
0.42
0.355106
1.2
-0.045
0.85
0.7
1
-0.385
1.56
0.308707
0.5
0.435
1.53
0.299666
0.5
0
-0.045
-0.63
-0.045
0.77
-1.04585
0.372296
-0.465
1.35
-0.565
1.69
-0.275
1.33
-0.315
1.67
0.275
1.36
0.275
1.67
0.555
1.36
0.585
1.69
0.375
-0.21
0.725
-0.57
0.985
-0.53
1.175
-0.38
-0.545
0.37
-0.745
0.57
-0.545
1.17
-0.345
1.17
0.255
1.17
0.455
1.17
0.655
0.57
0.555
0.47
0.455
0.37
1.055
-0.45
0.330341
2
0.575
-0.24
0.31241
1.5
0.535
0.35
0.355106
1.2
-0.045
0.77
0.7
1
-0.405
1.51
0.308707
0.5
0.415
1.52
0.299666
0.5
0
-0.045
-0.8
-0.045
0.6
-1.04585
0.202296
-0.485
1.25
-0.565
1.69
-0.265
1.23
-0.305
1.66
0.295
1.23
0.295
1.69
0.585425
1.27017
0.595
1.7
0.485
-0.33
0.545
-0.84
0.925
-1.02
1.175
-0.94
-0.545
0.2
-0.745
0.4
-0.545
1
-0.345
1
0.255
1
0.455
1
0.655
0.4
0.555
0.3
0.455
0.2
1.085
-0.99
0.330341
2
0.645
-0.67
0.31241
1.5
0.525
-0.01
0.355106
1.2
-0.045
0.6
0.7
1
-0.395
1.45
0.31241
0.5
0.455
1.45
0.336006
0.5
0
-0.045
-0.86
-0.045
0.54
-1.04585
0.142296
-0.485
1.19
-0.568707
1.68294
-0.273913
1.23146
-0.295
1.67
0.333935
1.22943
0.285
1.69
0.563298
1.21977
0.595
1.69
0.615
-0.35
0.585
-0.88
0.825
-1.15
1.115
-1.11
-0.545
0.14
-0.745
0.34
-0.545
0.94
-0.345
0.94
0.255
0.94
0.455
0.94
0.655
0.34
0.555
0.24
0.455
0.14
0.975
-1.11
0.375899
2
0.675
-0.69
0.31241
1.5
0.605
-0.06
0.355106
1.2
-0.045
0.54
0.7
1
-0.405
1.42
0.361248
0.5
0.43
1.4
0.39246
0.5
0
-0.025
-0.94
-0.025
0.46
-1.02585
0.062296
-0.465
1.11
-0.597359
1.59216
-0.253913
1.15146
-0.335
1.53
0.353935
1.14943
0.295
1.53
0.583298
1.13977
0.615
1.61
0.635
-0.43
0.715
-0.99
0.885
-1.36
1.135
-1.39
-0.525
0.06
-0.725
0.26
-0.525
0.86
-0.325
0.86
0.275
0.86
0.475
0.86
0.675
0.26
0.575
0.16
0.475
0.06
0.955
-1.33
0.394462
2
0.735
-0.81
0.31241
1.5
0.66
-0.22
0.355106
1.2
-0.025
0.46
0.7
1
-0.395
1.34
0.372592
0.5
0.45
1.32
0.392842
0.5
0
0
-1
0
0.4
-0.92665
-0.0796958
-0.5
1.1
-0.6
1.6
-0.35
1.2
-0.4
1.55
0.35
1.1
0.3
1.5
0.6
1.1
0.604629
1.59998
0.7
-0.3
0.9
-1
1.1
-1.3
1.325
-1.32
-0.5
0
-0.7
0.2
-0.5
0.8
-0.3
0.8
0.3
0.8
0.5
0.8
0.7
0.2
0.6
0.1
0.5
0
1.2
-1.35
0.330341
2
0.875
-0.87
0.31241
1.5
0.685
-0.28
0.355106
1.2
0
0.4
0.7
1
-0.475
1.29
0.308707
0.5
0.475
1.26
0.299666
0.5
0
-0.015
-0.83
-0.015
0.57
-0.985
0.14
-0.515
1.27
-0.585
1.64
-0.23035
1.25781
-0.285
1.64
0.335
1.27
0.275
1.61
0.585
1.27
0.605
1.64
0.685
-0.13
0.885
-0.83
1.085
-1
1.31
-1.02
-0.515
0.17
-0.715
0.37
-0.515
0.97
-0.315
0.97
0.285
0.97
0.485
0.97
0.685
0.37
0.585
0.27
0.485
0.17
1.225
-1.01
0.330341
2
0.875
-0.55
0.31241
1.5
0.705
0.08
0.355106
1.2
-0.015
0.57
0.7
1
-0.405
1.42
0.316228
0.5
0.465
1.42
0.35609
0.5
0
-0.015
-0.65
-0.015
0.75
-1.005
0.36
-0.475
1.33
-0.595
1.65
-0.265
1.33
-0.285
1.63
0.295
1.28
0.275
1.62
0.575
1.27
0.615
1.63
0.685
0.05
0.785
-0.71
1.075
-0.9
1.315
-0.87
-0.515
0.35
-0.715
0.55
-0.515
1.15
-0.315
1.15
0.285
1.15
0.485
1.15
0.685
0.55
0.585
0.45
0.485
0.35
1.185
-0.87
0.330341
2
0.835
-0.43
0.31241
1.5
0.655
0.2
0.355106
1.2
-0.015
0.75
0.7
1
-0.415
1.48
0.308707
0.5
0.455
1.44
0.332415
0.5
0
-0.035
-0.53
-0.035
0.87
-1.025
0.48
-0.495
1.45
-0.555
1.71
-0.285
1.45
-0.275
1.72
0.275
1.4
0.285
1.69
0.555
1.39
0.565
1.67
0.665
0.17
0.695
-0.66
1.095
-0.71
1.335
-0.68
-0.535
0.47
-0.735
0.67
-0.535
1.27
-0.335
1.27
0.265
1.27
0.465
1.27
0.665
0.67
0.565
0.57
0.465
0.47
1.215
-0.68
0.330341
2
0.745
-0.35
0.31241
1.5
0.625
0.31
0.355106
1.2
-0.035
0.87
0.7
1
-0.385
1.59
0.308707
0.5
0.445
1.54
0.299666
0.5
0
-0.025
-0.46
-0.025
0.94
-0.95165
0.460304
-0.465
1.44
-0.545
1.72
-0.275
1.46
-0.265
1.72
0.285
1.47
0.285
1.69
0.565
1.46
0.615
1.67
0.465
0.13
0.625
-0.61
1.065
-0.71
1.305
-0.68
-0.525
0.54
-0.725
0.74
-0.525
1.34
-0.325
1.34
0.275
1.34
0.475
1.34
0.675
0.74
0.575
0.64
0.475
0.54
1.145
-0.7
0.408044
2
0.655
-0.15
0.31241
1.5
0.585
0.49
0.355106
1.2
-0.025
0.94
0.7
1
-0.385
1.61
0.308707
0.5
0.425
1.59
0.299666
0.5
0
-0.025
-0.41
-0.025
0.99
-0.95165
0.510304
-0.465
1.49
-0.575
1.77
-0.275
1.51
-0.285
1.74
0.285
1.52
0.285
1.7
0.565
1.51
0.575
1.71
0.505
0.19
0.655
-0.57
1.065
-0.66
1.305
-0.63
-0.525
0.59
-0.725
0.79
-0.525
1.39
-0.325
1.39
0.275
1.39
0.475
1.39
0.675
0.79
0.575
0.69
0.475
0.59
1.175
-0.66
0.330341
2
0.715
-0.25
0.31241
1.5
0.585
0.37
0.355106
1.2
-0.025
0.99
0.7
1
-0.405
1.67
0.308707
0.5
0.465
1.6
0.299666
0.5
0
-0.025
-0.36
-0.025
1.04
-0.95165
0.560304
-0.485
1.53
-0.585
1.69
-0.295
1.5
-0.305
1.68
0.295
1.52
0.275
1.68
0.535
1.5
0.585
1.7
0.675
0.34
0.735
-0.6
1.065
-0.61
1.305
-0.58
-0.525
0.64
-0.725
0.84
-0.525
1.44
-0.325
1.44
0.275
1.44
0.475
1.44
0.675
0.84
0.575
0.74
0.475
0.64
1.175
-0.6
0.330341
2
0.85
-0.23
0.31241
1.5
0.66
0.36
0.355106
1.2
-0.025
1.04
0.7
1
-0.435
1.66
0.308707
0.5
0.445
1.58
0.299666
0.5
0
-0.035
-0.43
-0.035
0.97
-0.96165
0.490304
-0.495
1.46
-0.575
1.7
-0.305
1.43
-0.305
1.68
0.285
1.45
0.275
1.67
0.525
1.43
0.595
1.64
0.545
0.17
0.765
-0.49
1.025
-0.47
1.225
-0.35
-0.535
0.57
-0.735
0.77
-0.535
1.37
-0.335
1.37
0.265
1.37
0.465
1.37
0.665
0.77
0.565
0.67
0.465
0.57
1.135
-0.44
0.330341
2
0.745
-0.18
0.31241
1.5
0.585
0.39
0.355106
1.2
-0.035
0.97
0.7
1
-0.475
1.65
0.308707
0.5
0.415
1.58
0.299666
0.5
0
-0.045
-0.49
-0.045
0.91
-0.97165
0.430304
-0.505
1.4
-0.565
1.69
-0.315
1.37
-0.315
1.62
0.275
1.39
0.265
1.66
0.515
1.37
0.595
1.66
0.365
0
0.755
-0.55
1.015
-0.53
1.215
-0.41
-0.545
0.51
-0.745
0.71
-0.545
1.31
-0.345
1.31
0.255
1.31
0.455
1.31
0.655
0.71
0.555
0.61
0.455
0.51
1.125
-0.43
0.330341
2
0.675
-0.29
0.31241
1.5
0.495
0.25
0.355106
1.2
-0.045
0.91
0.7
1
-0.435
1.56
0.308707
0.5
0.445
1.53
0.299666
0.5
0
-0.045
-0.55
-0.045
0.85
-1.04585
0.452296
-0.465
1.43
-0.555
1.69
-0.275
1.41
-0.305
1.66
0.275
1.44
0.265
1.67
0.555
1.44
0.595
1.67
0.375
-0.13
0.725
-0.49
1.075
-0.34
1.225
-0.13
-0.545
0.45
-0.745
0.65
-0.545
1.25
-0.345
1.25
0.255
1.25
0.455
1.25
0.655
0.65
0.555
0.55
0.455
0.45
1.145
-0.23
0.330341
2
0.615
-0.17
0.31241
1.5
0.445
0.42
0.355106
1.2
-0.045
0.85
0.7
1
-0.385
1.56
0.308707
0.5
0.435
1.53
0.299666
0.5
0
-0.045
-0.63
-0.045
0.77
-1.04585
0.372296
-0.465
1.35
-0.565
1.69
-0.275
1.33
-0.315
1.67
0.275
1.36
0.275
1.67
0.555
1.36
0.585
1.69
0.375
-0.21
0.725
-0.57
0.985
-0.53
1.175
-0.38
-0.545
0.37
-0.745
0.57
-0.545
1.17
-0.345
1.17
0.255
1.17
0.455
1.17
0.655
0.57
0.555
0.47
0.455
0.37
1.055
-0.45
0.330341
2
0.575
-0.24
0.31241
1.5
0.535
0.35
0.355106
1.2
-0.045
0.77
0.7
1
-0.405
1.51
0.308707
0.5
0.415
1.52
0.299666
0.5
0
-0.045
-0.8
-0.045
0.6
-1.04585
0.202296
-0.485
1.25
-0.565
1.69
-0.265
1.23
-0.305
1.66
0.295
1.23
0.295
1.69
0.585425
1.27017
0.595
1.7
0.485
-0.33
0.545
-0.84
0.925
-1.02
1.175
-0.94
-0.545
0.2
-0.745
0.4
-0.545
1
-0.345
1
0.255
1
0.455
1
0.655
0.4
0.555
0.3
0.455
0.2
1.085
-0.99
0.330341
2
0.645
-0.67
0.31241
1.5
0.525
-0.01
0.355106
1.2
-0.045
0.6
0.7
1
-0.395
1.45
0.31241
0.5
0.455
1.45
0.336006
0.5
0
-0.045
-0.86
-0.045
0.54
-1.04585
0.142296
-0.485
1.19
-0.568707
1.68294
-0.273913
1.23146
-0.295
1.67
0.333935
1.22943
0.285
1.69
0.563298
1.21977
0.595
1.69
0.615
-0.35
0.585
-0.88
0.825
-1.15
1.115
-1.11
-0.545
0.14
-0.745
0.34
-0.545
0.94
-0.345
0.94
0.255
0.94
0.455
0.94
0.655
0.34
0.555
0.24
0.455
0.14
0.975
-1.11
0.375899
2
0.675
-0.69
0.31241
1.5
0.605
-0.06
0.355106
1.2
-0.045
0.54
0.7
1
-0.405
1.42
0.361248
0.5
0.43
1.4
0.39246
0.5
0
-0.025
-0.94
-0.025
0.46
-1.02585
0.062296
-0.465
1.11
-0.597359
1.59216
-0.253913
1.15146
-0.335
1.53
0.353935
1.14943
0.295
1.53
0.583298
1.13977
0.615
1.61
0.635
-0.43
0.715
-0.99
0.885
-1.36
1.135
-1.39
-0.525
0.06
-0.725
0.26
-0.525
0.86
-0.325
0.86
0.275
0.86
0.475
0.86
0.675
0.26
0.575
0.16
0.475
0.06
0.955
-1.33
0.394462
2
0.735
-0.81
0.31241
1.5
0.66
-0.22
0.355106
1.2
-0.025
0.46
0.7
1
-0.395
1.34
0.372592
0.5
0.45
1.32
0.392842
0.5
0
0
-1
0
0.4
-0.92665
-0.0796958
-0.5
1.1
-0.6
1.6
-0.35
1.2
-0.4
1.55
0.35
1.1
0.3
1.5
0.6
1.1
0.604629
1.59998
0.7
-0.3
0.9
-1
1.1
-1.3
1.325
-1.32
-0.5
0
-0.7
0.2
-0.5
0.8
-0.3
0.8
0.3
0.8
0.5
0.8
0.7
0.2
0.6
0.1
0.5
0
1.2
-1.35
0.330341
2
0.875
-0.87
0.31241
1.5
0.685
-0.28
0.355106
1.2
0
0.4
0.7
1
-0.475
1.29
0.308707
0.5
0.475
1.26
0.299666
0.5
0
-0.015
-0.83
-0.015
0.57
-0.985
0.14
-0.515
1.27
-0.585
1.64
-0.23035
1.25781
-0.285
1.64
0.335
1.27
0.275
1.61
0.585
1.27
0.605
1.64
0.685
-0.13
0.885
-0.83
1.085
-1
1.31
-1.02
-0.515
0.17
-0.715
0.37
-0.515
0.97
-0.315
0.97
0.285
0.97
0.485
0.97
0.685
0.37
0.585
0.27
0.485
0.17
1.225
-1.01
0.330341
2
0.875
-0.55
0.31241
1.5
0.705
0.08
0.355106
1.2
-0.015
0.57
0.7
1
-0.405
1.42
0.316228
0.5
0.465
1.42
0.35609
0.5
0
-0.015
-0.65
-0.015
0.75
-1.005
0.36
-0.475
1.33
-0.595
1.65
-0.265
1.33
-0.285
1.63
0.295
1.28
0.275
1.62
0.575
1.27
0.615
1.63
0.685
0.05
0.785
-0.71
1.075
-0.9
1.315
-0.87
-0.515
0.35
-0.715
0.55
-0.515
1.15
-0.315
1.15
0.285
1.15
0.485
1.15
0.685
0.55
0.585
0.45
0.485
0.35
1.185
-0.87
0.330341
2
0.835
-0.43
0.31241
1.5
0.655
0.2
0.355106
1.2
-0.015
0.75
0.7
1
-0.415
1.48
0.308707
0.5
0.455
1.44
0.332415
0.5
0
-0.035
-0.53
-0.035
0.87
-1.025
0.48
-0.495
1.45
-0.555
1.71
-0.285
1.45
-0.275
1.72
0.275
1.4
0.285
1.69
0.555
1.39
0.565
1.67
0.665
0.17
0.695
-0.66
1.095
-0.71
1.335
-0.68
-0.535
0.47
-0.735
0.67
-0.535
1.27
-0.335
1.27
0.265
1.27
0.465
1.27
0.665
0.67
0.565
0.57
0.465
0.47
1.215
-0.68
0.330341
2
0.745
-0.35
0.31241
1.5
0.625
0.31
0.355106
1.2
-0.035
0.87
0.7
1
-0.385
1.59
0.308707
0.5
0.445
1.54
0.299666
0.5
0
-0.025
-0.46
-0.025
0.94
-0.95165
0.460304
-0.465
1.44
-0.545
1.72
-0.275
1.46
-0.265
1.72
0.285
1.47
0.285
1.69
0.565
1.46
0.615
1.67
0.465
0.13
0.625
-0.61
1.065
-0.71
1.305
-0.68
-0.525
0.54
-0.725
0.74
-0.525
1.34
-0.325
1.34
0.275
1.34
0.475
1.34
0.675
0.74
0.575
0.64
0.475
0.54
1.145
-0.7
0.408044
2
0.655
-0.15
0.31241
1.5
0.585
0.49
0.355106
1.2
-0.025
0.94
0.7
1
-0.385
1.61
0.308707
0.5
0.425
1.59
0.299666
0.5
0
-0.025
-0.41
-0.025
0.99
-0.95165
0.510304
-0.465
1.49
-0.575
1.77
-0.275
1.51
-0.285
1.74
0.285
1.52
0.285
1.7
0.565
1.51
0.575
1.71
0.505
0.19
0.655
-0.57
1.065
-0.66
1.305
-0.63
-0.525
0.59
-0.725
0.79
-0.525
1.39
-0.325
1.39
0.275
1.39
0.475
1.39
0.675
0.79
0.575
0.69
0.475
0.59
1.175
-0.66
0.330341
2
0.715
-0.25
0.31241
1.5
0.585
0.37
0.355106
1.2
-0.025
0.99
0.7
1
-0.405
1.67
0.308707
0.5
0.465
1.6
0.299666
0.5
0
-0.025
-0.36
-0.025
1.04
-0.95165
0.560304
-0.485
1.53
-0.585
1.69
-0.295
1.5
-0.305
1.68
0.295
1.52
0.275
1.68
0.535
1.5
0.585
1.7
0.675
0.34
0.735
-0.6
1.065
-0.61
1.305
-0.58
-0.525
0.64
-0.725
0.84
-0.525
1.44
-0.325
1.44
0.275
1.44
0.475
1.44
0.675
0.84
0.575
0.74
0.475
0.64
1.175
-0.6
0.330341
2
0.85
-0.23
0.31241
1.5
0.66
0.36
0.355106
1.2
-0.025
1.04
0.7
1
-0.435
1.66
0.308707
0.5
0.445
1.58
0.299666
0.5
0
-0.035
-0.43
-0.035
0.97
-0.96165
0.490304
-0.495
1.46
-0.575
1.7
-0.305
1.43
-0.305
1.68
0.285
1.45
0.275
1.67
0.525
1.43
0.595
1.64
0.545
0.17
0.765
-0.49
1.025
-0.47
1.225
-0.35
-0.535
0.57
-0.735
0.77
-0.535
1.37
-0.335
1.37
0.265
1.37
0.465
1.37
0.665
0.77
0.565
0.67
0.465
0.57
1.135
-0.44
0.330341
2
0.745
-0.18
0.31241
1.5
0.585
0.39
0.355106
1.2
-0.035
0.97
0.7
1
-0.475
1.65
0.308707
0.5
0.415
1.58
0.299666
0.5
0
-0.045
-0.49
-0.045
0.91
-0.97165
0.430304
-0.505
1.4
-0.565
1.69
-0.315
1.37
-0.315
1.62
0.275
1.39
0.265
1.66
0.515
1.37
0.595
1.66
0.365
0
0.755
-0.55
1.015
-0.53
1.215
-0.41
-0.545
0.51
-0.745
0.71
-0.545
1.31
-0.345
1.31
0.255
1.31
0.455
1.31
0.655
0.71
0.555
0.61
0.455
0.51
1.125
-0.43
0.330341
2
0.675
-0.29
0.31241
1.5
0.495
0.25
0.355106
1.2
-0.045
0.91
0.7
1
-0.435
1.56
0.308707
0.5
0.445
1.53
0.299666
0.5
0
-0.045
-0.55
-0.045
0.85
-1.04585
0.452296
-0.465
1.43
-0.555
1.69
-0.275
1.41
-0.305
1.66
0.275
1.44
0.265
1.67
0.555
1.44
0.595
1.67
0.375
-0.13
0.725
-0.49
1.075
-0.34
1.225
-0.13
-0.545
0.45
-0.745
0.65
-0.545
1.25
-0.345
1.25
0.255
1.25
0.455
1.25
0.655
0.65
0.555
0.55
0.455
0.45
1.145
-0.23
0.330341
2
0.615
-0.17
0.31241
1.5
0.445
0.42
0.355106
1.2
-0.045
0.85
0.7
1
-0.385
1.56
0.308707
0.5
0.435
1.53
0.299666
0.5
0
-0.045
-0.63
-0.045
0.77
-1.04585
0.372296
-0.465
1.35
-0.565
1.69
-0.275
1.33
-0.315
1.67
0.275
1.36
0.275
1.67
0.555
1.36
0.585
1.69
0.375
-0.21
0.725
-0.57
0.985
-0.53
1.175
-0.38
-0.545
0.37
-0.745
0.57
-0.545
1.17
-0.345
1.17
0.255
1.17
0.455
1.17
0.655
0.57
0.555
0.47
0.455
0.37
1.055
-0.45
0.330341
2
0.575
-0.24
0.31241
1.5
0.535
0.35
0.355106
1.2
-0.045
0.77
0.7
1
-0.405
1.51
0.308707
0.5
0.415
1.52
0.299666
0.5
0
-0.045
-0.8
-0.045
0.6
-1.04585
0.202296
-0.485
1.25
-0.565
1.69
-0.265
1.23
-0.305
1.66
0.295
1.23
0.295
1.69
0.585425
1.27017
0.595
1.7
0.485
-0.33
0.545
-0.84
0.925
-1.02
1.175
-0.94
-0.545
0.2
-0.745
0.4
-0.545
1
-0.345
1
0.255
1
0.455
1
0.655
0.4
0.555
0.3
0.455
0.2
1.085
-0.99
0.330341
2
0.645
-0.67
0.31241
1.5
0.525
-0.01
0.355106
1.2
-0.045
0.6
0.7
1
-0.395
1.45
0.31241
0.5
0.455
1.45
0.336006
0.5
0
-0.045
-0.86
-0.045
0.54
-1.04585
0.142296
-0.485
1.19
-0.568707
1.68294
-0.273913
1.23146
-0.295
1.67
0.333935
1.22943
0.285
1.69
0.563298
1.21977
0.595
1.69
0.615
-0.35
0.585
-0.88
0.825
-1.15
1.115
-1.11
-0.545
0.14
-0.745
0.34
-0.545
0.94
-0.345
0.94
0.255
0.94
0.455
0.94
0.655
0.34
0.555
0.24
0.455
0.14
0.975
-1.11
0.375899
2
0.675
-0.69
0.31241
1.5
0.605
-0.06
0.355106
1.2
-0.045
0.54
0.7
1
-0.405
1.42
0.361248
0.5
0.43
1.4
0.39246
0.5
0
-0.025
-0.94
-0.025
0.46
-1.02585
0.062296
-0.465
1.11
-0.597359
1.59216
-0.253913
1.15146
-0.335
1.53
0.353935
1.14943
0.295
1.53
0.583298
1.13977
0.615
1.61
0.635
-0.43
0.715
-0.99
0.885
-1.36
1.135
-1.39
-0.525
0.06
-0.725
0.26
-0.525
0.86
-0.325
0.86
0.275
0.86
0.475
0.86
0.675
0.26
0.575
0.16
0.475
0.06
0.955
-1.33
0.394462
2
0.735
-0.81
0.31241
1.5
0.66
-0.22
0.355106
1.2
-0.025
0.46
0.7
1
-0.395
1.34
0.372592
0.5
0.45
1.32
0.392842
0.5
0
