50
10
15
9
6
-0.005
-0.76
-0.005
0.64
-0.96799
0.194162
-0.515
1.25
-0.595
1.6
-0.315
1.25
-0.385
1.55
0.345
1.23
0.305
1.5
0.605
1.22
0.605
1.6
0.625
-0.12
0.765
-0.89
1.135
-0.92
1.365
-0.84
-0.505
0.24
-0.705
0.44
-0.505
1.04
-0.305
1.04
0.295
1.04
0.495
1.04
0.695
0.44
0.595
0.34
0.495
0.24
1.255
-0.88
0.291548
2
0.785
-0.61
0.3
1.5
0.615
-0.05
0.3
1.2
-0.005
0.64
0.7
1
-0.475
1.46
0.3
0.5
0.475
1.38
0.3
0.5
0
-0.005
-0.53
-0.005
0.87
-0.96799
0.424162
-0.525
1.4
-0.595
1.6
-0.305
1.36
-0.375
1.55
0.305
1.36
0.295
1.5
0.565
1.37
0.605
1.57
0.435
-0.07
0.635
-0.54
0.955
-0.41
1.145
-0.24
-0.505
0.47
-0.705
0.67
-0.505
1.27
-0.305
1.27
0.295
1.27
0.495
1.27
0.695
0.67
0.595
0.57
0.495
0.47
1.085
-0.31
0.336006
2
0.575
-0.18
0.3
1.5
0.575
0.34
0.3
1.2
-0.005
0.87
0.7
1
-0.505
1.57
0.3
0.5
0.345
1.57
0.3
0.5
0
0.005
-0.62
0.005
0.78
-0.95799
0.334162
-0.515
1.31
-0.585
1.6
-0.295
1.27
-0.375
1.55
0.315
1.27
0.295
1.49
0.575
1.28
0.605
1.58
0.375
-0.07
0.715
-0.56
1.035
-0.2
1.205
-0.03
-0.495
0.38
-0.695
0.58
-0.495
1.18
-0.295
1.18
0.305
1.18
0.505
1.18
0.705
0.58
0.605
0.48
0.505
0.38
1.165
-0.1
0.336006
2
0.655
-0.36
0.3
1.5
0.585
0.1
0.3
1.2
0.015
0.77
0.7
1
-0.495
1.48
0.3
0.5
0.505
1.44
0.3
0.5
0
-0.015
-0.96
-0.015
0.44
-0.97799
-0.00583822
-0.495
1.13
-0.565
1.62
-0.245
1.07
-0.34498
1.5599
0.345
1.08
0.285
1.51
0.595
1.08
0.624361
1.57914
0.455
-0.54
0.605
-0.97
1.055
-0.96
1.35237
-0.999649
-0.515
0.04
-0.715
0.24
-0.515
0.84
-0.315
0.84
0.285
0.84
0.485
0.84
0.685
0.24
0.585
0.14
0.485
0.04
1.185
-1.02
0.353412
2
0.635
-0.71
0.318277
1.5
0.555
-0.16
0.3
1.2
-0.015
0.44
0.7
1
-0.425
1.38
0.336006
0.5
0.495
1.34
0.361248
0.5
0
0.005
-1.09
0.005
0.31
-0.915
-0.03
-0.425
0.86
-0.525
1.31
-0.225
0.9
-0.265
1.27
0.325
0.87
0.325
1.29
0.565
0.86
0.635
1.26
0.705
-0.39
0.83
-1.1
1.105
-1.39
1.35
-1.42
-0.495
-0.09
-0.695
0.11
-0.495
0.71
-0.295
0.71
0.305
0.71
0.505
0.71
0.705
0.11
0.605
0.01
0.505
-0.09
1.205
-1.44
0.350179
2
0.84
-0.96
0.330151
1.5
0.705
-0.39
0.315317
1.2
0.005
0.31
0.7
1
-0.46
1.22
0.35
0.5
0.51
1.18
0.362353
0.5
0
-0.165841
-0.81698
-0.005
0.17
-0.974214
0.018057
-0.325
0.75
-0.315
1.02
-0.085
0.72
-0.025
0.99
0.405
0.59
0.415
0.91
0.655
0.54
0.735
0.82
0.543352
-0.654489
0.525886
-1.37537
0.738352
-1.71398
0.972682
-1.79173
-0.574196
-0.12362
-0.730868
0.111948
-0.416404
0.66086
-0.220284
0.621412
0.368076
0.503068
0.564196
0.46362
0.641972
-0.164188
0.524188
-0.242524
0.406404
-0.320861
0.82655
-1.78274
0.350179
2
0.563306
-1.24006
0.330151
1.5
0.543352
-0.654489
0.315317
1.2
-0.005
0.17
0.7
1
-0.28149
1.15406
0.35
0.5
0.661802
0.923516
0.362353
0.5
0
-0.363347
-0.853588
-0.005
0.08
-0.935
0.2
-0.225
0.69
-0.165
0.83
0.055
0.57
0.145
0.75
0.48958
0.396294
0.515
0.58
0.675
0.25
0.765
0.46
0.255
-0.89
0.095
-1.47
0.292397
-1.92383
0.503077
-2.05265
-0.626043
-0.0771075
-0.725312
0.187882
-0.294602
0.651409
-0.112473
0.568549
0.433914
0.319967
0.616043
0.237107
0.549592
-0.392141
0.417097
-0.441775
0.284602
-0.49141
0.362747
-2.01079
0.350179
2
0.229226
-1.42246
0.330151
1.5
0.342441
-0.847463
0.315317
1.2
-0.005
0.08
0.7
1
-0.0514359
1.10134
0.35
0.5
0.815318
0.663039
0.362353
0.5
0
-0.533302
-0.859056
-0.005
-0.01
-0.888212
0.305632
-0.0898755
0.633026
-0.045
0.73
0.105
0.46
0.155
0.55
0.545775
0.193594
0.615
0.31
0.695765
0.0110841
0.785
0.15
-0.015
-0.99
-0.325
-1.5
-0.115
-1.98
0.0634006
-2.15083
-0.645402
-0.0310606
-0.685887
0.249064
-0.166123
0.61016
-0.00581807
0.49034
0.475097
0.13088
0.635402
0.0110602
0.436248
-0.589675
0.296185
-0.609917
0.156123
-0.63016
-0.0915932
-2.13159
0.350179
2
-0.0965821
-1.52819
0.330151
1.5
0.136698
-0.990437
0.315317
1.2
-0.005
-0.01
0.7
1
0.16747
0.997968
0.35
0.5
0.920986
0.384782
0.362353
0.5
0
-0.762901
-0.77237
-0.005
-0.12
-0.665
0.48
0.135655
0.513421
0.115
0.6
0.245
0.36
0.245
0.47
0.582417
-0.117458
0.555
-0.01
0.625
-0.31
0.665
-0.18
-0.385
-0.99
-0.816497
-1.41064
-0.695
-1.85
-0.585893
-2.0717
-0.614081
0.0797297
-0.556106
0.356874
0.0561576
0.518068
0.165742
0.350508
0.494496
-0.152171
0.60408
-0.31973
0.210986
-0.816043
0.0724142
-0.787055
-0.0661581
-0.758068
-0.813639
-2.08422
0.350179
2
-0.611488
-1.51542
0.330151
1.5
-0.207913
-1.09
0.315317
1.2
-0.005
-0.12
0.7
1
0.502611
0.768185
0.35
0.5
1.00058
-0.0663954
0.362353
0.5
0
-0.915
-0.61
-0.005
-0.23
-0.406636
0.566823
0.353227
0.31131
0.36494
0.399581
0.400424
0.128839
0.455
0.24
0.544619
-0.437992
0.557492
-0.327796
0.515443
-0.633096
0.599363
-0.525987
-0.745
-0.74
-1.22523
-1.14497
-1.155
-1.5
-1.13248
-1.74616
-0.502417
0.174693
-0.349012
0.412812
0.280633
0.34412
0.322989
0.148356
0.45006
-0.43893
0.492417
-0.634693
-0.0525142
-0.957526
-0.171574
-0.880823
-0.290634
-0.80412
-1.46378
-1.7752
0.350179
2
-1.07125
-1.31627
0.330151
1.5
-0.541921
-1.06342
0.315317
1.2
-0.005
-0.23
0.7
1
0.787239
0.417871
0.35
0.5
0.953518
-0.540049
0.362353
0.5
0
-0.945
-0.64
0.005
-0.4
-0.255
0.49
0.449742
0.0729604
0.476227
0.15799
0.465381
-0.114897
0.537994
-0.0145588
0.51158
-0.698054
0.54292
-0.591608
0.449796
-0.885439
0.550649
-0.794061
-0.810773
-0.777479
-1.265
-1.07
-1.255
-1.39
-1.27446
-1.63646
-0.416829
0.0831152
-0.225307
0.291875
0.383735
0.11759
0.392353
-0.0825524
0.41821
-0.682974
0.426828
-0.883115
-0.164976
-1.10911
-0.269356
-1.01335
-0.373736
-0.91759
-1.69452
-1.67626
0.350179
2
-1.22991
-1.29032
0.330151
1.5
-0.66533
-1.13066
0.315317
1.2
0.005
-0.4
0.7
1
0.895603
0.104542
0.35
0.5
0.897376
-0.867865
0.362353
0.5
0
-0.945
-0.64
0.005
-0.4
-0.255
0.49
0.682153
0.148363
1.18012
0.193437
0.692072
-0.0955399
1.19115
-0.0651124
0.714749
-0.637538
1.21138
-0.579592
0.726615
-0.871823
1.19225
-0.82408
-0.810773
-0.777479
-1.265
-1.07
-1.255
-1.39
-1.27446
-1.63646
-0.416829
0.0831152
-0.225307
0.291875
0.383735
0.11759
0.392353
-0.0825524
0.41821
-0.682974
0.426828
-0.883115
-0.164976
-1.10911
-0.269356
-1.01335
-0.373736
-0.91759
-1.69452
-1.67626
0.350179
2
-1.22991
-1.29032
0.330151
1.5
-0.66533
-1.13066
0.315317
1.2
0.005
-0.4
0.7
1
0.895603
0.104542
0.35
0.5
0.897376
-0.867865
0.362353
0.5
1
0.875
-0.32
0.68884
1
0
1.4
0.6
0.7
0
-0.945
-0.52
0.005
-0.28
-0.255
0.61
0.682153
0.268363
1.18012
0.313437
0.692072
0.0244601
1.19115
0.0548876
0.714749
-0.517538
1.21138
-0.459592
0.726615
-0.751823
1.19225
-0.70408
-0.810773
-0.657479
-1.265
-0.95
-1.255
-1.27
-1.27446
-1.51646
-0.416829
0.203115
-0.225307
0.411875
0.383735
0.23759
0.392353
0.0374476
0.41821
-0.562974
0.426828
-0.763115
-0.164976
-0.989113
-0.269356
-0.893351
-0.373736
-0.79759
-1.69452
-1.55626
0.350179
2
-1.22991
-1.17032
0.330151
1.5
-0.66533
-1.01066
0.315317
1.2
0.005
-0.28
0.7
1
0.895603
0.224542
0.35
0.5
0.897376
-0.747865
0.362353
0.5
1
0.875
-0.2
0.68884
1
0
1.4
0.6
0.7
0
-0.945
-0.3
0.005
-0.06
-0.255
0.83
0.682153
0.488363
1.18012
0.533437
0.692072
0.24446
1.19115
0.274888
0.714749
-0.297538
1.21138
-0.239592
0.726615
-0.531823
1.19225
-0.484081
-0.810773
-0.437479
-1.265
-0.73
-1.255
-1.05
-1.27446
-1.29646
-0.416829
0.423115
-0.225307
0.631875
0.383735
0.45759
0.392353
0.257448
0.41821
-0.342975
0.426828
-0.543116
-0.164976
-0.769113
-0.269356
-0.673351
-0.373736
-0.57759
-1.69452
-1.33626
0.350179
2
-1.22991
-0.950317
0.330151
1.5
-0.66533
-0.790659
0.315317
1.2
0.005
-0.06
0.7
1
0.895603
0.444542
0.35
0.5
0.897376
-0.527866
0.362353
0.5
1
0.875
0.02
0.68884
1
0
1.4
0.6
0.7
0
-0.905
-0.23
0.015
0.07
-0.311877
0.937809
0.559231
0.562812
1.02344
0.748762
0.587431
0.32423
1.07229
0.411306
0.688276
-0.209729
1.12099
-0.0965334
0.691874
-0.520397
1.10151
-0.499232
-0.769864
-0.368395
-1.20063
-0.694609
-1.16635
-1.01297
-1.16704
-1.26024
-0.44236
0.519752
-0.267218
0.742484
0.353387
0.614931
0.377181
0.415993
0.448565
-0.180816
0.472359
-0.379753
-0.100656
-0.650074
-0.212022
-0.562502
-0.323388
-0.474931
-1.58293
-1.33182
0.350179
2
-1.14891
-0.911656
0.330151
1.5
-0.597998
-0.70956
0.315317
1.2
0.015
0.07
0.7
1
0.864839
0.640792
0.35
0.5
0.940456
-0.328809
0.362353
0.5
0
-0.905
-0.23
0.015
0.07
-0.311877
0.937809
0.559231
0.562812
1.02344
0.748762
0.587431
0.32423
1.07229
0.411306
0.688276
-0.209729
1.12099
-0.0965334
0.691874
-0.520397
1.10151
-0.499232
-0.725
-0.21
-1.20063
-0.694609
-1.265
-0.82
-1.385
-1.06
-0.44236
0.519752
-0.267218
0.742484
0.353387
0.614931
0.377181
0.415993
0.448565
-0.180816
0.472359
-0.379753
-0.100656
-0.650074
-0.212022
-0.562502
-0.323388
-0.474931
-1.58293
-1.33182
0.350179
2
-1.14891
-0.911656
0.330151
1.5
-0.597998
-0.70956
0.315317
1.2
0.015
0.07
0.7
1
0.864839
0.640792
0.35
0.5
0.940456
-0.328809
0.362353
0.5
0
-0.805
-0.2
0.005
0.2
-0.462031
1.00135
0.459576
0.776738
0.845
0.98
0.527158
0.546148
0.905
0.66
0.715623
0.0363615
1.055
0.16
0.770958
-0.269423
1.115
-0.16
-0.695962
-0.363186
-1.115
-0.54
-1.265
-0.79
-1.395
-1.06
-0.521026
0.56731
-0.385428
0.816165
0.247882
0.793825
0.30451
0.601597
0.474397
0.0249169
0.531026
-0.167311
0.0109734
-0.529425
-0.113455
-0.461625
-0.237883
-0.393826
-1.33722
-1.44886
0.350179
2
-0.979218
-0.962141
0.330151
1.5
-0.469595
-0.670997
0.315317
1.2
0.005
0.2
0.7
1
0.74797
0.904588
0.35
0.5
0.984176
-0.0390387
0.362353
0.5
0
-0.805
-0.2
0.005
0.2
-0.462031
1.00135
0.459576
0.776738
0.845
0.98
0.527158
0.546148
0.905
0.66
0.715623
0.0363615
1.055
0.16
0.770958
-0.269423
1.115
-0.16
-0.635
-0.39
-1.145
-0.39
-1.315
-0.67
-1.445
-0.94
-0.521026
0.56731
-0.385428
0.816165
0.247882
0.793825
0.30451
0.601597
0.474397
0.0249169
0.531026
-0.167311
0.0109734
-0.529425
-0.113455
-0.461625
-0.237883
-0.393826
-1.33722
-1.44886
0.350179
2
-0.979218
-0.962141
0.330151
1.5
-0.469595
-0.670997
0.315317
1.2
0.005
0.2
0.7
1
0.74797
0.904588
0.35
0.5
0.984176
-0.0390387
0.362353
0.5
0
-0.625
-0.27
0.005
0.28
-0.67448
0.911751
0.272952
0.963955
0.505
1.25
0.455
0.74
0.745
1
0.735
0.28
0.975
0.52
0.874408
0.0527031
1.17205
0.25722
-0.635
-0.42
-1.155
-0.41
-1.305
-0.68
-1.435
-0.94
-0.6051
0.479113
-0.547446
0.756674
0.0653317
0.918928
0.175286
0.751317
0.505146
0.248495
0.615099
0.0808865
0.22223
-0.416582
0.0834484
-0.387754
-0.0553325
-0.358928
-0.801849
-1.68774
0.350179
2
-0.600255
-1.11797
0.330151
1.5
-0.196791
-0.691465
0.315317
1.2
0.005
0.28
0.7
1
0.511973
1.16998
0.35
0.5
1.01173
0.335087
0.362353
0.5
0
-0.625
-0.27
0.005
0.28
-0.67448
0.911751
0.272952
0.963955
0.505
1.25
0.455
0.74
0.745
1
0.735
0.28
0.975
0.52
0.874408
0.0527031
1.17205
0.25722
-0.665
-0.33
-1.085
-0.31
-1.375
-0.44
-1.61912
-0.614372
-0.6051
0.479113
-0.547446
0.756674
0.0653317
0.918928
0.175286
0.751317
0.505146
0.248495
0.615099
0.0808865
0.22223
-0.416582
0.0834484
-0.387754
-0.0553325
-0.358928
-0.801849
-1.68774
0.350179
2
-0.600255
-1.11797
0.330151
1.5
-0.196791
-0.691465
0.315317
1.2
0.005
0.28
0.7
1
0.511973
1.16998
0.35
0.5
1.01173
0.335087
0.362353
0.5
0
-0.385
-0.21
0.015
0.39
-0.817681
0.79977
0.065
1.05
0.135
1.31
0.275
0.92
0.405
1.18
0.714351
0.59999
0.875237
0.898952
0.91329
0.422338
1.1396
0.703887
-0.655
-0.33
-1.075
-0.31
-1.345
-0.44
-1.60144
-0.595693
-0.626761
0.405253
-0.651371
0.687746
-0.110994
1.01946
0.042558
0.890513
0.50321
0.503689
0.656761
0.374746
0.423487
-0.214849
0.28224
-0.227153
0.140993
-0.239458
-0.191937
-1.72722
0.350179
2
-0.162707
-1.12338
0.330151
1.5
0.101131
-0.598725
0.315317
1.2
0.015
0.39
0.7
1
0.244679
1.38845
0.35
0.5
0.963614
0.732368
0.362353
0.5
0
-0.385
-0.21
0.015
0.39
-0.817681
0.79977
0.065
1.05
0.135
1.31
0.275
0.92
0.405
1.18
0.714351
0.59999
0.875237
0.898952
0.91329
0.422338
1.1396
0.703887
-0.435
-0.46
-1.065
-0.15
-1.375
-0.3
-1.575
-0.52
-0.626761
0.405253
-0.651371
0.687746
-0.110994
1.01946
0.042558
0.890513
0.50321
0.503689
0.656761
0.374746
0.423487
-0.214849
0.28224
-0.227153
0.140993
-0.239458
-0.191937
-1.72722
0.350179
2
-0.162707
-1.12338
0.330151
1.5
0.101131
-0.598725
0.315317
1.2
0.015
0.39
0.7
1
0.244679
1.38845
0.35
0.5
0.963614
0.732368
0.362353
0.5
0
-0.215
-0.23
-0.005
0.46
-0.924126
0.59069
-0.235
1.07
-0.225
1.28
-0.005
0.99
0.055
1.21
0.515
0.8
0.605
1.09
0.755
0.7
0.895
0.95
-0.225
-0.48
-0.665
-0.05
-1.115
-0.22
-1.31319
-0.445214
-0.619927
0.27495
-0.731166
0.535891
-0.320522
1.01931
-0.13443
0.944455
0.423838
0.719901
0.609928
0.645049
0.571463
0.0119291
0.440991
-0.0436897
0.310521
-0.0993097
0.456586
-1.6174
0.350179
2
0.296616
-1.03418
0.330151
1.5
0.384332
-0.453294
0.315317
1.2
-0.005
0.46
0.7
1
-0.0970841
1.48074
0.35
0.5
0.790482
1.08049
0.362353
0.5
0
-0.215
-0.23
-0.005
0.46
-0.924126
0.59069
-0.235
1.07
-0.225
1.28
-0.005
0.99
0.055
1.21
0.515
0.8
0.605
1.09
0.755
0.7
0.895
0.95
-0.045
-0.57
-0.435
-0.05
-0.985
-0.33
-1.115
-0.6
-0.619927
0.27495
-0.731166
0.535891
-0.320522
1.01931
-0.13443
0.944455
0.423838
0.719901
0.609928
0.645049
0.571463
0.0119291
0.440991
-0.0436897
0.310521
-0.0993097
0.456586
-1.6174
0.350179
2
0.296616
-1.03418
0.330151
1.5
0.384332
-0.453294
0.315317
1.2
-0.005
0.46
0.7
1
-0.0970841
1.48074
0.35
0.5
0.790482
1.08049
0.362353
0.5
0
-0.085
-0.15
-0.005
0.57
-0.932303
0.522655
-0.347368
1.1249
-0.377682
1.33297
-0.106283
1.09031
-0.0894223
1.31776
0.440522
1.00316
0.455
1.26
0.695246
0.95085
0.784912
1.22304
0.245
-0.34
-0.425
-0.03
-0.775
-0.34
-0.942656
-0.58878
-0.573325
0.270819
-0.732397
0.505733
-0.42164
1.05879
-0.224644
1.02087
0.366333
0.907103
0.563326
0.86918
0.646554
0.240281
0.529096
0.160745
0.411639
0.0812091
0.845142
-1.38122
0.350179
2
0.576642
-0.839228
0.330151
1.5
0.551748
-0.252201
0.315317
1.2
-0.005
0.57
0.7
1
-0.290465
1.55448
0.35
0.5
0.657367
1.33117
0.362353
0.5
0
-0.085
-0.15
-0.005
0.57
-0.932303
0.522655
-0.347368
1.1249
-0.377682
1.33297
-0.106283
1.09031
-0.0894223
1.31776
0.440522
1.00316
0.455
1.26
0.695246
0.95085
0.784912
1.22304
0.245
-0.34
-0.425
-0.03
-0.625
-0.39
-0.643148
-0.689451
-0.573325
0.270819
-0.732397
0.505733
-0.42164
1.05879
-0.224644
1.02087
0.366333
0.907103
0.563326
0.86918
0.646554
0.240281
0.529096
0.160745
0.411639
0.0812091
0.845142
-1.38122
0.350179
2
0.576642
-0.839228
0.330151
1.5
0.551748
-0.252201
0.315317
1.2
-0.005
0.57
0.7
1
-0.290465
1.55448
0.35
0.5
0.657367
1.33117
0.362353
0.5
0
-0.025
-0.02
-0.005
0.7
-0.924468
0.570398
-0.395363
1.22229
-0.444058
1.42685
-0.152146
1.20927
-0.155572
1.43733
0.40027
1.17107
0.415
1.38
0.658648
1.14162
0.685
1.35
0.235
-0.31
-0.435
-0.06
-0.455
-0.34
-0.419948
-0.637945
-0.544504
0.351461
-0.723839
0.571314
-0.463467
1.14984
-0.26387
1.12958
0.33491
1.0688
0.534505
1.04854
0.67332
0.429497
0.563393
0.33983
0.453466
0.250162
1.01529
-1.16801
0.350179
2
0.699657
-0.652008
0.330151
1.5
0.62267
-0.0694879
0.315317
1.2
-0.005
0.7
0.7
1
-0.376875
1.65526
0.35
0.5
0.587105
1.51708
0.362353
0.5
0
-0.025
-0.02
-0.005
0.7
-0.924468
0.570398
-0.395363
1.22229
-0.444058
1.42685
-0.152146
1.20927
-0.155572
1.43733
0.40027
1.17107
0.415
1.38
0.658648
1.14162
0.685
1.35
0.435
0.11
-0.005
-0.03
-0.205
-0.34
-0.185044
-0.639336
-0.544504
0.351461
-0.723839
0.571314
-0.463467
1.14984
-0.26387
1.12958
0.33491
1.0688
0.534505
1.04854
0.67332
0.429497
0.563393
0.33983
0.453466
0.250162
1.01529
-1.16801
0.350179
2
0.699657
-0.652008
0.330151
1.5
0.62267
-0.0694879
0.315317
1.2
-0.005
0.7
0.7
1
-0.376875
1.65526
0.35
0.5
0.587105
1.51708
0.362353
0.5
0
0.045
0.12
0.005
0.81
-0.898232
0.593978
-0.433083
1.2931
-0.445
1.44
-0.189687
1.30315
-0.195
1.47
0.363954
1.31738
0.345
1.46
0.605
1.27
0.645
1.41
0.535
0.16
-0.015
-0.02
0.065
-0.34
0.136236
-0.63142
-0.4992
0.411931
-0.698558
0.61387
-0.494039
1.21452
-0.293388
1.21323
0.308553
1.20936
0.509201
1.20807
0.705977
0.604834
0.605007
0.505156
0.504038
0.405477
1.19759
-0.953412
0.350179
2
0.834508
-0.469502
0.330151
1.5
0.702748
0.103216
0.315317
1.2
0.005
0.81
0.7
1
-0.455633
1.72595
0.35
0.5
0.517251
1.67956
0.362353
0.5
0
0.045
0.12
0.005
0.81
-0.898232
0.593978
-0.433083
1.2931
-0.445
1.44
-0.189687
1.30315
-0.195
1.47
0.363954
1.31738
0.345
1.46
0.605
1.27
0.645
1.41
0.515
0.15
-0.015
-0.02
0.155
-0.39
0.335
-0.62
-0.4992
0.411931
-0.698558
0.61387
-0.494039
1.21452
-0.293388
1.21323
0.308553
1.20936
0.509201
1.20807
0.705977
0.604834
0.605007
0.505156
0.504038
0.405477
1.19759
-0.953412
0.350179
2
0.834508
-0.469502
0.330151
1.5
0.702748
0.103216
0.315317
1.2
0.005
0.81
0.7
1
-0.455633
1.72595
0.35
0.5
0.517251
1.67956
0.362353
0.5
0
0.035
0.19
-0.005
0.88
-0.945
0.6
-0.525
1.4
-0.595
1.6
-0.295
1.36
-0.375
1.54
0.305
1.37
0.295
1.49
0.565
1.37
0.605
1.57
0.565
0.32
0.425
-0.2
0.485
-0.27
0.713373
-0.46454
-0.5092
0.481931
-0.708558
0.68387
-0.504039
1.28452
-0.303388
1.28323
0.298553
1.27936
0.499201
1.27807
0.695977
0.674834
0.595007
0.575156
0.494038
0.475477
1.18759
-0.883412
0.350179
2
0.824508
-0.399502
0.330151
1.5
0.692748
0.173216
0.315317
1.2
-0.005
0.88
0.7
1
-0.465633
1.79595
0.35
0.5
0.507251
1.74956
0.362353
0.5
0
0.035
0.19
-0.005
0.88
-0.945
0.6
-0.525
1.4
-0.595
1.6
-0.295
1.36
-0.375
1.54
0.305
1.37
0.295
1.49
0.565
1.37
0.605
1.57
0.445
-0.07
0.645
-0.53
0.945
-0.41
1.135
-0.24
-0.5092
0.481931
-0.708558
0.68387
-0.504039
1.28452
-0.303388
1.28323
0.298553
1.27936
0.499201
1.27807
0.695977
0.674834
0.595007
0.575156
0.494038
0.475477
1.18759
-0.883412
0.350179
2
0.824508
-0.399502
0.330151
1.5
0.692748
0.173216
0.315317
1.2
-0.005
0.88
0.7
1
-0.465633
1.79595
0.35
0.5
0.507251
1.74956
0.362353
0.5
0
0.035
0.19
-0.005
0.88
-0.945
0.6
-0.525
1.4
-0.595
1.6
-0.295
1.36
-0.375
1.54
0.305
1.37
0.295
1.49
0.565
1.37
0.605
1.57
0.475
0.04
0.685
-0.17
0.975
-0.14
1.165
0.03
-0.5092
0.481931
-0.708558
0.68387
-0.504039
1.28452
-0.303388
1.28323
0.298553
1.27936
0.499201
1.27807
0.695977
0.674834
0.595007
0.575156
0.494038
0.475477
1.18759
-0.883412
0.350179
2
0.824508
-0.399502
0.330151
1.5
0.692748
0.173216
0.315317
1.2
-0.005
0.88
0.7
1
-0.465633
1.79595
0.35
0.5
0.507251
1.74956
0.362353
0.5
0
-0.035
0.16
-0.015
0.82
-0.975646
0.62187
-0.525
1.39
-0.595
1.61
-0.285
1.35
-0.385
1.54
0.345
1.3
0.295
1.48
0.59506
1.25918
0.595
1.58
0.390999
-0.0582131
0.615
-0.34
0.915
-0.17
1.095
0.05
-0.551594
0.466751
-0.732855
0.685097
-0.477423
1.26596
-0.277617
1.24742
0.321791
1.19179
0.521595
1.17325
0.665769
0.555295
0.556595
0.464665
0.447422
0.374035
1.02157
-1.03954
0.350179
2
0.701429
-0.526169
0.330151
1.5
0.61941
0.0557878
0.315317
1.2
-0.015
0.82
0.7
1
-0.395172
1.77222
0.35
0.5
0.570167
1.64232
0.362353
0.5
0
-0.095
0.04
-0.035
0.75
-1.0049
0.603421
-0.525
1.38
-0.595
1.59
-0.285
1.35
-0.395
1.55
0.365
1.23
0.310865
1.48163
0.615
1.2
0.595
1.58
0.323563
-0.148677
0.515
-0.39
0.835
-0.34
1.065
-0.18
-0.589712
0.42588
-0.759068
0.653601
-0.472982
1.22003
-0.274441
1.19085
0.321173
1.1033
0.519712
1.07412
0.630703
0.449321
0.516841
0.364643
0.402981
0.279965
0.900882
-1.16231
0.350179
2
0.608588
-0.632559
0.330151
1.5
0.557745
-0.0470247
0.315317
1.2
-0.035
0.75
0.7
1
-0.363821
1.7212
0.35
0.5
0.593256
1.53996
0.362353
0.5
0
-0.155
-0.00999999
-0.045
0.67
-1.02345
0.599534
-0.515
1.35
-0.605
1.6
-0.235
1.34
-0.285
1.55
0.385
1.19
0.315
1.47
0.625
1.19
0.595
1.58
0.242376
-0.253977
0.414413
-0.509519
0.755
-0.55
0.996799
-0.408422
-0.623349
0.390127
-0.774433
0.630384
-0.445003
1.17281
-0.24933
1.12822
0.33768
0.99446
0.53335
0.949872
0.59526
0.318275
0.47513
0.242733
0.355002
0.167191
0.738886
-1.30964
0.350179
2
0.488796
-0.758658
0.330151
1.5
0.483791
-0.1709
0.315317
1.2
-0.045
0.67
0.7
1
-0.297063
1.66396
0.35
0.5
0.643022
1.40858
0.362353
0.5
0
-0.295
-0.04
-0.095
0.68
-1.07566
0.710398
-0.515
1.35
-0.605
1.6
-0.245
1.35
-0.275
1.54
0.395
1.17
0.335
1.49
0.625
1.13
0.605
1.57
0.095992
-0.268748
0.240897
-0.540647
0.535
-0.65
0.775
-0.59
-0.699125
0.460971
-0.824754
0.715512
-0.4413
1.22131
-0.251214
1.15685
0.319041
0.963485
0.509125
0.899028
0.505842
0.264317
0.378571
0.201503
0.251301
0.138688
0.481517
-1.36998
0.350179
2
0.289307
-0.796146
0.330151
1.5
0.3447
-0.210895
0.315317
1.2
-0.095
0.68
0.7
1
-0.243672
1.69475
0.35
0.5
0.665351
1.34412
0.362353
0.5
0
-0.295
-0.04
-0.095
0.68
-1.07566
0.710398
-0.515
1.35
-0.605
1.6
-0.245
1.35
-0.275
1.54
0.395
1.17
0.335
1.49
0.625
1.13
0.605
1.57
0.205
-0.25
0.240897
-0.540647
0.445
-0.85
0.739534
-0.907007
-0.699125
0.460971
-0.824754
0.715512
-0.4413
1.22131
-0.251214
1.15685
0.319041
0.963485
0.509125
0.899028
0.505842
0.264317
0.378571
0.201503
0.251301
0.138688
0.481517
-1.36998
0.350179
2
0.289307
-0.796146
0.330151
1.5
0.3447
-0.210895
0.315317
1.2
-0.095
0.68
0.7
1
-0.243672
1.69475
0.35
0.5
0.665351
1.34412
0.362353
0.5
0
-0.225
-0.16
-0.085
0.6
-1.06456
0.542022
-0.495
1.28
-0.595
1.58
-0.235
1.23
-0.275
1.54
0.405
1.16
0.345
1.5
0.625
1.13
0.615
1.55
0.335
-0.28
0.335
-0.72
0.525
-0.95
0.775
-0.99
-0.667052
0.327456
-0.815099
0.569696
-0.478665
1.10803
-0.283519
1.06093
0.30191
0.919641
0.497053
0.872543
0.550905
0.240016
0.429784
0.165993
0.308665
0.0919694
0.67376
-1.39009
0.350179
2
0.430656
-0.835792
0.330151
1.5
0.433161
-0.247841
0.315317
1.2
-0.085
0.6
0.7
1
-0.324416
1.5974
0.35
0.5
0.61261
1.32995
0.362353
0.5
0
-0.105
-0.22
-0.065
0.5
-1.065
0.33
-0.485
1.23
-0.595
1.58
-0.225
1.19
-0.275
1.54
0.405267
1.14006
0.355
1.49
0.626786
1.10887
0.625
1.56
0.473507
-0.313078
0.465
-0.88
0.725
-1.1
1.005
-1.12
-0.60352
0.149022
-0.783877
0.368325
-0.52563
0.948343
-0.325797
0.928867
0.273691
0.87045
0.473521
0.850976
0.614933
0.232015
0.50528
0.141836
0.39563
0.0516573
0.963592
-1.36535
0.350179
2
0.645637
-0.85022
0.330151
1.5
0.566249
-0.267559
0.315317
1.2
-0.065
0.5
0.7
1
-0.441003
1.4545
0.35
0.5
0.524278
1.32009
0.362353
0.5
0
0.005
-0.23
0.005
0.49
-0.985
0.2
-0.484525
1.21264
-0.585
1.61
-0.215116
1.19727
-0.295
1.53
0.398945
1.16857
0.315
1.49
0.624431
1.1523
0.605
1.6
0.586899
-0.292671
0.609195
-0.859247
0.880772
-1.06481
1.16146
-1.06958
-0.51369
0.110275
-0.7057
0.319469
-0.479323
0.912686
-0.278718
0.904091
0.323088
0.878317
0.523691
0.869724
0.698518
0.259325
0.59392
0.16332
0.489323
0.0673141
1.13344
-1.31682
0.350179
2
0.787957
-0.819699
0.330151
1.5
0.677036
-0.242181
0.315317
1.2
0.005
0.49
0.7
1
-0.422307
1.42272
0.35
0.5
0.548897
1.34093
0.362353
0.5
0
0.015
-0.21
0.005
0.46
-0.977758
0.146165
-0.501856
1.17065
-0.595
1.6
-0.232141
1.16179
-0.315
1.53
0.382465
1.14792
0.315
1.48
0.608289
1.1371
0.595
1.6
0.605657
-0.308432
0.705
-0.87
0.865
-1.16
1.14573
-1.15799
-0.504395
0.0678419
-0.701411
0.27235
-0.489412
0.870889
-0.288648
0.86714
0.313635
0.855904
0.514396
0.852157
0.703921
0.246127
0.601666
0.147619
0.499413
0.0491109
1.17679
-1.31914
0.350179
2
0.819392
-0.830477
0.330151
1.5
0.694554
-0.255777
0.315317
1.2
0.005
0.46
0.7
1
-0.444726
1.38217
0.35
0.5
0.528219
1.32385
0.362353
0.5
0
0.015
-0.21
0.005
0.46
-0.977758
0.146165
-0.501856
1.17065
-0.595
1.6
-0.232141
1.16179
-0.315
1.53
0.382465
1.14792
0.315
1.48
0.608289
1.1371
0.595
1.6
0.615
-0.34
0.605
-0.92
0.845
-1.17
1.13986
-1.22529
-0.504395
0.0678419
-0.701411
0.27235
-0.489412
0.870889
-0.288648
0.86714
0.313635
0.855904
0.514396
0.852157
0.703921
0.246127
0.601666
0.147619
0.499413
0.0491109
1.17679
-1.31914
0.350179
2
0.819392
-0.830477
0.330151
1.5
0.694554
-0.255777
0.315317
1.2
0.005
0.46
0.7
1
-0.444726
1.38217
0.35
0.5
0.528219
1.32385
0.362353
0.5
0
0.025
-0.22
0.005
0.46
-0.974571
0.136253
-0.509018
1.16552
-0.606493
1.59392
-0.239219
1.15938
-0.325792
1.52675
0.375514
1.15171
0.304699
1.48311
0.601443
1.14318
0.583482
1.60593
0.623061
-0.333827
0.529825
-1.00482
0.83214
-1.23179
1.12755
-1.2841
-0.500427
0.0627092
-0.699502
0.265224
-0.493549
0.865891
-0.292751
0.864168
0.309633
0.85901
0.510428
0.85729
0.706065
0.253185
0.604806
0.153647
0.503549
0.0541093
1.19472
-1.30728
0.350179
2
0.832399
-0.822231
0.330151
1.5
0.701763
-0.248803
0.315317
1.2
0.005
0.46
0.7
1
-0.454024
1.37762
0.35
0.5
0.51949
1.32912
0.362353
0.5
0
0.025
-0.22
0.005
0.46
-0.974571
0.136253
-0.509018
1.16552
-0.606493
1.59392
-0.239219
1.15938
-0.325792
1.52675
0.375514
1.15171
0.304699
1.48311
0.601443
1.14318
0.583482
1.60593
0.595
-0.47
0.575
-1.02
0.825
-1.36
1.105
-1.4
-0.500427
0.0627092
-0.699502
0.265224
-0.493549
0.865891
-0.292751
0.864168
0.309633
0.85901
0.510428
0.85729
0.706065
0.253185
0.604806
0.153647
0.503549
0.0541093
1.19472
-1.30728
0.350179
2
0.832399
-0.822231
0.330151
1.5
0.701763
-0.248803
0.315317
1.2
0.005
0.46
0.7
1
-0.454024
1.37762
0.35
0.5
0.51949
1.32912
0.362353
0.5
0
0.025
-0.22
0.005
0.46
-0.974571
0.136253
-0.509018
1.16552
-0.606493
1.59392
-0.239219
1.15938
-0.325792
1.52675
0.375514
1.15171
0.304699
1.48311
0.601443
1.14318
0.583482
1.60593
0.705
-0.39
0.575
-1.02
0.815
-1.44
1.095
-1.48
-0.500427
0.0627092
-0.699502
0.265224
-0.493549
0.865891
-0.292751
0.864168
0.309633
0.85901
0.510428
0.85729
0.706065
0.253185
0.604806
0.153647
0.503549
0.0541093
1.19472
-1.30728
0.350179
2
0.832399
-0.822231
0.330151
1.5
0.701763
-0.248803
0.315317
1.2
0.005
0.46
0.7
1
-0.454024
1.37762
0.35
0.5
0.51949
1.32912
0.362353
0.5
0
0.025
-0.22
0.005
0.46
-0.974571
0.136253
-0.509018
1.16552
-0.606493
1.59392
-0.239219
1.15938
-0.325792
1.52675
0.375514
1.15171
0.304699
1.48311
0.601443
1.14318
0.583482
1.60593
0.705
-0.39
0.575
-1.02
0.815
-1.44
1.095
-1.48
-0.500427
0.0627092
-0.699502
0.265224
-0.493549
0.865891
-0.292751
0.864168
0.309633
0.85901
0.510428
0.85729
0.706065
0.253185
0.604806
0.153647
0.503549
0.0541093
1.19472
-1.30728
0.350179
2
0.832399
-0.822231
0.330151
1.5
0.701763
-0.248803
0.315317
1.2
0.005
0.46
0.7
1
-0.454024
1.37762
0.35
0.5
0.51949
1.32912
0.362353
0.5
0
0.025
-0.25
0.005
0.43
-0.974571
0.106253
-0.52009
1.13471
-0.628948
1.58769
-0.247187
1.13069
-0.345
1.51
0.375514
1.12171
0.295
1.48
0.601443
1.11317
0.565
1.6
0.705
-0.42
0.575
-1.05
0.815
-1.47
1.095
-1.51
-0.500427
0.0327092
-0.699502
0.235224
-0.493549
0.835891
-0.292751
0.834167
0.309633
0.82901
0.510428
0.827289
0.706065
0.223185
0.604806
0.123647
0.503549
0.0241093
1.19472
-1.33728
0.350179
2
0.832399
-0.852231
0.330151
1.5
0.701763
-0.278803
0.315317
1.2
0.005
0.43
0.7
1
-0.454024
1.34762
0.35
0.5
0.51949
1.29912
0.362353
0.5
0
0.025
-0.25
0.005
0.43
-0.974571
0.106253
-0.52009
1.13471
-0.628948
1.58769
-0.247187
1.13069
-0.345
1.51
0.375514
1.12171
0.305
1.5
0.601443
1.11317
0.565
1.6
0.705
-0.42
0.615
-1.03
0.895
-1.35
1.19483
-1.34001
-0.500427
0.0327092
-0.699502
0.235224
-0.493549
0.835891
-0.292751
0.834167
0.309633
0.82901
0.510428
0.827289
0.706065
0.223185
0.604806
0.123647
0.503549
0.0241093
1.19472
-1.33728
0.350179
2
0.832399
-0.852231
0.330151
1.5
0.701763
-0.278803
0.315317
1.2
0.005
0.43
0.7
1
-0.454024
1.34762
0.35
0.5
0.51949
1.29912
0.362353
0.5
0
0.025
-0.25
0.005
0.43
-0.974571
0.106253
-0.52009
1.13471
-0.628948
1.58769
-0.247187
1.13069
-0.345
1.51
0.375514
1.12171
0.345
1.44
0.601443
1.11317
0.575
1.59
0.705
-0.42
0.765
-1.03
1.005
-1.34
1.30483
-1.33001
-0.500427
0.0327092
-0.699502
0.235224
-0.493549
0.835891
-0.292751
0.834167
0.309633
0.82901
0.510428
0.827289
0.706065
0.223185
0.604806
0.123647
0.503549
0.0241093
1.19472
-1.33728
0.350179
2
0.832399
-0.852231
0.330151
1.5
0.701763
-0.278803
0.315317
1.2
0.005
0.43
0.7
1
-0.454024
1.34762
0.35
0.5
0.51949
1.29912
0.362353
0.5
0
