30
10
15
9
6
0.170868
-0.567118
0.095
0.43
-0.778165
-0.141518
-0.473667
1.0756
-0.565164
1.56715
-0.238348
1.0974
-0.275
1.49
0.372028
1.16205
0.295
1.53
0.620761
1.18748
0.605
1.59
3.695
-2.48
3.075
1.22
1.665
-0.9
1.61889
-1.19643
-0.361782
-0.0188305
-0.581112
0.159814
-0.443153
0.777117
-0.244166
0.79746
0.352795
0.858488
0.551782
0.87883
0.811797
0.302212
0.722475
0.192548
0.633153
0.0828829
1.655
-1.05
0.404599
2
2.405
-0.51
0.481664
1.5
1.065
-0.13
0.403113
1.2
0.095
0.43
0.7
1
-0.468119
1.26718
0.308707
0.5
0.48012
1.33396
0.299666
0.5
0
0.170868
-0.567118
0.095
0.43
-0.778165
-0.141518
-0.473667
1.0756
-0.565164
1.56715
-0.238348
1.0974
-0.275
1.49
0.372028
1.16205
0.295
1.53
0.620761
1.18748
0.605
1.59
3.695
-2.48
3.075
1.22
1.955
-0.45
1.785
-0.69
-0.361782
-0.0188305
-0.581112
0.159814
-0.443153
0.777117
-0.244166
0.79746
0.352795
0.858488
0.551782
0.87883
0.811797
0.302212
0.722475
0.192548
0.633153
0.0828829
1.805
-0.59
0.404599
2
2.535
-0.41
0.481664
1.5
1.065
-0.13
0.403113
1.2
0.095
0.43
0.7
1
-0.468119
1.26718
0.308707
0.5
0.48012
1.33396
0.299666
0.5
0
0.170868
-0.567118
0.095
0.43
-0.778165
-0.141518
-0.473667
1.0756
-0.565164
1.56715
-0.238348
1.0974
-0.275
1.49
0.372028
1.16205
0.295
1.53
0.620761
1.18748
0.605
1.59
3.485
-2.41
3.075
0.71
2.085
-0.32
1.83538
-0.48641
-0.361782
-0.0188305
-0.581112
0.159814
-0.443153
0.777117
-0.244166
0.79746
0.352795
0.858488
0.551782
0.87883
0.811797
0.302212
0.722475
0.192548
0.633153
0.0828829
1.835
-0.41
0.404599
2
2.405
-0.51
0.481664
1.5
1.065
-0.13
0.403113
1.2
0.095
0.43
0.7
1
-0.468119
1.26718
0.308707
0.5
0.48012
1.33396
0.299666
0.5
0
0.170868
-0.567118
0.095
0.43
-0.778165
-0.141518
-0.473667
1.0756
-0.565164
1.56715
-0.238348
1.0974
-0.275
1.49
0.372028
1.16205
0.295
1.53
0.620761
1.18748
0.605
1.59
3.195
-2.15
3.415
-0.13
2.275
-0.26
1.98083
-0.318835
-0.361782
-0.0188305
-0.581112
0.159814
-0.443153
0.777117
-0.244166
0.79746
0.352795
0.858488
0.551782
0.87883
0.811797
0.302212
0.722475
0.192548
0.633153
0.0828829
2.045
-0.39
0.404599
2
2.435
-0.64
0.581807
1.5
1.165
-0.19
0.403113
1.2
0.095
0.43
0.7
1
-0.468119
1.26718
0.308707
0.5
0.48012
1.33396
0.299666
0.5
0
0.170868
-0.567118
0.095
0.43
-0.778165
-0.141518
-0.473667
1.0756
-0.565164
1.56715
-0.238348
1.0974
-0.275
1.49
0.372028
1.16205
0.295
1.53
0.620761
1.18748
0.605
1.59
3.385
-1.85
3.225
-0.42
2.515
-0.28
2.215
-0.28
-0.361782
-0.0188305
-0.581112
0.159814
-0.443153
0.777117
-0.244166
0.79746
0.352795
0.858488
0.551782
0.87883
0.811797
0.302212
0.722475
0.192548
0.633153
0.0828829
2.245
-0.49
0.517397
2
2.615
-0.67
0.481664
1.5
1.255
-0.17
0.438292
1.2
0.095
0.43
0.7
1
-0.468119
1.26718
0.308707
0.5
0.48012
1.33396
0.299666
0.5
0
0.170868
-0.567118
0.095
0.43
-0.778165
-0.141518
-0.473667
1.0756
-0.565164
1.56715
-0.238348
1.0974
-0.275
1.49
0.372028
1.16205
0.295
1.53
0.620761
1.18748
0.605
1.59
3.385
-1.85
3.225
-0.42
2.775
-0.26
2.545
-0.16
-0.361782
-0.0188305
-0.581112
0.159814
-0.443153
0.777117
-0.244166
0.79746
0.352795
0.858488
0.551782
0.87883
0.811797
0.302212
0.722475
0.192548
0.633153
0.0828829
2.685
-0.47
0.454863
2
1.815
-0.51
0.481664
1.5
1.065
-0.13
0.403113
1.2
0.095
0.43
0.7
1
-0.468119
1.26718
0.308707
0.5
0.48012
1.33396
0.299666
0.5
0
0.170868
-0.567118
0.095
0.43
-0.778165
-0.141518
-0.473667
1.0756
-0.565164
1.56715
-0.238348
1.0974
-0.275
1.49
0.372028
1.16205
0.295
1.53
0.620761
1.18748
0.605
1.59
3.165
-1.76
3.115
-0.64
2.865
-0.22
2.725
-0.03
-0.361782
-0.0188305
-0.581112
0.159814
-0.443153
0.777117
-0.244166
0.79746
0.352795
0.858488
0.551782
0.87883
0.811797
0.302212
0.722475
0.192548
0.633153
0.0828829
2.635
-0.48
0.579828
2
1.765
-0.43
0.481664
1.5
1.065
-0.13
0.403113
1.2
0.095
0.43
0.7
1
-0.468119
1.26718
0.308707
0.5
0.48012
1.33396
0.299666
0.5
0
0.170868
-0.567118
0.095
0.43
-0.778165
-0.141518
-0.473667
1.0756
-0.565164
1.56715
-0.238348
1.0974
-0.275
1.49
0.372028
1.16205
0.295
1.53
0.620761
1.18748
0.605
1.59
2.935
-1.58
3.115
-0.64
3.065
-0.25
3.085
0
-0.361782
-0.0188305
-0.581112
0.159814
-0.443153
0.777117
-0.244166
0.79746
0.352795
0.858488
0.551782
0.87883
0.811797
0.302212
0.722475
0.192548
0.633153
0.0828829
2.955
-0.35
0.556058
2
1.935
-0.61
0.481664
1.5
1.065
-0.13
0.47927
1.2
0.095
0.43
0.7
1
-0.468119
1.26718
0.308707
0.5
0.48012
1.33396
0.299666
0.5
0
0.170868
-0.567118
0.095
0.43
-0.778165
-0.141518
-0.473667
1.0756
-0.565164
1.56715
-0.238348
1.0974
-0.275
1.49
0.372028
1.16205
0.295
1.53
0.620761
1.18748
0.605
1.59
2.935
-1.58
3.115
-0.64
3.205
-0.38
3.285
-0.14
-0.361782
-0.0188305
-0.581112
0.159814
-0.443153
0.777117
-0.244166
0.79746
0.352795
0.858488
0.551782
0.87883
0.811797
0.302212
0.722475
0.192548
0.633153
0.0828829
3.085
-0.44
0.532635
2
1.915
-0.59
0.453101
1.5
1.065
-0.13
0.465188
1.2
0.095
0.43
0.7
1
-0.468119
1.26718
0.308707
0.5
0.48012
1.33396
0.299666
0.5
0
0.170868
-0.567118
0.095
0.43
-0.778165
-0.141518
-0.473667
1.0756
-0.565164
1.56715
-0.238348
1.0974
-0.275
1.49
0.372028
1.16205
0.295
1.53
0.620761
1.18748
0.605
1.59
2.695
-1.51
3.065
-0.81
3.285
-0.63
3.435
-0.44
-0.361782
-0.0188305
-0.581112
0.159814
-0.443153
0.777117
-0.244166
0.79746
0.352795
0.858488
0.551782
0.87883
0.811797
0.302212
0.722475
0.192548
0.633153
0.0828829
3.225
-0.66
0.559017
2
1.925
-0.74
0.481664
1.5
1.065
-0.13
0.492037
1.2
0.095
0.43
0.7
1
-0.468119
1.26718
0.308707
0.5
0.48012
1.33396
0.299666
0.5
0
0.170868
-0.567118
0.095
0.43
-0.778165
-0.141518
-0.473667
1.0756
-0.565164
1.56715
-0.238348
1.0974
-0.275
1.49
0.372028
1.16205
0.295
1.53
0.620761
1.18748
0.605
1.59
2.475
-1.29
2.955
-0.9
3.335
-0.8
3.555
-0.7
-0.361782
-0.0188305
-0.581112
0.159814
-0.443153
0.777117
-0.244166
0.79746
0.352795
0.858488
0.551782
0.87883
0.811797
0.302212
0.722475
0.192548
0.633153
0.0828829
3.285
-0.79
0.570088
2
1.925
-0.69
0.481664
1.5
1.065
-0.13
0.403113
1.2
0.095
0.43
0.7
1
-0.468119
1.26718
0.308707
0.5
0.48012
1.33396
0.299666
0.5
0
0.170868
-0.567118
0.095
0.43
-0.778165
-0.141518
-0.473667
1.0756
-0.565164
1.56715
-0.238348
1.0974
-0.275
1.49
0.372028
1.16205
0.295
1.53
0.620761
1.18748
0.605
1.59
2.205
-1.06
2.955
-0.9
3.325
-0.89
3.575
-0.86
-0.361782
-0.0188305
-0.581112
0.159814
-0.443153
0.777117
-0.244166
0.79746
0.352795
0.858488
0.551782
0.87883
0.811797
0.302212
0.722475
0.192548
0.633153
0.0828829
3.255
-0.91
0.552268
2
1.975
-0.6
0.481664
1.5
1.065
-0.13
0.492443
1.2
0.095
0.43
0.7
1
-0.468119
1.26718
0.308707
0.5
0.48012
1.33396
0.299666
0.5
0
0.170868
-0.567118
0.095
0.43
-0.778165
-0.141518
-0.473667
1.0756
-0.565164
1.56715
-0.238348
1.0974
-0.275
1.49
0.372028
1.16205
0.295
1.53
0.620761
1.18748
0.605
1.59
1.255
-0.23
2.605
-0.92
3.325
-1.27
3.565
-1.37
-0.361782
-0.0188305
-0.581112
0.159814
-0.443153
0.777117
-0.244166
0.79746
0.352795
0.858488
0.551782
0.87883
0.811797
0.302212
0.722475
0.192548
0.633153
0.0828829
3.305
-1.31
0.549181
2
2.155
-0.64
0.564004
1.5
1.065
-0.13
0.608276
1.2
0.095
0.43
0.7
1
-0.468119
1.26718
0.308707
0.5
0.48012
1.33396
0.299666
0.5
1
2.145
0.04
1.26127
0.21693
0.976187
0.4
0.7
0.45
0
0.170868
-0.567118
0.095
0.43
-0.778165
-0.141518
-0.473667
1.0756
-0.565164
1.56715
-0.238348
1.0974
-0.275
1.49
0.372028
1.16205
0.295
1.53
0.620761
1.18748
0.605
1.59
1.255
-0.23
2.605
-0.92
2.995
-1.26
3.26841
-1.38348
-0.361782
-0.0188305
-0.581112
0.159814
-0.443153
0.777117
-0.244166
0.79746
0.352795
0.858488
0.551782
0.87883
0.811797
0.302212
0.722475
0.192548
0.633153
0.0828829
3.005
-1.29
0.549181
2
1.995
-0.59
0.481664
1.5
1.065
-0.13
0.472017
1.2
0.095
0.43
0.7
1
-0.468119
1.26718
0.308707
0.5
0.48012
1.33396
0.299666
0.5
0
0.170868
-0.567118
0.095
0.43
-0.778165
-0.141518
-0.473667
1.0756
-0.565164
1.56715
-0.238348
1.0974
-0.275
1.49
0.372028
1.16205
0.295
1.53
0.620761
1.18748
0.605
1.59
1.255
-0.23
2.545
-0.97
2.815
-1.19
3.07725
-1.33569
-0.361782
-0.0188305
-0.581112
0.159814
-0.443153
0.777117
-0.244166
0.79746
0.352795
0.858488
0.551782
0.87883
0.811797
0.302212
0.722475
0.192548
0.633153
0.0828829
2.945
-1.28
0.478017
2
1.975
-0.63
0.481664
1.5
1.065
-0.13
0.491935
1.2
0.095
0.43
0.7
1
-0.468119
1.26718
0.308707
0.5
0.48012
1.33396
0.299666
0.5
0
0.170868
-0.567118
0.095
0.43
-0.778165
-0.141518
-0.473667
1.0756
-0.565164
1.56715
-0.238348
1.0974
-0.275
1.49
0.372028
1.16205
0.295
1.53
0.620761
1.18748
0.605
1.59
1.255
-0.23
2.285
-0.87
2.695
-1.11
2.95725
-1.25569
-0.361782
-0.0188305
-0.581112
0.159814
-0.443153
0.777117
-0.244166
0.79746
0.352795
0.858488
0.551782
0.87883
0.811797
0.302212
0.722475
0.192548
0.633153
0.0828829
2.815
-1.18
0.464004
2
1.945
-0.62
0.481664
1.5
1.065
-0.13
0.503289
1.2
0.095
0.43
0.7
1
-0.468119
1.26718
0.308707
0.5
0.48012
1.33396
0.299666
0.5
0
0.170868
-0.567118
0.095
0.43
-0.778165
-0.141518
-0.473667
1.0756
-0.565164
1.56715
-0.238348
1.0974
-0.275
1.49
0.372028
1.16205
0.295
1.53
0.620761
1.18748
0.605
1.59
1.255
-0.23
2.285
-0.87
2.495
-1.02
2.75725
-1.16569
-0.361782
-0.0188305
-0.581112
0.159814
-0.443153
0.777117
-0.244166
0.79746
0.352795
0.858488
0.551782
0.87883
0.811797
0.302212
0.722475
0.192548
0.633153
0.0828829
2.595
-1.12
0.508036
2
1.825
-0.57
0.468615
1.5
1.045
-0.1
0.458039
1.2
0.095
0.43
0.7
1
-0.468119
1.26718
0.308707
0.5
0.48012
1.33396
0.299666
0.5
0
0.170868
-0.567118
0.095
0.43
-0.778165
-0.141518
-0.473667
1.0756
-0.565164
1.56715
-0.238348
1.0974
-0.275
1.49
0.372028
1.16205
0.295
1.53
0.620761
1.18748
0.605
1.59
1.245
-0.34
2.025
-0.82
2.355
-0.94
2.65448
-0.957617
-0.361782
-0.0188305
-0.581112
0.159814
-0.443153
0.777117
-0.244166
0.79746
0.352795
0.858488
0.551782
0.87883
0.811797
0.302212
0.722475
0.192548
0.633153
0.0828829
2.475
-0.99
0.481664
2
1.665
-0.51
0.431857
1.5
0.965
-0.03
0.403113
1.2
0.095
0.43
0.7
1
-0.468119
1.26718
0.308707
0.5
0.48012
1.33396
0.299666
0.5
0
0.170868
-0.567118
0.095
0.43
-0.778165
-0.141518
-0.473667
1.0756
-0.565164
1.56715
-0.238348
1.0974
-0.275
1.49
0.372028
1.16205
0.295
1.53
0.620761
1.18748
0.605
1.59
1.155
-0.38
1.895
-0.87
2.275
-0.89
2.575
-0.89
-0.361782
-0.0188305
-0.581112
0.159814
-0.443153
0.777117
-0.244166
0.79746
0.352795
0.858488
0.551782
0.87883
0.811797
0.302212
0.722475
0.192548
0.633153
0.0828829
2.365
-0.89
0.466905
2
1.515
-0.49
0.402492
1.5
0.905
-0.02
0.403113
1.2
0.095
0.43
0.7
1
-0.468119
1.26718
0.308707
0.5
0.48012
1.33396
0.299666
0.5
0
0.170868
-0.567118
0.095
0.43
-0.778165
-0.141518
-0.473667
1.0756
-0.565164
1.56715
-0.238348
1.0974
-0.275
1.49
0.372028
1.16205
0.295
1.53
0.620761
1.18748
0.605
1.59
1.085
-0.41
1.775
-0.9
2.205
-0.85
2.495
-0.79
-0.361782
-0.0188305
-0.581112
0.159814
-0.443153
0.777117
-0.244166
0.79746
0.352795
0.858488
0.551782
0.87883
0.811797
0.302212
0.722475
0.192548
0.633153
0.0828829
2.355
-0.81
0.48104
2
1.455
-0.65
0.526308
1.5
0.885
-0.01
0.403113
1.2
0.095
0.43
0.7
1
-0.468119
1.26718
0.308707
0.5
0.48012
1.33396
0.299666
0.5
0
0.114604
-0.569808
0.095
0.43
-0.810132
-0.0894729
-0.43494
1.10778
-0.497526
1.60386
-0.198742
1.11578
-0.212363
1.50986
0.414389
1.14461
0.359018
1.51645
0.664192
1.15545
0.672006
1.55821
1.03419
-0.466505
1.69436
-0.996048
2.015
-0.91
2.3042
-0.830221
-0.387272
0.00864819
-0.595781
0.199824
-0.42194
0.808017
-0.222098
0.816684
0.377429
0.842685
0.577272
0.851351
0.803115
0.260492
0.707527
0.156238
0.61194
0.0519831
2.125
-0.91
0.473814
2
1.325
-0.59
0.438406
1.5
0.925
0.02
0.403113
1.2
0.095
0.43
0.7
1
-0.418193
1.29872
0.308707
0.5
0.532357
1.30991
0.299666
0.5
0
0.114604
-0.569808
0.095
0.43
-0.810132
-0.0894729
-0.43494
1.10778
-0.497526
1.60386
-0.198742
1.11578
-0.212363
1.50986
0.414389
1.14461
0.359018
1.51645
0.664192
1.15545
0.672006
1.55821
0.905
-0.64
1.245
-0.99
1.895
-0.77
2.1842
-0.690221
-0.387272
0.00864819
-0.595781
0.199824
-0.42194
0.808017
-0.222098
0.816684
0.377429
0.842685
0.577272
0.851351
0.803115
0.260492
0.707527
0.156238
0.61194
0.0519831
2.045
-0.75
0.425206
2
1.255
-0.67
0.496488
1.5
0.825
-0.05
0.403113
1.2
0.095
0.43
0.7
1
-0.418193
1.29872
0.308707
0.5
0.532357
1.30991
0.299666
0.5
0
0.114604
-0.569808
0.095
0.43
-0.810132
-0.0894729
-0.43494
1.10778
-0.497526
1.60386
-0.198742
1.11578
-0.212363
1.50986
0.414389
1.14461
0.359018
1.51645
0.664192
1.15545
0.672006
1.55821
0.675
-0.92
1.085
-1.14
1.785
-0.66
2.035
-0.53
-0.387272
0.00864819
-0.595781
0.199824
-0.42194
0.808017
-0.222098
0.816684
0.377429
0.842685
0.577272
0.851351
0.803115
0.260492
0.707527
0.156238
0.61194
0.0519831
1.905
-0.68
0.470106
2
1.035
-0.84
0.481664
1.5
0.765
-0.15
0.403113
1.2
0.095
0.43
0.7
1
-0.418193
1.29872
0.308707
0.5
0.532357
1.30991
0.299666
0.5
0
0.075
-0.53
0.095
0.43
-0.830612
-0.0521946
-0.406918
1.12886
-0.449242
1.62711
-0.170574
1.12723
-0.168126
1.52157
0.443266
1.13105
0.403089
1.50486
0.69332
1.1317
0.717541
1.53384
0.619548
-0.942608
1.02027
-1.17915
1.7393
-0.728037
1.97754
-0.545712
-0.404074
0.0286207
-0.604636
0.228147
-0.406143
0.828794
-0.206099
0.829311
0.394031
0.830863
0.594074
0.831379
0.795669
0.231766
0.695906
0.131486
0.596143
0.0312057
1.805
-0.68
0.466905
2
0.995
-0.81
0.481664
1.5
0.745
-0.12
0.403113
1.2
0.095
0.43
0.7
1
-0.382404
1.31897
0.308707
0.5
0.56788
1.29142
0.299666
0.5
0
0.075
-0.53
0.095
0.43
-0.830612
-0.0521946
-0.406918
1.12886
-0.449242
1.62711
-0.170574
1.12723
-0.168126
1.52157
0.443266
1.13105
0.403089
1.50486
0.69332
1.1317
0.717541
1.53384
0.619548
-0.942608
1.02027
-1.17915
1.525
-0.73
1.75077
-0.532449
-0.404074
0.0286207
-0.604636
0.228147
-0.406143
0.828794
-0.206099
0.829311
0.394031
0.830863
0.594074
0.831379
0.795669
0.231766
0.695906
0.131486
0.596143
0.0312057
1.635
-0.63
0.404599
2
0.905
-0.74
0.481664
1.5
0.655
-0.05
0.403113
1.2
0.095
0.43
0.7
1
-0.382404
1.31897
0.308707
0.5
0.56788
1.29142
0.299666
0.5
0
0.075
-0.53
0.095
0.43
-0.830612
-0.0521946
-0.406918
1.12886
-0.449242
1.62711
-0.170574
1.12723
-0.168126
1.52157
0.443266
1.13105
0.403089
1.50486
0.69332
1.1317
0.717541
1.53384
0.619548
-0.942608
0.955
-1.06
1.295
-0.89
1.525
-0.74
-0.404074
0.0286207
-0.604636
0.228147
-0.406143
0.828794
-0.206099
0.829311
0.394031
0.830863
0.594074
0.831379
0.795669
0.231766
0.695906
0.131486
0.596143
0.0312057
1.385
-0.83
0.404599
2
0.765
-0.8
0.410122
1.5
0.745
-0.09
0.403113
1.2
0.095
0.43
0.7
1
-0.382404
1.31897
0.308707
0.5
0.56788
1.29142
0.299666
0.5
0
0.025
-0.52
0.045
0.44
-0.880612
-0.0421946
-0.456918
1.13886
-0.499242
1.63711
-0.220574
1.13723
-0.218126
1.53157
0.393266
1.14105
0.353089
1.51486
0.64332
1.1417
0.66754
1.54384
0.545
-0.39
0.775
-1.11
1.085
-1.17
1.315
-1.02
-0.454074
0.0386207
-0.654636
0.238147
-0.456143
0.838794
-0.256099
0.839311
0.344031
0.840863
0.544074
0.841379
0.745669
0.241766
0.645906
0.141486
0.546143
0.0412057
1.205
-1.1
0.404599
2
0.685
-0.73
0.360555
1.5
0.615
-0.08
0.403113
1.2
0.045
0.44
0.7
1
-0.432404
1.32897
0.308707
0.5
0.51788
1.30142
0.299666
0.5
0
0.005
-0.53
0.025
0.43
-0.900612
-0.0521946
-0.476918
1.12886
-0.519242
1.62711
-0.240574
1.12723
-0.238126
1.52157
0.373266
1.13105
0.333089
1.50486
0.62332
1.1317
0.647541
1.53384
0.685
-0.33
0.785
-1.02
0.955
-1.29
1.25282
-1.2539
-0.474074
0.0286207
-0.674636
0.228147
-0.476143
0.828794
-0.276099
0.829311
0.324031
0.830863
0.524075
0.831379
0.725669
0.231766
0.625906
0.131486
0.526143
0.0312057
1.105
-1.24
0.404599
2
0.755
-0.71
0.360555
1.5
0.605
-0.18
0.403113
1.2
0.025
0.43
0.7
1
-0.452404
1.31897
0.308707
0.5
0.49788
1.29142
0.299666
0.5
0
-0.045
-0.55
-0.025
0.41
-0.950612
-0.0721946
-0.526918
1.10886
-0.569241
1.60711
-0.290573
1.10723
-0.345
1.54
0.323266
1.11105
0.283089
1.48486
0.57332
1.1117
0.615
1.57
0.715
-0.2
0.685
-1.12
0.965
-1.34
1.26335
-1.30859
-0.524074
0.00862071
-0.724636
0.208147
-0.526143
0.808794
-0.326099
0.809311
0.274031
0.810863
0.474075
0.811379
0.675669
0.211766
0.575906
0.111486
0.476143
0.0112057
1.115
-1.29
0.404599
2
0.685
-0.75
0.345398
1.5
0.635
-0.12
0.403113
1.2
-0.025
0.41
0.7
1
-0.502404
1.29897
0.308707
0.5
0.44788
1.27142
0.299666
0.5
0
0
-1
0
0.4
-0.92665
-0.0796958
-0.5
1.1
-0.6
1.6
-0.35
1.2
-0.4
1.55
0.35
1.1
0.3
1.5
0.6
1.1
0.634233
1.59883
0.7
-0.3
0.9
-1
1.1
-1.3
1.325
-1.32
-0.5
0
-0.7
0.2
-0.5
0.8
-0.3
0.8
0.3
0.8
0.5
0.8
0.7
0.2
0.6
0.1
0.5
0
1.2
-1.35
0.330341
2
0.875
-0.87
0.31241
1.5
0.685
-0.28
0.355106
1.2
0
0.4
0.7
1
-0.475
1.29
0.308707
0.5
0.475
1.26
0.299666
0.5
0
