28
10
15
9
6
-0.0614777
-0.598108
0
0.4
-0.956067
-0.0183383
-0.505
1.1
-0.625
1.57
-0.305926
1.11698
-0.405
1.55
0.354237
1.07827
0.295
1.48
0.609799
1.0544
0.588644
1.55395
0.615
-0.38
0.795
-1.07
0.986997
-1.36831
1.215
-1.39
-0.525074
0.0333889
-0.711639
0.246026
-0.47293
0.831792
-0.273329
0.818756
0.325474
0.779647
0.525074
0.766611
0.685566
0.154772
0.579248
0.0614902
0.47293
-0.0317921
1.08354
-1.42472
0.330341
2
0.790474
-0.924498
0.31241
1.5
0.639309
-0.323292
0.355106
1.2
0
0.4
0.7
1
-0.416041
1.31919
0.308707
0.5
0.530107
1.22732
0.299666
0.5
0
-0.122825
-0.592428
0
0.4
-0.983017
0.0494269
-0.495
1.1
-0.605
1.56
-0.315
1.12
-0.405
1.55
0.361978
1.05582
0.295
1.49
0.629033
1.01832
0.591291
1.51689
0.515
-0.44
0.605
-1.13
0.805
-1.4
1.025
-1.5
-0.549434
0.0709304
-0.720705
0.296093
-0.441651
0.863798
-0.243434
0.836853
0.351217
0.756015
0.549434
0.72907
0.666813
0.107473
0.554232
0.0218375
0.441651
-0.0637981
0.935
-1.48
0.330341
2
0.615
-0.97
0.31241
1.5
0.587277
-0.366227
0.355106
1.2
0
0.4
0.7
1
-0.455
1.33
0.308707
0.5
0.485
1.25
0.299666
0.5
0
-0.225
-0.57
0
0.4
-1.01515
0.157373
-0.485
1.11
-0.605
1.55
-0.295
1.13
-0.405
1.54
0.393694
1.01606
0.307026
1.50849
0.661467
0.957183
0.603836
1.45385
0.485
-0.43
0.436648
-1.18641
0.665
-1.43
0.865
-1.57
-0.58174
0.132029
-0.727763
0.374355
-0.389134
0.908728
-0.194959
0.860577
0.387565
0.716123
0.58174
0.667971
0.631461
0.0372952
0.510298
-0.0357165
0.389134
-0.108728
0.745
-1.54
0.330341
2
0.475
-0.99
0.31241
1.5
0.495
-0.33
0.355106
1.2
0
0.4
0.7
1
-0.425
1.33
0.333016
0.5
0.495
1.25
0.348282
0.5
0
-0.33
-0.49
-0.005
0.45
-1.04117
0.32344
-0.435
1.12
-0.595
1.55
-0.245
1.15
-0.395
1.55
0.382843
1.01859
0.309014
1.51311
0.657641
0.945694
0.600476
1.44241
0.385
-0.37
0.155
-1.11
0.405
-1.38
0.58795
-1.54169
-0.613332
0.24935
-0.731097
0.506634
-0.334293
0.99945
-0.146768
0.92969
0.415807
0.72041
0.603332
0.65065
0.581578
0.0183156
0.452935
-0.040567
0.324293
-0.0994496
0.495
-1.51
0.330341
2
0.265
-0.97
0.31241
1.5
0.395
-0.31
0.355106
1.2
-0.005
0.45
0.7
1
-0.425
1.34
0.308707
0.5
0.465
1.23
0.346554
0.5
0
-0.435
-0.35
-0.015
0.52
-1.05898
0.523549
-0.435
1.14
-0.597035
1.55293
-0.225
1.15
-0.375
1.54
0.390186
1.03233
0.305
1.51
0.637287
0.942361
0.609857
1.44161
0.269807
-0.342303
-0.145
-1.05
0.105
-1.28
0.215
-1.5
-0.643663
0.396708
-0.728458
0.666692
-0.273284
1.10627
-0.0958949
1.01367
0.436274
0.735887
0.613663
0.643292
0.513269
0.0185287
0.378277
-0.0238687
0.243285
-0.0662662
0.165
-1.43
0.330341
2
0.075
-0.86
0.31241
1.5
0.285
-0.23
0.355106
1.2
-0.015
0.49
0.7
1
-0.445
1.36
0.333017
0.5
0.495
1.26
0.339706
0.5
0
-0.435
-0.14
-0.015
0.73
-1.05898
0.733549
-0.425
1.22
-0.615
1.51
-0.175
1.32
-0.355
1.53
0.415
1.05
0.307569
1.53832
0.665
1.11
0.675
1.56
0.269807
-0.132303
-0.145
-0.84
0.195
-1.05
0.415
-1.24
-0.643663
0.606708
-0.728458
0.876692
-0.273284
1.31627
-0.0958949
1.22367
0.436274
0.945887
0.613663
0.853292
0.513269
0.228529
0.378277
0.186131
0.243285
0.143734
0.345
-1.18
0.330341
2
0.045
-0.66
0.31241
1.5
0.275
-0.09
0.355106
1.2
-0.015
0.73
0.7
1
-0.365
1.39
0.308707
0.5
0.505
1.35
0.299666
0.5
0
-0.235
-0.0600001
0.015
0.77
-1.01509
0.598855
-0.425
1.22
-0.635
1.49
-0.155
1.31
-0.195
1.54
0.395
1.23
0.315
1.54
0.655
1.22
0.675
1.55
0.445
-0.04
0.215
-0.76
0.355
-1.08
0.525
-1.3
-0.58432
0.543249
-0.713104
0.795305
-0.337778
1.30493
-0.147358
1.24329
0.4239
1.05839
0.614319
0.99675
0.619833
0.363856
0.493805
0.299464
0.367778
0.235072
0.435
-1.22
0.330341
2
0.325
-0.66
0.31241
1.5
0.425
-0.04
0.355106
1.2
0.015
0.77
0.7
1
-0.375
1.4
0.308707
0.5
0.505
1.38
0.299666
0.5
0
-0.235
-0.0600001
0.015
0.77
-1.01509
0.598855
-0.425
1.22
-0.635
1.49
-0.155
1.31
-0.195
1.54
0.395
1.23
0.315
1.54
0.655
1.22
0.675
1.55
0.525
-0.04
0.335
-0.72
0.785
-1.14
1.02279
-1.32291
-0.58432
0.543249
-0.713104
0.795305
-0.337778
1.30493
-0.147358
1.24329
0.4239
1.05839
0.614319
0.99675
0.619833
0.363856
0.493805
0.299464
0.367778
0.235072
0.935
-1.25
0.330341
2
0.535
-0.72
0.31241
1.5
0.525
0
0.355106
1.2
0.015
0.77
0.7
1
-0.355
1.4
0.308707
0.5
0.535
1.39
0.299666
0.5
0
-0.185
0
0.015
0.77
-1.0067
0.554133
-0.395
1.26
-0.605
1.49
-0.115
1.32
-0.095
1.53
0.405
1.23
0.335
1.55
0.655
1.22
0.675
1.56
0.559826
-0.0170441
0.399624
-0.704703
0.867513
-1.10472
1.11305
-1.2771
-0.573896
0.517345
-0.713544
0.76356
-0.360762
1.28907
-0.167831
1.23579
0.410964
1.07594
0.603896
1.02265
0.636977
0.390577
0.51387
0.320752
0.390762
0.250928
0.995
-1.2
0.330341
2
0.605
-0.71
0.31241
1.5
0.494627
-0.0684633
0.355106
1.2
0.015
0.77
0.7
1
-0.305
1.4
0.308707
0.5
0.525
1.42
0.299666
0.5
1
1.145
-1.24
0.573847
0.707107
-0.707107
0.9
0.3
0.7
0
-0.095
0
0.015
0.77
-0.973278
0.430686
-0.385
1.27
-0.495
1.54
-0.115
1.31
-0.105
1.55
0.405
1.24
0.345
1.54
0.665
1.22
0.665
1.56
0.685
0.15
0.665
-0.56
1.315
-0.7
1.61069
-0.750689
-0.538092
0.446189
-0.707233
0.673215
-0.422323
1.23852
-0.22424
1.20958
0.370009
1.12275
0.568092
1.09381
0.679349
0.470619
0.565836
0.386049
0.452323
0.301478
1.485
-0.73
0.330341
2
0.895
-0.44
0.31241
1.5
0.595
0.15
0.355106
1.2
0.015
0.77
0.7
1
-0.285
1.44
0.308707
0.5
0.535
1.41
0.299666
0.5
1
1.585
-0.72
0.573847
0.707107
-0.707107
0.9
0.3
0.7
0
-0.005
0.00999999
0.015
0.77
-0.926312
0.31729
-0.385
1.28
-0.495
1.54
-0.115
1.3
-0.105
1.55
0.405
1.23
0.395
1.53
0.665
1.22
0.665
1.55
0.752152
0.231431
0.925
-0.4
1.635
-0.13
1.91354
-0.0185828
-0.497065
0.384478
-0.691298
0.590481
-0.473524
1.18495
-0.273406
1.17906
0.326948
1.16141
0.527065
1.15552
0.709527
0.549283
0.606525
0.452167
0.503524
0.355051
1.775
-0.07
0.330341
2
1.185
-0.16
0.31241
1.5
0.715
0.25
0.355106
1.2
0.015
0.77
0.7
1
-0.275
1.4
0.308707
0.5
0.535
1.41
0.299666
0.5
1
1.815
-0.07
0.573847
0.707107
-0.707107
0.9
0.3
0.7
0
0.005
0.06
0.015
0.77
-0.916425
0.296796
-0.3961
1.27127
-0.511761
1.52887
-0.126543
1.29715
-0.121989
1.54736
0.405
1.28
0.375
1.57
0.675
1.24
0.725
1.55
0.755
0.49
1.235
0.09
1.795
0.6
2.02547
0.792055
-0.488653
0.373333
-0.687368
0.5751
-0.48255
1.1743
-0.282309
1.17277
0.318412
1.16819
0.518653
1.16667
0.714317
0.56442
0.613433
0.465062
0.51255
0.365704
1.885
0.69
0.330341
2
1.325
0.37
0.31241
1.5
0.745
0.4
0.355106
1.2
0.015
0.77
0.7
1
-0.305
1.44
0.308707
0.5
0.525
1.41
0.299666
0.5
1
1.975
0.73
0.573847
0.707107
-0.707107
0.9
0.3
0.7
0
0.005
0.06
0.015
0.77
-0.916425
0.296796
-0.3961
1.27127
-0.511761
1.52887
-0.126543
1.29715
-0.121989
1.54736
0.405
1.28
0.375
1.57
0.675
1.24
0.725
1.55
0.825
0.42
1.535
0.34
1.875
1.01
1.99428
1.28527
-0.488653
0.373333
-0.687368
0.5751
-0.48255
1.1743
-0.282309
1.17277
0.318412
1.16819
0.518653
1.16667
0.714317
0.56442
0.613433
0.465062
0.51255
0.365704
1.945
1.16
0.330341
2
1.585
0.65
0.31241
1.5
0.955
0.44
0.355106
1.2
0.015
0.77
0.7
1
-0.295
1.42
0.308707
0.5
0.545
1.41
0.299666
0.5
1
1.975
1.26
0.573847
0.287348
-0.957826
0.9
0.3
0.7
0
0.015
0.11
0.015
0.77
-0.938847
0.30725
-0.40621
1.26288
-0.527078
1.51809
-0.137212
1.29422
-0.137731
1.54449
0.394612
1.28784
0.358737
1.5772
0.665389
1.25332
0.709099
1.5643
0.813415
0.366068
1.495
0.49
1.93949
1.06909
2.10468
1.31952
-0.480549
0.363172
-0.683329
0.560885
-0.490684
1.16416
-0.290437
1.16669
0.310302
1.17429
0.510549
1.17683
0.718397
0.578622
0.61954
0.477232
0.520684
0.375841
1.93685
1.19908
0.330341
2
1.58724
0.681843
0.31241
1.5
0.961572
0.459097
0.355106
1.2
0.015
0.77
0.7
1
-0.308138
1.41363
0.308707
0.5
0.531959
1.42066
0.299666
0.5
0
0.065
0.1
0.015
0.77
-0.90532
0.243696
-0.438633
1.23322
-0.576514
1.47966
-0.172373
1.28271
-0.189844
1.53237
0.358666
1.31237
0.303272
1.59864
0.631162
1.29627
0.653707
1.6095
1.565
0.33
1.505
0.95
1.845
1.08
2.085
1.26
-0.451857
0.330535
-0.667566
0.51406
-0.516227
1.129
-0.31661
1.1451
0.28224
1.19337
0.481857
1.20946
0.729752
0.626707
0.637989
0.518852
0.546227
0.410997
2.015
1.21
0.330341
2
1.505
0.79
0.31241
1.5
0.955
0.48
0.355106
1.2
0.015
0.77
0.7
1
-0.350998
1.39027
0.308707
0.5
0.486702
1.45419
0.299666
0.5
0
0.065
0.1
0.015
0.77
-0.90532
0.243696
-0.438633
1.23322
-0.576514
1.47966
-0.172373
1.28271
-0.189844
1.53237
0.358666
1.31237
0.303272
1.59864
0.631162
1.29627
0.653707
1.6095
1.355
0.46
1.395
1.02
1.845
1.08
2.13847
1.14225
-0.451857
0.330535
-0.667566
0.51406
-0.516227
1.129
-0.31661
1.1451
0.28224
1.19337
0.481857
1.20946
0.729752
0.626707
0.637989
0.518852
0.546227
0.410997
2.035
1.14
0.330341
2
1.455
0.9
0.31241
1.5
0.875
0.55
0.355106
1.2
0.015
0.77
0.7
1
-0.350998
1.39027
0.308707
0.5
0.486702
1.45419
0.299666
0.5
0
0.105
0.13
0.015
0.77
-0.867666
0.182654
-0.435
1.24
-0.545
1.57
-0.165
1.3
-0.195
1.57
0.365
1.3
0.355
1.61
0.615
1.3
0.705
1.63
1.37295
0.551298
1.205
1.2
1.81993
1.20303
2.10853
1.28499
-0.421094
0.299958
-0.648727
0.468485
-0.539306
1.09228
-0.341226
1.12183
0.253014
1.21049
0.451095
1.24004
0.737833
0.675355
0.653569
0.561538
0.569306
0.447722
1.995
1.27
0.330341
2
1.425
1.02
0.231948
1.5
1.015
0.63
0.284429
1.2
0.015
0.77
0.7
1
-0.392113
1.36413
0.308707
0.5
0.439382
1.48455
0.299666
0.5
0
0.175
0.14
0.015
0.77
-0.795582
0.086488
-0.425
1.25
-0.545
1.58
-0.184134
1.30756
-0.195
1.57
0.335
1.31
0.335
1.61
0.595
1.31
0.685
1.63
1.225
0.83
0.995
1.27
1.415
1.37
1.69249
1.4841
-0.365125
0.253588
-0.610384
0.395282
-0.572258
1.02749
-0.378782
1.07928
0.201648
1.23463
0.395125
1.28641
0.743952
0.757765
0.673105
0.635135
0.602258
0.512505
1.585
1.44
0.330341
2
1.165
1.15
0.21095
1.5
0.895
0.72
0.278568
1.2
0.015
0.77
0.7
1
-0.345
1.41
0.308707
0.5
0.455
1.48
0.299666
0.5
0
0.175
0.14
0.015
0.77
-0.795582
0.086488
-0.425
1.25
-0.545
1.58
-0.184134
1.30756
-0.195
1.57
0.335
1.31
0.335
1.61
0.595
1.31
0.685
1.63
1.255
0.75
1.155
1.02
1.315
1.24
1.54682
1.43042
-0.365125
0.253588
-0.610384
0.395282
-0.572258
1.02749
-0.378782
1.07928
0.201648
1.23463
0.395125
1.28641
0.743952
0.757765
0.673105
0.635135
0.602258
0.512505
1.535
1.4
0.330341
2
1.235
1.12
0.205913
1.5
0.935
0.7
0.302324
1.2
0.025
0.73
0.7
1
-0.365
1.45
0.308707
0.5
0.475
1.48
0.299666
0.5
0
0.255
0.12
0.015
0.77
-0.717224
0.00306296
-0.437882
1.21727
-0.565
1.55
-0.220895
1.26807
-0.185
1.58
0.345
1.32
0.355
1.6
0.575
1.33
0.65864
1.63891
0.955
0.53
1.155
0.82
1.145
1.27
1.295
1.51
-0.307265
0.215597
-0.566381
0.330036
-0.596621
0.962707
-0.409844
1.03505
0.150487
1.25206
0.337265
1.3244
0.74106
0.83641
0.683841
0.706852
0.626622
0.577293
1.265
1.46
0.330341
2
1.145
1.01
0.20098
1.5
0.845
0.69
0.283019
1.2
0.015
0.77
0.7
1
-0.365
1.44
0.308707
0.5
0.485
1.49
0.299666
0.5
0
0.255
0.12
0.015
0.77
-0.717224
0.00306296
-0.437882
1.21727
-0.565
1.55
-0.220895
1.26807
-0.185
1.58
0.345
1.32
0.355
1.6
0.575
1.33
0.65864
1.63891
0.915
0.29
1.215
0.39
1.255
1.08
1.325
1.37
-0.307265
0.215597
-0.566381
0.330036
-0.596621
0.962707
-0.409844
1.03505
0.150487
1.25206
0.337265
1.3244
0.74106
0.83641
0.683841
0.706852
0.626622
0.577293
1.325
1.36
0.330341
2
1.235
0.82
0.266271
1.5
0.865
0.53
0.270185
1.2
0.025
0.74
0.7
1
-0.345
1.44
0.308707
0.5
0.505
1.48
0.299666
0.5
0
0.165
0.08
0.015
0.77
-0.821285
0.117963
-0.455
1.2
-0.565
1.55
-0.225
1.27
-0.195
1.58
0.335
1.32
0.355
1.59
0.575
1.33
0.655
1.62
0.835466
0.163862
1.14686
0.219059
1.28705
0.895908
1.39859
1.17263
-0.384684
0.268467
-0.624366
0.419473
-0.562036
1.04984
-0.366692
1.09418
0.21934
1.22719
0.414684
1.27153
0.743042
0.729839
0.667539
0.609998
0.592036
0.490157
1.365
1.08
0.330341
2
1.165
0.51
0.31241
1.5
0.695
0.48
0.355106
1.2
0.015
0.77
0.7
1
-0.355
1.44
0.308707
0.5
0.495
1.48
0.299666
0.5
0
0.115
0.07
0.015
0.77
-0.867107
0.181375
-0.465
1.2
-0.565
1.55
-0.225
1.27
-0.195
1.59
0.325
1.33
0.355
1.61
0.575
1.33
0.655
1.61
1.06342
-0.240072
1.20855
-0.0402218
1.12904
0.647533
1.15115
0.946725
-0.420585
0.299285
-0.648489
0.467556
-0.539851
1.09163
-0.341764
1.12145
0.252498
1.2109
0.450585
1.24072
0.738122
0.67627
0.653986
0.562318
0.569851
0.448367
1.165
0.83
0.330341
2
1.075
0.24
0.31241
1.5
0.615
0.47
0.355106
1.2
0.015
0.77
0.7
1
-0.365
1.44
0.308707
0.5
0.495
1.46
0.299666
0.5
0
0.035
-0.03
0.025
0.63
-0.927337
0.163232
-0.427597
1.10761
-0.515
1.52
-0.184456
1.15332
-0.125
1.53
0.368162
1.18072
0.375
1.57
0.607757
1.16654
0.715
1.55
0.930629
-0.510038
1.10095
-0.331133
1.17819
0.140975
1.23971
0.43464
-0.469093
0.221023
-0.672745
0.417992
-0.482461
1.02227
-0.28215
1.02561
0.318782
1.03563
0.519093
1.03898
0.72943
0.441386
0.630946
0.33956
0.532461
0.237733
1.205
0.3
0.330341
2
0.915
-0.21
0.31241
1.5
0.595
0.27
0.355106
1.2
0.025
0.63
0.7
1
-0.335
1.38
0.296816
0.5
0.535
1.4
0.305287
0.5
0
0.035
-0.03
0.025
0.63
-0.927337
0.163232
-0.427597
1.10761
-0.515
1.52
-0.184456
1.15332
-0.125
1.53
0.368162
1.18072
0.375
1.57
0.607757
1.16654
0.715
1.55
0.795
-0.54
1.085
-0.44
1.245
-0.19
1.385
0.06
-0.469093
0.221023
-0.672745
0.417992
-0.482461
1.02227
-0.28215
1.02561
0.318782
1.03563
0.519093
1.03898
0.72943
0.441386
0.630946
0.33956
0.532461
0.237733
1.355
-0.02
0.344093
2
0.885
-0.33
0.241661
1.5
0.585
0.2
0.355106
1.2
0.015
0.61
0.7
1
-0.345
1.36
0.385886
0.5
0.535
1.36
0.340588
0.5
0
0.045
-0.12
0.035
0.54
-0.917337
0.0732322
-0.455
1.12
-0.605
1.55
-0.215
1.14
-0.295
1.56
0.355
1.13
0.335
1.54
0.625
1.11
0.665
1.56
0.805
-0.63
1.095
-0.53
1.255
-0.28
1.395
-0.03
-0.459093
0.131023
-0.662745
0.327992
-0.472461
0.932267
-0.27215
0.935609
0.328782
0.945635
0.529093
0.948977
0.73943
0.351386
0.640945
0.24956
0.542461
0.147733
1.405
-0.08
0.340147
2
0.945
-0.45
0.286531
1.5
0.695
-0.01
0.264764
1.2
0.035
0.54
0.7
1
-0.395
1.33
0.317648
0.5
0.505
1.31
0.326497
0.5
0
0.005
-0.16
-0.005
0.5
-0.957337
0.0332322
-0.505
1.1
-0.61952
1.58671
-0.275
1.14
-0.365
1.56
0.365
1.13
0.295
1.52
0.585
1.12
0.625
1.57
0.765
-0.67
0.935
-0.75
1.125
-0.78
1.415
-0.74
-0.499093
0.0910232
-0.702745
0.287992
-0.512461
0.892267
-0.31215
0.895609
0.288782
0.905635
0.489093
0.908977
0.69943
0.311386
0.600946
0.20956
0.502461
0.107733
1.335
-0.8
0.330341
2
0.785
-0.52
0.278029
1.5
0.655
0.05
0.324595
1.2
-0.005
0.5
0.7
1
-0.445
1.36
0.347813
0.5
0.475
1.35
0.339706
0.5
0
0.005
-0.21
-0.005
0.45
-0.957337
-0.0167678
-0.495
1.1
-0.620817
1.58391
-0.276538
1.14349
-0.375
1.56
0.365
1.13
0.295
1.52
0.595
1.11
0.635
1.58
0.645
-0.68
0.905
-1.07
1.065
-1.09
1.355
-1.05
-0.499093
0.0410232
-0.702745
0.237992
-0.512461
0.842267
-0.31215
0.845609
0.288782
0.855635
0.489093
0.858977
0.69943
0.261386
0.600946
0.15956
0.502461
0.0577334
1.225
-1.11
0.367696
2
0.755
-0.65
0.31241
1.5
0.605
-0.13
0.355106
1.2
-0.005
0.45
0.7
1
-0.425
1.32
0.367967
0.5
0.515
1.32
0.402244
0.5
0
