23
10
15
9
6
0.075
2.09
0.015
1.26
0.985
1.43
0.625
0.74
0.635
0.39
0.316215
0.768419
0.325
0.46
-0.29589
0.768197
-0.335
0.48
-0.655
0.71
-0.755
0.41
-0.805
1.53
-1.095
1.38
-1.245
1.15
-1.295
0.86
0.516578
1.66156
0.717342
1.46095
0.51687
0.858802
0.316181
0.85873
-0.285889
0.85851
-0.486579
0.858437
-0.687488
1.46043
-0.58718
1.56081
-0.486871
1.6612
-1.265
0.94
0.382099
2
-1.065
1.37
0.3
1.5
-0.665
1.56
0.3
1.2
0.015
1.26
0.7
1
0.506913
0.648075
0.3
0.5
-0.416257
0.637705
0.3
0.5
0
0.075
2.09
0.015
1.26
0.955
1.46
0.625
0.74
0.655
0.54
0.316215
0.768419
0.325
0.56
-0.29589
0.768197
-0.305
0.6
-0.625
0.83
-0.675
0.63
-0.805
1.53
-1.095
1.38
-1.205
1.13
-1.255
0.84
0.516578
1.66156
0.717342
1.46095
0.51687
0.858802
0.316181
0.85873
-0.285889
0.85851
-0.486579
0.858437
-0.687488
1.46043
-0.58718
1.56081
-0.486871
1.6612
-1.215
0.92
0.382099
2
-1.065
1.37
0.3
1.5
-0.665
1.56
0.3
1.2
0.015
1.26
0.7
1
0.455
0.63
0.3
0.5
-0.465
0.69
0.3
0.5
0
0.075
2.09
0.015
1.26
0.955
1.46
0.625
0.74
0.655
0.54
0.316215
0.768419
0.325
0.56
-0.29589
0.768197
-0.305
0.6
-0.625
0.83
-0.675
0.63
-0.785
1.71
-1.215
1.61
-1.045
1.36
-0.895
1.17
0.516578
1.66156
0.717342
1.46095
0.51687
0.858802
0.316181
0.85873
-0.285889
0.85851
-0.486579
0.858437
-0.687488
1.46043
-0.58718
1.56081
-0.486871
1.6612
-0.945
1.22
0.382099
2
-0.905
1.51
0.3
1.5
-0.665
1.56
0.3
1.2
0.015
1.26
0.7
1
0.495
0.68
0.3
0.5
-0.485
0.71
0.3
0.5
0
0.075
1.83
0.015
1
0.965
1.28
0.625
0.48
0.675
0.17
0.316215
0.508419
0.325
0.3
-0.29589
0.508197
-0.305
0.34
-0.625
0.57
-0.695
0.3
-0.675
1.52
-0.955
1.48
-1.075
1.14
-1.12131
0.843596
0.516578
1.40156
0.717342
1.20095
0.51687
0.598802
0.316181
0.59873
-0.285889
0.59851
-0.486579
0.598437
-0.687488
1.20043
-0.58718
1.30081
-0.486871
1.4012
-1.075
0.98
0.382099
2
-0.895
1.37
0.3
1.5
-0.455
1.34
0.3
1.2
0.015
1
0.7
1
0.515
0.37
0.3
0.5
-0.515
0.41
0.3
0.5
0
0.075
1.63
0.015
0.8
0.965
1.08
0.625
0.28
0.675
-0.03
0.316215
0.308419
0.325
0.1
-0.29589
0.308197
-0.305
0.14
-0.625
0.37
-0.695
0.1
-0.675
1.32
-0.955
1.28
-1.075
0.94
-1.12131
0.643596
0.516578
1.20156
0.717342
1.00095
0.51687
0.398802
0.316181
0.39873
-0.285889
0.39851
-0.486579
0.398437
-0.687488
1.00043
-0.58718
1.10081
-0.486871
1.2012
-1.065
0.77
0.382099
2
-0.895
1.14
0.3
1.5
-0.515
1.21
0.3
1.2
0.015
0.8
0.7
1
0.545
0.12
0.3
0.5
-0.505
0.17
0.3
0.5
0
0.065
1.42
0.005
0.59
0.955
0.87
0.615
0.07
0.665
-0.24
0.306215
0.098419
0.315
-0.11
-0.30589
0.098197
-0.315
-0.07
-0.635
0.16
-0.705
-0.11
-0.695
1
-0.895
1
-1.195
0.8
-1.405
0.65
0.506578
0.99156
0.707342
0.79095
0.50687
0.188802
0.306181
0.18873
-0.295889
0.18851
-0.496579
0.188437
-0.697488
0.79043
-0.59718
0.89081
-0.496871
0.9912
-1.305
0.7
0.382099
2
-1.025
0.91
0.3
1.5
-0.575
0.93
0.3
1.2
0.005
0.59
0.7
1
0.545
-0.09
0.3
0.5
-0.485
0.03
0.3
0.5
0
0.055
1.2
-0.005
0.37
0.945
0.65
0.605
-0.15
0.765
-0.44
0.296215
-0.121581
0.315
-0.44
-0.31589
-0.121803
-0.365
-0.41
-0.645
-0.06
-0.825
-0.35
-0.705
0.72
-0.935
0.68
-1.375
0.65
-1.615
0.6
0.496578
0.771561
0.697342
0.57095
0.49687
-0.031198
0.296181
-0.03127
-0.305889
-0.03149
-0.506579
-0.031563
-0.707488
0.57043
-0.60718
0.67081
-0.506871
0.771201
-1.555
0.6
0.382099
2
-1.115
0.67
0.3
1.5
-0.685
0.74
0.3
1.2
-0.005
0.37
0.685055
1
0.505
-0.34
0.330151
0.5
-0.545
-0.28
0.364006
0.5
0
0.055
1.04
-0.005
0.21
0.945
0.49
0.605
-0.31
0.765
-0.6
0.296215
-0.281581
0.315
-0.6
-0.31589
-0.281803
-0.365
-0.57
-0.645
-0.22
-0.825
-0.51
-0.945
0.54
-1.295
0.51
-1.735
0.49
-1.985
0.45
0.496578
0.611561
0.697342
0.41095
0.49687
-0.191198
0.296181
-0.19127
-0.305889
-0.19149
-0.506579
-0.191563
-0.707488
0.41043
-0.60718
0.51081
-0.506871
0.611201
-1.825
0.45
0.382099
2
-1.195
0.53
0.3
1.5
-0.685
0.51
0.3
1.2
-0.005
0.21
0.7
1
0.555
-0.48
0.3
0.5
-0.545
-0.43
0.3
0.5
1
-1.745
0.38
0.681836
0.980581
0.196116
0.5
0.3
1
0
0.055
1.04
-0.005
0.21
0.945
0.49
0.605
-0.31
0.765
-0.6
0.296215
-0.281581
0.315
-0.6
-0.31589
-0.281803
-0.365
-0.57
-0.645
-0.22
-0.825
-0.51
-0.945
0.54
-1.295
0.51
-1.735
0.49
-1.985
0.45
0.496578
0.611561
0.697342
0.41095
0.49687
-0.191198
0.296181
-0.19127
-0.305889
-0.19149
-0.506579
-0.191563
-0.707488
0.41043
-0.60718
0.51081
-0.506871
0.611201
-1.835
0.48
0.382099
2
-1.225
0.54
0.3
1.5
-0.685
0.51
0.3
1.2
-0.005
0.21
0.7
1
0.525
-0.49
0.3
0.5
-0.555
-0.44
0.3
0.5
1
-1.865
0.44
0.732462
0.980581
0.196116
0.5
0.3
1
0
0.055
1.04
-0.005
0.21
0.945
0.49
0.605
-0.31
0.765
-0.6
0.296215
-0.281581
0.315
-0.6
-0.31589
-0.281803
-0.365
-0.57
-0.645
-0.22
-0.825
-0.51
-0.945
0.54
-1.295
0.51
-1.735
0.49
-1.985
0.45
0.496578
0.611561
0.697342
0.41095
0.49687
-0.191198
0.296181
-0.19127
-0.305889
-0.19149
-0.506579
-0.191563
-0.707488
0.41043
-0.60718
0.51081
-0.506871
0.611201
-1.865
0.47
0.382099
2
-1.275
0.53
0.3
1.5
-0.785
0.54
0.3
1.2
-0.005
0.21
0.7
1
0.495
-0.45
0.352278
0.5
-0.515
-0.42
0.359026
0.5
1
-1.885
0.46
0.755381
0.980581
0.196116
0.5
0.3
1
0
0.055
1.04
-0.005
0.21
0.945
0.49
0.605
-0.31
0.765
-0.6
0.296215
-0.281581
0.315
-0.6
-0.31589
-0.281803
-0.365
-0.57
-0.645
-0.22
-0.825
-0.51
-0.945
0.54
-1.295
0.51
-1.735
0.49
-1.985
0.45
0.496578
0.611561
0.697342
0.41095
0.49687
-0.191198
0.296181
-0.19127
-0.305889
-0.19149
-0.506579
-0.191563
-0.707488
0.41043
-0.60718
0.51081
-0.506871
0.611201
-1.885
0.49
0.382099
2
-1.235
0.5
0.3
1.5
-0.685
0.51
0.3
1.2
-0.005
0.21
0.7
1
0.486913
-0.401925
0.32529
0.5
-0.565
-0.4
0.331059
0.5
1
-1.855
0.44
0.75326
0.980581
0.196116
0.5
0.3
1
0
-0.262663
-0.756235
-0.005
0.21
-0.955388
-0.0778291
-0.620478
0.7268
-0.725
0.87
-0.310675
0.700614
-0.335
0.88
0.303026
0.705409
0.305
0.88
0.633457
0.645905
0.715
0.82
0.939918
-0.113837
1.29061
-0.081143
1.73161
-0.0578043
1.98196
-0.0158318
-0.504887
-0.196356
-0.707673
0.00327799
-0.511178
0.608496
-0.309966
0.610068
0.293673
0.614786
0.494887
0.61636
0.700818
0.0142958
0.600999
-0.0870959
0.501178
-0.188497
1.855
-0.05
0.389487
2
1.275
-0.11
0.3
1.5
0.865
-0.12
0.3
1.2
-0.005
0.21
0.7
1
-0.502769
0.819845
0.3
0.5
0.525
0.73
0.3
0.5
0
-0.262663
-0.706235
-0.005
0.26
-0.955
-0.08
-0.620478
0.7768
-0.725
0.98
-0.310675
0.750614
-0.335
0.93
0.303026
0.755409
0.305
0.93
0.633457
0.695905
0.705
0.88
0.945
-0.16
1.295
-0.17
1.535
0.12
1.67839
0.307804
-0.504887
-0.146356
-0.707673
0.053278
-0.511178
0.658496
-0.309966
0.660068
0.293673
0.664786
0.494887
0.66636
0.700818
0.0642958
0.600999
-0.0370959
0.501178
-0.138497
1.625
0.21
0.382099
2
1.145
-0.12
0.3
1.5
0.679016
-0.035702
0.3
1.2
-0.005
0.26
0.7
1
-0.525
0.83
0.3
0.5
0.495
0.8
0.3
0.5
0
-0.262663
-0.566235
-0.005
0.4
-0.955
0.06
-0.620478
0.9168
-0.725
1.12
-0.310675
0.890614
-0.335
1.07
0.303026
0.895409
0.305
1.07
0.633457
0.835905
0.705
1.02
0.945
-0.02
1.235
0.04
1.405
0.32
1.475
0.55
-0.504887
-0.00635642
-0.707673
0.193278
-0.511178
0.798496
-0.309966
0.800068
0.293673
0.804786
0.494887
0.80636
0.700818
0.204296
0.600999
0.102904
0.501178
0.00150311
1.455
0.43
0.382099
2
1.105
0.07
0.3
1.5
0.679016
0.104298
0.3
1.2
-0.005
0.4
0.7
1
-0.495
0.99
0.3
0.5
0.505
0.95
0.3
0.5
0
-0.262663
-0.396235
-0.005
0.57
-0.955
0.23
-0.620478
1.0868
-0.725
1.29
-0.310675
1.06061
-0.335
1.24
0.303026
1.06541
0.305
1.24
0.633457
1.0059
0.705
1.19
0.905
0.08
1.195
0.09
1.215
0.45
1.225
0.73
-0.504887
0.163644
-0.707673
0.363278
-0.511178
0.968496
-0.309966
0.970068
0.293673
0.974786
0.494887
0.97636
0.700818
0.374296
0.600999
0.272904
0.501178
0.171503
1.215
0.68
0.382099
2
1.095
0.21
0.3
1.5
0.679016
0.274298
0.3
1.2
-0.005
0.57
0.7
1
-0.502769
1.17985
0.3
0.5
0.495
1.13
0.3
0.5
0
-0.272663
-0.236235
-0.015
0.73
-0.965
0.39
-0.630478
1.2468
-0.735
1.45
-0.320675
1.22061
-0.345
1.4
0.293026
1.22541
0.295
1.4
0.623457
1.1659
0.695
1.35
0.895
0.24
1.185
0.25
1.205
0.61
1.215
0.89
-0.514887
0.323644
-0.717673
0.523278
-0.521178
1.1285
-0.319966
1.13007
0.283673
1.13479
0.484887
1.13636
0.690818
0.534296
0.590999
0.432904
0.491178
0.331503
1.255
0.78
0.382099
2
1.025
0.41
0.3
1.5
0.669016
0.434298
0.3
1.2
-0.025
0.74
0.7
1
-0.575
1.32
0.3
0.5
0.505
1.29
0.3
0.5
0
-0.272663
-0.116235
-0.015
0.85
-0.905
0.56
-0.585
1.32
-0.625
1.59
-0.320675
1.34061
-0.345
1.52
0.293026
1.34541
0.295
1.52
0.565
1.3
0.595
1.55
0.895
0.36
1.085
0.42
1.145
0.75
1.135
1.04
-0.514887
0.443644
-0.717673
0.643278
-0.521178
1.2485
-0.319966
1.25007
0.283673
1.25479
0.484887
1.25636
0.690818
0.654296
0.590999
0.552904
0.491178
0.451503
1.155
0.96
0.382099
2
1.005
0.49
0.3
1.5
0.525
0.46
0.3
1.2
-0.015
0.85
0.7
1
-0.512769
1.45984
0.3
0.5
0.445
1.43
0.3
0.5
0
-0.272663
-0.116235
-0.015
0.85
-0.905
0.48
-0.585
1.32
-0.625
1.59
-0.320675
1.34061
-0.345
1.52
0.293026
1.34541
0.295
1.52
0.565
1.3
0.595
1.55
0.785
0.16
1.015
0.09
1.275
0.33
1.265
0.62
-0.514887
0.443644
-0.717673
0.643278
-0.521178
1.2485
-0.319966
1.25007
0.283673
1.25479
0.484887
1.25636
0.690818
0.654296
0.590999
0.552904
0.491178
0.451503
1.225
0.47
0.382099
2
0.835
0.25
0.3
1.5
0.535
0.51
0.3
1.2
-0.015
0.85
0.7
1
-0.512769
1.45984
0.3
0.5
0.455
1.4
0.3
0.5
0
-0.272663
-0.116235
-0.015
0.85
-0.905
0.48
-0.585
1.32
-0.625
1.59
-0.320675
1.34061
-0.345
1.52
0.293026
1.34541
0.295
1.52
0.565
1.3
0.595
1.55
0.465
0.1
0.685
-0.32
1.175
-0.09
1.3396
0.160814
-0.514887
0.443644
-0.717673
0.643278
-0.521178
1.2485
-0.319966
1.25007
0.283673
1.25479
0.484887
1.25636
0.690818
0.654296
0.590999
0.552904
0.491178
0.451503
1.285
0.07
0.382099
2
0.765
-0.09
0.3
1.5
0.585
0.38
0.3
1.2
-0.015
0.85
0.7
1
-0.512769
1.45984
0.3
0.5
0.412731
1.47714
0.3
0.5
0
-0.015
-0.55
-0.015
0.85
-0.805
0.33
-0.515
1.3
-0.615
1.6
-0.305
1.35
-0.375
1.54
0.315
1.34
0.305
1.5
0.535
1.31
0.595
1.57
0.265
0.07
0.655
-0.64
1.115
-0.35
1.335
-0.18
-0.515
0.45
-0.715
0.65
-0.515
1.25
-0.315
1.25
0.285
1.25
0.485
1.25
0.685
0.65
0.585
0.55
0.485
0.45
1.245
-0.24
0.334216
2
0.715
-0.32
0.3
1.5
0.455
0.07
0.3
1.2
0.015
0.78
0.7
1
-0.515
1.55
0.3
0.5
0.465
1.46
0.3
0.5
0
-0.015
-0.76
-0.015
0.64
-0.915
0.24
-0.515
1.23
-0.605
1.58
-0.235
1.26
-0.375
1.55
0.345
1.2
0.285
1.52
0.575
1.15
0.615
1.56
0.265
-0.14
0.655
-0.85
1.115
-0.56
1.335
-0.39
-0.515
0.24
-0.715
0.44
-0.515
1.04
-0.315
1.04
0.285
1.04
0.485
1.04
0.685
0.44
0.585
0.34
0.485
0.24
1.185
-0.46
0.411461
2
0.665
-0.5
0.3
1.5
0.455
-0.06
0.3
1.2
0.015
0.57
0.7
1
-0.405
1.37
0.342052
0.5
0.445
1.37
0.388973
0.5
0
-0.005
-0.9
-0.005
0.5
-0.905
0.13
-0.505
1.09
-0.588707
1.58294
-0.275149
1.19851
-0.395
1.54
0.345
1.11
0.305
1.5
0.615
1.08
0.625
1.56
0.485
-0.16
0.735
-0.88
1.025
-1.01
1.295
-0.91
-0.505
0.1
-0.705
0.3
-0.505
0.9
-0.305
0.9
0.295
0.9
0.495
0.9
0.695
0.3
0.595
0.2
0.495
0.1
1.125
-0.96
0.43909
2
0.695
-0.55
0.3
1.5
0.585
-0.06
0.3
1.2
0.025
0.43
0.7
1
-0.465
1.32
0.411096
0.5
0.435
1.31
0.360555
0.5
0
0
-1
0
0.4
-0.92665
-0.0796958
-0.5
1.1
-0.6
1.6
-0.35
1.2
-0.4
1.55
0.35
1.1
0.3
1.5
0.6
1.1
0.625
1.56
0.7
-0.3
0.9
-1
1.1
-1.3
1.325
-1.32
-0.5
0
-0.7
0.2
-0.5
0.8
-0.3
0.8
0.3
0.8
0.5
0.8
0.7
0.2
0.6
0.1
0.5
0
1.175
-1.34
0.408167
2
0.935
-0.78
0.31241
1.5
0.695
-0.19
0.355106
1.2
0
0.4
0.7
1
-0.475
1.29
0.380132
0.5
0.475
1.26
0.352278
0.5
0
