28
10
15
9
6
0
-1
0
0.4
-0.92665
-0.0796958
-0.5
1.1
-0.6
1.6
-0.35
1.2
-0.4
1.55
0.35
1.1
0.3
1.5
0.6
1.1
0.6
1.6
0.7
-0.3
0.9
-1
1.1
-1.3
1.325
-1.32
-0.5
0
-0.7
0.2
-0.5
0.8
-0.3
0.8
0.3
0.8
0.5
0.8
0.7
0.2
0.6
0.1
0.5
0
1.2
-1.35
0.330341
2
0.875
-0.87
0.31241
1.5
0.685
-0.28
0.355106
1.2
0
0.4
0.7
1
-0.475
1.29
0.308707
0.5
0.475
1.26
0.299666
0.5
0
0
-1
0
0.4
-0.92665
-0.0796958
-0.5
1.1
-0.6
1.6
-0.35
1.2
-0.4
1.55
0.35
1.1
0.3
1.5
0.6
1.1
0.6
1.6
0.7
-0.3
0.9
-1
1.375
-1.08
1.595
-1.05
-0.5
0
-0.7
0.2
-0.5
0.8
-0.3
0.8
0.3
0.8
0.5
0.8
0.7
0.2
0.6
0.1
0.5
0
1.465
-1.05
0.330341
2
0.975
-0.75
0.31241
1.5
0.715
-0.2
0.355106
1.2
0
0.4
0.7
1
-0.475
1.29
0.380132
0.5
0.475
1.26
0.380789
0.5
0
0.170868
-0.567118
0.095
0.43
-0.778165
-0.141518
-0.473667
1.0756
-0.565164
1.56715
-0.238348
1.0974
-0.275
1.49
0.372028
1.16205
0.295
1.53
0.620761
1.18748
0.605
1.59
0.862653
-0.195255
1.13284
-0.871366
1.555
-0.91
1.77083
-0.857775
-0.361782
-0.0188305
-0.581112
0.159814
-0.443153
0.777117
-0.244166
0.79746
0.352795
0.858488
0.551782
0.87883
0.811797
0.302212
0.722475
0.192548
0.633153
0.0828829
1.655
-0.88
0.325576
2
1.165
-0.58
0.31241
1.5
0.815
-0.05
0.355106
1.2
0.095
0.43
0.7
1
-0.375
1.32
0.35152
0.5
0.48012
1.33396
0.370016
0.5
0
0.170868
-0.567118
0.095
0.43
-0.778165
-0.141518
-0.473667
1.0756
-0.565164
1.56715
-0.238348
1.0974
-0.275
1.49
0.372028
1.16205
0.295
1.53
0.620761
1.18748
0.605
1.59
0.862653
-0.195255
1.495
-0.64
1.835
-0.7
2.05083
-0.647775
-0.361782
-0.0188305
-0.581112
0.159814
-0.443153
0.777117
-0.244166
0.79746
0.352795
0.858488
0.551782
0.87883
0.811797
0.302212
0.722475
0.192548
0.633153
0.0828829
1.915
-0.67
0.382753
2
1.335
-0.44
0.31241
1.5
0.835
-0.04
0.355106
1.2
0.095
0.43
0.7
1
-0.415
1.29
0.353553
0.5
0.48012
1.33396
0.360023
0.5
0
0.170868
-0.567118
0.095
0.43
-0.778165
-0.141518
-0.473667
1.0756
-0.565164
1.56715
-0.238348
1.0974
-0.275
1.49
0.372028
1.16205
0.295
1.53
0.620761
1.18748
0.605
1.59
1.445
-0.76
1.885
-1.06
1.995
-0.62
2.075
-0.39
-0.361782
-0.0188305
-0.581112
0.159814
-0.443153
0.777117
-0.244166
0.79746
0.352795
0.858488
0.551782
0.87883
0.811797
0.302212
0.722475
0.192548
0.633153
0.0828829
2.035
-0.49
0.330341
2
1.445
-0.59
0.328024
1.5
0.965
-0.11
0.355106
1.2
0.095
0.43
0.7
1
-0.468119
1.26718
0.308707
0.5
0.48012
1.33396
0.299666
0.5
0
0.170868
-0.567118
0.095
0.43
-0.778165
-0.141518
-0.473667
1.0756
-0.565164
1.56715
-0.238348
1.0974
-0.275
1.49
0.372028
1.16205
0.295
1.53
0.620761
1.18748
0.605
1.59
1.415
-0.99
2.415
-0.9
2.015
-0.39
1.74495
-0.259332
-0.361782
-0.0188305
-0.581112
0.159814
-0.443153
0.777117
-0.244166
0.79746
0.352795
0.858488
0.551782
0.87883
0.811797
0.302212
0.722475
0.192548
0.633153
0.0828829
1.865
-0.44
0.382884
2
1.275
-0.51
0.31241
1.5
0.845695
-0.176882
0.355106
1.2
0.095
0.43
0.7
1
-0.468119
1.26718
0.308707
0.5
0.48012
1.33396
0.299666
0.5
0
0.170868
-0.567118
0.095
0.43
-0.778165
-0.141518
-0.473667
1.0756
-0.565164
1.56715
-0.238348
1.0974
-0.275
1.49
0.372028
1.16205
0.295
1.53
0.620761
1.18748
0.605
1.59
1.985
-1.27
2.585
-0.31
1.795
-0.26
1.59431
-0.482988
-0.361782
-0.0188305
-0.581112
0.159814
-0.443153
0.777117
-0.244166
0.79746
0.352795
0.858488
0.551782
0.87883
0.811797
0.302212
0.722475
0.192548
0.633153
0.0828829
1.825
-0.43
0.346699
2
1.265
-0.38
0.31241
1.5
0.845695
-0.176882
0.355106
1.2
0.095
0.43
0.7
1
-0.468119
1.26718
0.308707
0.5
0.48012
1.33396
0.299666
0.5
0
0.170868
-0.567118
0.095
0.43
-0.778165
-0.141518
-0.473667
1.0756
-0.565164
1.56715
-0.238348
1.0974
-0.275
1.49
0.372028
1.16205
0.295
1.53
0.620761
1.18748
0.605
1.59
3.695
-2.48
3.075
1.22
1.665
-0.9
1.61889
-1.19643
-0.361782
-0.0188305
-0.581112
0.159814
-0.443153
0.777117
-0.244166
0.79746
0.352795
0.858488
0.551782
0.87883
0.811797
0.302212
0.722475
0.192548
0.633153
0.0828829
1.655
-1.05
0.404599
2
2.405
-0.51
0.481664
1.5
1.065
-0.13
0.403113
1.2
0.095
0.43
0.7
1
-0.468119
1.26718
0.308707
0.5
0.48012
1.33396
0.299666
0.5
0
0.170868
-0.567118
0.095
0.43
-0.778165
-0.141518
-0.473667
1.0756
-0.565164
1.56715
-0.238348
1.0974
-0.275
1.49
0.372028
1.16205
0.295
1.53
0.620761
1.18748
0.605
1.59
3.055
-1.52
2.395
1.22
1.905
-1.01
2.04561
-1.275
-0.361782
-0.0188305
-0.581112
0.159814
-0.443153
0.777117
-0.244166
0.79746
0.352795
0.858488
0.551782
0.87883
0.811797
0.302212
0.722475
0.192548
0.633153
0.0828829
1.965
-1.13
0.404598
2
2.065
-0.39
0.410366
1.5
1.065
-0.13
0.403113
1.2
0.095
0.43
0.7
1
-0.468119
1.26718
0.308707
0.5
0.48012
1.33396
0.299666
0.5
0
0.170868
-0.567118
0.095
0.43
-0.778165
-0.141518
-0.473667
1.0756
-0.565164
1.56715
-0.238348
1.0974
-0.275
1.49
0.372028
1.16205
0.295
1.53
0.620761
1.18748
0.605
1.59
3.035
-1.51
2.395
1.22
1.845
-0.86
1.98562
-1.125
-0.361782
-0.0188305
-0.581112
0.159814
-0.443153
0.777117
-0.244166
0.79746
0.352795
0.858488
0.551782
0.87883
0.811797
0.302212
0.722475
0.192548
0.633153
0.0828829
1.875
-1.04
0.382753
2
2.055
-0.37
0.377359
1.5
1.065
-0.13
0.403113
1.2
0.095
0.43
0.7
1
-0.468119
1.26718
0.308707
0.5
0.48012
1.33396
0.299666
0.5
0
0.170868
-0.567118
0.095
0.43
-0.778165
-0.141518
-0.473667
1.0756
-0.565164
1.56715
-0.238348
1.0974
-0.275
1.49
0.372028
1.16205
0.295
1.53
0.620761
1.18748
0.605
1.59
3.035
-1.51
2.395
1.22
1.805
-0.68
1.87317
-0.972152
-0.361782
-0.0188305
-0.581112
0.159814
-0.443153
0.777117
-0.244166
0.79746
0.352795
0.858488
0.551782
0.87883
0.811797
0.302212
0.722475
0.192548
0.633153
0.0828829
1.865
-0.87
0.360694
2
2.085
-0.22
0.362353
1.5
1.065
-0.13
0.403113
1.2
0.095
0.43
0.7
1
-0.468119
1.26718
0.308707
0.5
0.48012
1.33396
0.299666
0.5
0
0.170868
-0.567118
0.095
0.43
-0.778165
-0.141518
-0.473667
1.0756
-0.565164
1.56715
-0.238348
1.0974
-0.275
1.49
0.372028
1.16205
0.295
1.53
0.620761
1.18748
0.605
1.59
3.035
-1.51
2.395
1.22
1.805
-0.42
1.79501
-0.719833
-0.361782
-0.0188305
-0.581112
0.159814
-0.443153
0.777117
-0.244166
0.79746
0.352795
0.858488
0.551782
0.87883
0.811797
0.302212
0.722475
0.192548
0.633153
0.0828829
1.755
-0.6
0.360694
2
2.025
-0.16
0.384187
1.5
1.065
-0.13
0.403113
1.2
0.095
0.43
0.7
1
-0.468119
1.26718
0.308707
0.5
0.48012
1.33396
0.299666
0.5
0
0.170868
-0.567118
0.095
0.43
-0.778165
-0.141518
-0.473667
1.0756
-0.565164
1.56715
-0.238348
1.0974
-0.275
1.49
0.372028
1.16205
0.295
1.53
0.620761
1.18748
0.605
1.59
3.035
-1.51
2.545
0.63
1.845
-0.15
1.70008
-0.412673
-0.361782
-0.0188305
-0.581112
0.159814
-0.443153
0.777117
-0.244166
0.79746
0.352795
0.858488
0.551782
0.87883
0.811797
0.302212
0.722475
0.192548
0.633153
0.0828829
1.755
-0.24
0.420119
2
2.115
-0.29
0.345398
1.5
1.065
-0.13
0.403113
1.2
0.095
0.43
0.7
1
-0.468119
1.26718
0.308707
0.5
0.48012
1.33396
0.299666
0.5
0
0.170868
-0.567118
0.095
0.43
-0.778165
-0.141518
-0.473667
1.0756
-0.565164
1.56715
-0.238348
1.0974
-0.275
1.49
0.372028
1.16205
0.295
1.53
0.620761
1.18748
0.605
1.59
3.035
-1.51
2.745
0.21
2.025
-0.03
1.79243
-0.219502
-0.361782
-0.0188305
-0.581112
0.159814
-0.443153
0.777117
-0.244166
0.79746
0.352795
0.858488
0.551782
0.87883
0.811797
0.302212
0.722475
0.192548
0.633153
0.0828829
2.215
-0.25
0.389487
2
1.585
-0.29
0.345398
1.5
1.065
-0.13
0.403113
1.2
0.095
0.43
0.7
1
-0.468119
1.26718
0.308707
0.5
0.48012
1.33396
0.299666
0.5
0
0.170868
-0.567118
0.095
0.43
-0.778165
-0.141518
-0.473667
1.0756
-0.565164
1.56715
-0.238348
1.0974
-0.275
1.49
0.372028
1.16205
0.295
1.53
0.620761
1.18748
0.605
1.59
3.035
-1.51
2.825
-0.21
2.025
-0.03
1.72649
-0.0598511
-0.361782
-0.0188305
-0.581112
0.159814
-0.443153
0.777117
-0.244166
0.79746
0.352795
0.858488
0.551782
0.87883
0.811797
0.302212
0.722475
0.192548
0.633153
0.0828829
1.805
-0.22
0.411096
2
2.345
-0.43
0.382753
1.5
1.065
-0.13
0.403113
1.2
0.095
0.43
0.7
1
-0.468119
1.26718
0.308707
0.5
0.48012
1.33396
0.299666
0.5
0
0.170868
-0.567118
0.095
0.43
-0.778165
-0.141518
-0.473667
1.0756
-0.565164
1.56715
-0.238348
1.0974
-0.275
1.49
0.372028
1.16205
0.295
1.53
0.620761
1.18748
0.605
1.59
2.545
-1.35
2.825
-0.21
2.155
-0.08
1.905
0.03
-0.361782
-0.0188305
-0.581112
0.159814
-0.443153
0.777117
-0.244166
0.79746
0.352795
0.858488
0.551782
0.87883
0.811797
0.302212
0.722475
0.192548
0.633153
0.0828829
2.045
-0.02
0.360694
2
2.145
-0.38
0.408044
1.5
1.165
-0.15
0.389102
1.2
0.095
0.43
0.7
1
-0.468119
1.26718
0.308707
0.5
0.48012
1.33396
0.299666
0.5
0
0.170868
-0.567118
0.095
0.43
-0.778165
-0.141518
-0.473667
1.0756
-0.565164
1.56715
-0.238348
1.0974
-0.275
1.49
0.372028
1.16205
0.295
1.53
0.620761
1.18748
0.605
1.59
2.155
-1.33
2.565
-0.37
2.285
-0.07
2.075
0.08
-0.361782
-0.0188305
-0.581112
0.159814
-0.443153
0.777117
-0.244166
0.79746
0.352795
0.858488
0.551782
0.87883
0.811797
0.302212
0.722475
0.192548
0.633153
0.0828829
2.045
-0.18
0.431393
2
1.695
-0.55
0.375899
1.5
1.065
-0.13
0.403113
1.2
0.095
0.43
0.7
1
-0.468119
1.26718
0.308707
0.5
0.48012
1.33396
0.299666
0.5
0
0.170868
-0.567118
0.095
0.43
-0.778165
-0.141518
-0.473667
1.0756
-0.565164
1.56715
-0.238348
1.0974
-0.275
1.49
0.372028
1.16205
0.295
1.53
0.620761
1.18748
0.605
1.59
1.955
-1.09
2.355
-0.49
2.325
-0.19
2.215
0.07
-0.361782
-0.0188305
-0.581112
0.159814
-0.443153
0.777117
-0.244166
0.79746
0.352795
0.858488
0.551782
0.87883
0.811797
0.302212
0.722475
0.192548
0.633153
0.0828829
2.175
-0.14
0.41231
2
1.575
-0.51
0.345398
1.5
1.065
-0.13
0.403113
1.2
0.095
0.43
0.7
1
-0.468119
1.26718
0.308707
0.5
0.48012
1.33396
0.299666
0.5
0
0.170868
-0.567118
0.095
0.43
-0.778165
-0.141518
-0.473667
1.0756
-0.565164
1.56715
-0.238348
1.0974
-0.275
1.49
0.372028
1.16205
0.295
1.53
0.620761
1.18748
0.605
1.59
1.645
-1
2.215
-0.72
2.325
-0.31
2.38911
-0.01693
-0.361782
-0.0188305
-0.581112
0.159814
-0.443153
0.777117
-0.244166
0.79746
0.352795
0.858488
0.551782
0.87883
0.811797
0.302212
0.722475
0.192548
0.633153
0.0828829
1.845
-0.69
0.383275
2
2.355
-0.17
0.388973
1.5
1.125
-0.2
0.403113
1.2
0.095
0.43
0.7
1
-0.468119
1.26718
0.308707
0.5
0.48012
1.33396
0.299666
0.5
0
0.170868
-0.567118
0.095
0.43
-0.778165
-0.141518
-0.473667
1.0756
-0.565164
1.56715
-0.238348
1.0974
-0.275
1.49
0.372028
1.16205
0.295
1.53
0.620761
1.18748
0.605
1.59
1.375
-0.71
2.035
-0.67
2.265
-0.48
2.43532
-0.233036
-0.361782
-0.0188305
-0.581112
0.159814
-0.443153
0.777117
-0.244166
0.79746
0.352795
0.858488
0.551782
0.87883
0.811797
0.302212
0.722475
0.192548
0.633153
0.0828829
2.305
-0.35
0.438634
2
1.555
-0.57
0.345398
1.5
0.985
-0.12
0.403113
1.2
0.095
0.43
0.7
1
-0.468119
1.26718
0.308707
0.5
0.48012
1.33396
0.299666
0.5
0
0.170868
-0.567118
0.095
0.43
-0.778165
-0.141518
-0.473667
1.0756
-0.565164
1.56715
-0.238348
1.0974
-0.275
1.49
0.372028
1.16205
0.295
1.53
0.620761
1.18748
0.605
1.59
1.195
-0.45
1.755
-0.65
2.165
-0.7
2.395
-0.59
-0.361782
-0.0188305
-0.581112
0.159814
-0.443153
0.777117
-0.244166
0.79746
0.352795
0.858488
0.551782
0.87883
0.811797
0.302212
0.722475
0.192548
0.633153
0.0828829
2.235
-0.67
0.445982
2
1.505
-0.49
0.345398
1.5
0.915
-0.08
0.403113
1.2
0.095
0.43
0.7
1
-0.468119
1.26718
0.308707
0.5
0.48012
1.33396
0.299666
0.5
0
0.170868
-0.567118
0.095
0.43
-0.778165
-0.141518
-0.473667
1.0756
-0.565164
1.56715
-0.238348
1.0974
-0.275
1.49
0.372028
1.16205
0.295
1.53
0.620761
1.18748
0.605
1.59
1.035
-0.17
1.705
-0.74
1.995
-0.84
2.255
-0.83
-0.361782
-0.0188305
-0.581112
0.159814
-0.443153
0.777117
-0.244166
0.79746
0.352795
0.858488
0.551782
0.87883
0.811797
0.302212
0.722475
0.192548
0.633153
0.0828829
2.135
-0.84
0.360694
2
1.555
-0.52
0.345398
1.5
0.985
-0.1
0.403113
1.2
0.095
0.43
0.7
1
-0.468119
1.26718
0.308707
0.5
0.48012
1.33396
0.299666
0.5
0
0.170868
-0.567118
0.095
0.43
-0.778165
-0.141518
-0.473667
1.0756
-0.565164
1.56715
-0.238348
1.0974
-0.275
1.49
0.372028
1.16205
0.295
1.53
0.620761
1.18748
0.605
1.59
0.915
-0.1
1.515
-0.81
1.795
-0.88
2.055
-0.87
-0.361782
-0.0188305
-0.581112
0.159814
-0.443153
0.777117
-0.244166
0.79746
0.352795
0.858488
0.551782
0.87883
0.811797
0.302212
0.722475
0.192548
0.633153
0.0828829
1.915
-0.93
0.367967
2
1.335
-0.59
0.345398
1.5
0.885
-0.03
0.403113
1.2
0.095
0.43
0.7
1
-0.468119
1.26718
0.308707
0.5
0.48012
1.33396
0.299666
0.5
0
0.170868
-0.567118
0.095
0.43
-0.778165
-0.141518
-0.473667
1.0756
-0.565164
1.56715
-0.238348
1.0974
-0.275
1.49
0.372028
1.16205
0.295
1.53
0.620761
1.18748
0.605
1.59
0.915
-0.1
1.305
-0.86
1.575
-0.96
1.835
-0.95
-0.361782
-0.0188305
-0.581112
0.159814
-0.443153
0.777117
-0.244166
0.79746
0.352795
0.858488
0.551782
0.87883
0.811797
0.302212
0.722475
0.192548
0.633153
0.0828829
1.785
-1.04
0.360694
2
1.235
-0.63
0.345398
1.5
0.885
-0.05
0.403113
1.2
0.095
0.43
0.7
1
-0.468119
1.26718
0.308707
0.5
0.48012
1.33396
0.299666
0.5
0
0.025
-0.59
0.035
0.38
-0.886941
-0.109446
-0.472405
1.07501
-0.585
1.56
-0.236026
1.07523
-0.236649
1.46961
0.377839
1.08383
0.334747
1.45736
0.62791
1.08643
0.595303
1.58536
0.803306
-0.222847
1.1223
-1.01548
1.38209
-1.13976
1.64197
-1.15357
-0.460994
-0.0253012
-0.663126
0.172681
-0.469293
0.774928
-0.269235
0.777003
0.330937
0.783227
0.530994
0.785301
0.737275
0.187204
0.638284
0.086138
0.539292
-0.014928
1.58394
-1.23864
0.360694
2
1.085
-0.78
0.345398
1.5
0.805
-0.17
0.403113
1.2
0.035
0.38
0.7
1
-0.449368
1.26533
0.308707
0.5
0.501215
1.24517
0.299666
0.5
0
-0.025
-0.56
-0.015
0.41
-0.936941
-0.0794455
-0.522405
1.10501
-0.635
1.59
-0.286026
1.10523
-0.286649
1.49961
0.327839
1.11383
0.284747
1.48736
0.57791
1.11643
0.605
1.6
0.753306
-0.192847
1.015
-1
1.205
-1.17
1.46488
-1.1838
-0.510994
0.00469875
-0.713126
0.202681
-0.519293
0.804928
-0.319235
0.807003
0.280937
0.813227
0.480994
0.815301
0.687275
0.217204
0.588284
0.116138
0.489292
0.015072
1.325
-1.2
0.360694
2
1.005
-0.78
0.345398
1.5
0.695
-0.14
0.403113
1.2
-0.015
0.41
0.7
1
-0.499368
1.29533
0.308707
0.5
0.451215
1.27517
0.299666
0.5
0
-0.025
-0.56
-0.015
0.41
-0.936941
-0.0794455
-0.522405
1.10501
-0.635
1.59
-0.290276
1.1056
-0.345
1.47
0.327839
1.11383
0.284747
1.48736
0.57791
1.11643
0.605
1.6
0.695
-0.29
0.905
-1.02
1.095
-1.29
1.305
-1.32
-0.510994
0.00469875
-0.713126
0.202681
-0.519293
0.804928
-0.319235
0.807003
0.280937
0.813227
0.480994
0.815301
0.687275
0.217204
0.588284
0.116138
0.489292
0.015072
1.155
-1.29
0.360694
2
0.905
-0.81
0.345398
1.5
0.665
-0.17
0.403113
1.2
-0.015
0.41
0.7
1
-0.499368
1.29533
0.359754
0.5
0.451215
1.27517
0.366371
0.5
0
0
-1
0
0.4
-0.92665
-0.0796958
-0.5
1.1
-0.6
1.6
-0.35
1.2
-0.4
1.55
0.35
1.1
0.3
1.5
0.6
1.1
0.635
1.59
0.7
-0.3
0.9
-1
1.1
-1.3
1.325
-1.32
-0.5
0
-0.7
0.2
-0.5
0.8
-0.3
0.8
0.3
0.8
0.5
0.8
0.7
0.2
0.6
0.1
0.5
0
1.2
-1.35
0.330341
2
0.875
-0.87
0.31241
1.5
0.685
-0.28
0.355106
1.2
0
0.4
0.7
1
-0.475
1.29
0.367151
0.5
0.475
1.26
0.393573
0.5
0
