9
10
15
9
6
0
-1
0
0.4
-0.984523
-0.0205602
-0.54411
1.09674
-0.739478
1.55699
-0.219973
1.08913
-0.179288
1.58747
0.281741
1.09944
0.170091
1.58682
0.622818
1.07371
0.762244
1.55387
0.675
-0.2
0.375
-0.93
0.755
-1.31
1.0514
-1.35631
-0.5
0
-0.7
0.2
-0.5
0.8
-0.3
0.8
0.3
0.8
0.5
0.8
0.7
0.2
0.6
0.1
0.5
0
0.915
-1.33
0.367967
2
0.545
-0.82
0.3
1.5
0.625
-0.15
0.3
1.2
-0.025
0.43
0.7
1
-0.425
1.34
0.348281
0.5
0.475
1.31
0.353553
0.5
0
0
-1
0
0.4
-1.00105
0.00259149
-0.61661
1.07641
-0.841073
1.52329
-0.295001
1.09996
-0.365
1.58
0.260637
1.09741
0.0985642
1.57041
0.550817
1.09566
0.613715
1.59185
0.675
-0.2
0.375
-0.93
0.755
-1.31
1.05198
-1.35243
-0.5
0
-0.7
0.2
-0.5
0.8
-0.3
0.8
0.3
0.8
0.5
0.8
0.7
0.2
0.6
0.1
0.5
0
0.925
-1.32
0.367967
2
0.525
-0.78
0.3
1.5
0.595
-0.16
0.3
1.2
0.005
0.53
0.7
1
-0.635
1.35
0.348281
0.5
0.485
1.32
0.353553
0.5
0
0
-1
0
0.4
-1.03358
0.0646339
-0.670909
1.04656
-0.92675
1.47615
-0.354778
1.09496
-0.475
1.56
0.193048
1.08029
-0.0219857
1.53169
0.485865
1.09967
0.385
1.57
0.675
-0.2
0.375
-0.93
0.755
-1.31
1.0514
-1.35631
-0.5
0
-0.7
0.2
-0.5
0.8
-0.3
0.8
0.3
0.8
0.5
0.8
0.7
0.2
0.6
0.1
0.5
0
0.935
-1.34
0.367967
2
0.565
-0.85
0.3
1.5
0.585
-0.23
0.3
1.2
0
0.4
0.7
1
-0.675
1.27
0.348281
0.5
0.255
1.31
0.353553
0.5
0
0
-1
0
0.4
-1.015
0.04
-0.599105
1.08316
-0.820204
1.52676
-0.278001
1.09919
-0.357167
1.57801
0.275
1.09
0.129266
1.57725
0.550817
1.09566
0.589053
1.56684
0.675
-0.2
0.375
-0.93
0.755
-1.31
1.0514
-1.35631
-0.5
0
-0.7
0.2
-0.5
0.8
-0.3
0.8
0.3
0.8
0.5
0.8
0.7
0.2
0.6
0.1
0.5
0
0.905
-1.31
0.367967
2
0.525
-0.87
0.3
1.5
0.555
-0.33
0.3
1.2
0
0.4
0.7
1
-0.565
1.3
0.348281
0.5
0.335
1.33
0.353553
0.5
0
0
-1
0
0.4
-1.00354
0.00644022
-0.572761
1.09104
-0.79067
1.54106
-0.278001
1.09919
-0.235
1.57
0.313622
1.09969
0.206923
1.58784
0.604342
1.08127
0.755
1.53
0.675
-0.2
0.375
-0.93
0.755
-1.31
1.05225
-1.35053
-0.5
0
-0.7
0.2
-0.5
0.8
-0.3
0.8
0.3
0.8
0.5
0.8
0.7
0.2
0.6
0.1
0.5
0
0.885
-1.32
0.367967
2
0.585
-0.79
0.3
1.5
0.595
-0.25
0.3
1.2
0
0.4
0.7
1
-0.495
1.36
0.348281
0.5
0.395
1.35
0.353553
0.5
0
0
-1
0
0.4
-0.978421
-0.0282141
-0.479217
1.09928
-0.65093
1.56887
-0.205
1.08
-0.135
1.53
0.387901
1.08683
0.415
1.53
0.699611
1.02395
0.935
1.45
0.675
-0.2
0.375
-0.93
0.745
-1.31
1.0421
-1.35159
-0.5
0
-0.7
0.2
-0.5
0.8
-0.3
0.8
0.3
0.8
0.5
0.8
0.7
0.2
0.6
0.1
0.5
0
0.885
-1.39
0.367967
2
0.645
-0.84
0.3
1.5
0.595
-0.29
0.3
1.2
0
0.4
0.7
1
-0.365
1.33
0.348281
0.5
0.595
1.26
0.353553
0.5
0
0
-1
0
0.4
-0.942846
-0.0657556
-0.414621
1.08759
-0.480349
1.58337
-0.128552
1.04618
-0.025
1.5
0.457467
1.05535
0.575
1.5
0.746819
0.97053
1.045
1.35
0.675
-0.2
0.375
-0.93
0.745
-1.31
1.04092
-1.35932
-0.5
0
-0.7
0.2
-0.5
0.8
-0.3
0.8
0.3
0.8
0.5
0.8
0.7
0.2
0.6
0.1
0.5
0
0.885
-1.39
0.367967
2
0.645
-0.84
0.3
1.5
0.595
-0.29
0.3
1.2
0
0.4
0.7
1
-0.285
1.35
0.348281
0.5
0.705
1.22
0.353553
0.5
0
0
-1
0
0.4
-0.99151
-0.0112391
-0.504999
1.09996
-0.720857
1.55195
-0.197868
1.08208
-0.21784
1.54765
0.355
1.09
0.30292
1.55216
0.665
1.04
0.8104
1.50945
0.685
-0.2
0.375
-0.93
0.745
-1.31
1.0423
-1.35018
-0.5
0
-0.7
0.2
-0.5
0.8
-0.3
0.8
0.3
0.8
0.5
0.8
0.7
0.2
0.6
0.1
0.5
0
0.885
-1.39
0.367967
2
0.645
-0.84
0.3
1.5
0.595
-0.29
0.3
1.2
0
0.4
0.7
1
-0.415
1.33
0.348281
0.5
0.535
1.26
0.353553
0.5
0
0
-1
0
0.4
-1.01314
0.0223976
-0.563526
1.0932
-0.735
1.5
-0.255
1.09
-0.245
1.53
0.295313
1.09996
0.175
1.53
0.599105
1.08316
0.705
1.54
0.675
-0.2
0.375
-0.93
0.745
-1.31
1.04306
-1.34406
-0.5
0
-0.7
0.2
-0.5
0.8
-0.3
0.8
0.3
0.8
0.5
0.8
0.7
0.2
0.6
0.1
0.5
0
0.885
-1.39
0.367967
2
0.565
-0.85
0.3
1.5
0.595
-0.29
0.3
1.2
0
0.4
0.7
1
-0.425
1.33
0.348281
0.5
0.445
1.34
0.353553
0.5
0
