4
10
15
9
6
-0.015
-0.85
-0.015
0.55
-0.965
0.1
-0.515
1.25
-0.615
1.6
-0.326242
1.24979
-0.395
1.55
0.335581
1.24571
0.295
1.5
0.615779
1.21999
0.605
1.59
0.575
-0.15
0.745
-0.84
1.135
-1.09
1.38
-1.12
-0.515
0.15
-0.715
0.35
-0.515
0.95
-0.315
0.95
0.285
0.95
0.485
0.95
0.685
0.35
0.585
0.25
0.485
0.15
1.295
-1.1
0.338379
2
0.755
-0.69
0.3
1.5
0.655
-0.12
0.304138
1.2
-0.015
0.55
0.7
1
-0.455
1.38
0.3
0.5
0.465
1.33
0.3
0.5
0
-0.015
-0.73
-0.015
0.67
-0.895
0.18
-0.515
1.23
-0.615
1.59
-0.295
1.25
-0.385
1.54
0.325
1.24
0.295
1.5
0.575
1.22
0.605
1.58
0.405
-0.06
0.625
-0.73
1.115
-0.78
1.345
-0.68
-0.515
0.27
-0.715
0.47
-0.515
1.07
-0.315
1.07
0.285
1.07
0.485
1.07
0.685
0.47
0.585
0.37
0.485
0.27
1.285
-0.74
0.332415
2
0.775
-0.65
0.333016
1.5
0.585
-0.07
0.35805
1.2
-0.025
0.72
0.7
1
-0.515
1.37
0.3
0.5
0.475
1.38
0.3
0.5
0
-0.015
-0.55
-0.015
0.85
-0.805
0.33
-0.515
1.3
-0.615
1.6
-0.305
1.35
-0.375
1.54
0.315
1.34
0.305
1.5
0.535
1.31
0.595
1.57
0.265
0.07
0.655
-0.64
1.115
-0.35
1.335
-0.18
-0.515
0.45
-0.715
0.65
-0.515
1.25
-0.315
1.25
0.285
1.25
0.485
1.25
0.685
0.65
0.585
0.55
0.485
0.45
1.285
-0.23
0.334216
2
0.765
-0.37
0.3
1.5
0.525
0.11
0.3
1.2
0.015
0.78
0.7
1
-0.515
1.55
0.3
0.5
0.465
1.46
0.3
0.5
0
-0.015
-0.82
-0.015
0.58
-0.895
0.09
-0.515
1.22
-0.615
1.59
-0.295
1.23
-0.385
1.54
0.345
1.24
0.295
1.5
0.615
1.22
0.605
1.57
0.635
-0.08
0.795
-0.64
1.075
-0.98
1.375
-0.98
-0.515
0.18
-0.715
0.38
-0.515
0.98
-0.315
0.98
0.285
0.98
0.485
0.98
0.685
0.38
0.585
0.28
0.485
0.18
1.245
-1.01
0.339706
2
0.815
-0.61
0.334216
1.5
0.665
-0.05
0.354683
1.2
-0.015
0.58
0.7
1
-0.465
1.41
0.3
0.5
0.505
1.39
0.3
0.5
0
