2
10
15
9
6
0
-1
0
0.4
-0.92665
-0.0796958
-0.5
1.1
-0.609984
1.58775
-0.285
1.01
-0.235
1.35
0.305
1
0.175
1.29
0.54932
1.09592
0.675
1.57
0.7
-0.3
0.9
-1
1.1
-1.3
1.325
-1.32
-0.5
0
-0.7
0.2
-0.5
0.8
-0.3
0.8
0.3
0.8
0.5
0.8
0.7
0.2
0.6
0.1
0.5
0
1.2
-1.35
0.326841
2
0.855
-0.84
0.304138
1.5
0.695
-0.22
0.343839
1.2
0
0.4
0.7
1
-0.445
1.29
0.344093
0.5
0.465
1.29
0.340588
0.5
0
0
-1
0
0.4
-0.988516
-0.0153104
-0.505
1.01
-0.605
1.35
-0.217007
1.08829
-0.0870138
1.5711
0.278001
1.09919
0.182755
1.59004
0.545
0.99
0.655
1.41
0.7
-0.3
0.9
-1
1.1
-1.3
1.325
-1.32
-0.5
0
-0.7
0.2
-0.5
0.8
-0.3
0.8
0.3
0.8
0.5
0.8
0.7
0.2
0.6
0.1
0.5
0
1.2
-1.35
0.368001
2
0.875
-0.84
0.3
1.5
0.725
-0.23
0.308058
1.2
0
0.4
0.7
1
-0.345
1.23
0.378583
0.5
0.505
1.29
0.367967
0.5
0
