28
10
15
9
6
0
-1
0
0.4
-0.966073
-0.0424973
-0.5
1.1
-0.6
1.6
-0.26804
1.09829
-0.295
1.5
0.350581
1.09571
0.325
1.55
0.630779
1.06999
0.690924
1.56636
0.7
-0.3
0.825
-1.01
1.1
-1.3
1.345
-1.33
-0.5
0
-0.7
0.2
-0.5
0.8
-0.3
0.8
0.3
0.8
0.5
0.8
0.7
0.2
0.6
0.1
0.5
0
1.2
-1.35
0.350179
2
0.835
-0.87
0.330151
1.5
0.7
-0.3
0.315317
1.2
0
0.4
0.7
1
-0.465
1.31
0.35
0.5
0.505
1.27
0.362353
0.5
0
0
-1
0
0.4
-0.92665
-0.0796958
-0.5
1.1
-0.625
1.46
-0.35
1.2
-0.385
1.45
0.35
1.1
0.335
1.4
0.585
1.03
0.595
1.41
0.7
-0.3
0.9
-1
1.375
-1.08
1.595
-1.05
-0.5
0
-0.7
0.2
-0.5
0.8
-0.3
0.8
0.3
0.8
0.5
0.8
0.7
0.2
0.6
0.1
0.5
0
1.465
-1.05
0.330341
2
0.975
-0.75
0.31241
1.5
0.715
-0.2
0.355106
1.2
0
0.4
0.7
1
-0.445
1.22
0.380132
0.5
0.475
1.26
0.380789
0.5
0
0.170868
-0.567118
0.095
0.43
-0.778165
-0.141518
-0.455
1.04
-0.505
1.38
-0.215
1.03
-0.255
1.31
0.395
1.07
0.375
1.36
0.575
1.05
0.595
1.42
0.862653
-0.195255
1.13284
-0.871366
1.555
-0.91
1.77083
-0.857775
-0.361782
-0.0188305
-0.581112
0.159814
-0.443153
0.777117
-0.244166
0.79746
0.352795
0.858488
0.551782
0.87883
0.811797
0.302212
0.722475
0.192548
0.633153
0.0828829
1.655
-0.88
0.325576
2
1.165
-0.58
0.31241
1.5
0.815
-0.05
0.355106
1.2
0.095
0.43
0.7
1
-0.355
1.18
0.35152
0.5
0.48012
1.33396
0.370016
0.5
0
0.170868
-0.567118
0.095
0.43
-0.778165
-0.141518
-0.415
0.92
-0.475
1.21
-0.195
0.96
-0.195
1.19
0.365
1.02
0.335
1.28
0.595
1.03
0.605
1.34
0.862653
-0.195255
1.495
-0.64
1.835
-0.7
2.05083
-0.647775
-0.361782
-0.0188305
-0.581112
0.159814
-0.443153
0.777117
-0.244166
0.79746
0.352795
0.858488
0.551782
0.87883
0.811797
0.302212
0.722475
0.192548
0.633153
0.0828829
1.915
-0.67
0.382753
2
1.335
-0.44
0.31241
1.5
0.835
-0.04
0.355106
1.2
0.095
0.43
0.7
1
-0.275
1.09
0.353553
0.5
0.505
1.17
0.360023
0.5
0
0.170868
-0.567118
0.095
0.43
-0.778165
-0.141518
-0.435
0.91
-0.475
1.17
-0.215
0.95
-0.215
1.12
0.335
0.95
0.345
1.14
0.575
0.99
0.585
1.23
1.445
-0.76
1.885
-1.06
1.995
-0.62
2.075
-0.39
-0.361782
-0.0188305
-0.581112
0.159814
-0.443153
0.777117
-0.244166
0.79746
0.352795
0.858488
0.551782
0.87883
0.811797
0.302212
0.722475
0.192548
0.633153
0.0828829
2.035
-0.49
0.330341
2
1.445
-0.59
0.328024
1.5
0.965
-0.11
0.355106
1.2
0.095
0.43
0.7
1
-0.345
0.94
0.308707
0.5
0.455
1.11
0.299666
0.5
0
0.170868
-0.567118
0.095
0.43
-0.778165
-0.141518
-0.445
0.88
-0.475
1.12
-0.195
0.92
-0.205
1.11
0.345
0.95
0.335
1.16
0.595
0.97
0.595
1.15
1.415
-0.99
2.415
-0.9
2.015
-0.39
1.74495
-0.259332
-0.361782
-0.0188305
-0.581112
0.159814
-0.443153
0.777117
-0.244166
0.79746
0.352795
0.858488
0.551782
0.87883
0.811797
0.302212
0.722475
0.192548
0.633153
0.0828829
1.865
-0.44
0.382884
2
1.275
-0.51
0.31241
1.5
0.845695
-0.176882
0.355106
1.2
0.095
0.43
0.7
1
-0.365
1.02
0.308707
0.5
0.465
1.15
0.299666
0.5
0
0.170868
-0.567118
0.095
0.43
-0.778165
-0.141518
-0.425
0.86
-0.485
1.08
-0.175
0.87
-0.165
1.12
0.345
0.94
0.325
1.18
0.575
0.94
0.565
1.17
1.985
-1.27
2.585
-0.31
1.795
-0.26
1.59431
-0.482988
-0.361782
-0.0188305
-0.581112
0.159814
-0.443153
0.777117
-0.244166
0.79746
0.352795
0.858488
0.551782
0.87883
0.811797
0.302212
0.722475
0.192548
0.633153
0.0828829
1.825
-0.43
0.346699
2
1.265
-0.38
0.31241
1.5
0.845695
-0.176882
0.355106
1.2
0.095
0.43
0.7
1
-0.315
1.02
0.308707
0.5
0.435
1.01
0.299666
0.5
0
0.170868
-0.567118
0.095
0.43
-0.778165
-0.141518
-0.335
0.85
-0.425
1.09
-0.135
0.82
-0.155
1.11
0.395
0.92
0.355
1.14
0.595
0.9
0.565
1.17
3.695
-2.48
3.075
1.22
1.665
-0.9
1.61889
-1.19643
-0.361782
-0.0188305
-0.581112
0.159814
-0.443153
0.777117
-0.244166
0.79746
0.352795
0.858488
0.551782
0.87883
0.811797
0.302212
0.722475
0.192548
0.633153
0.0828829
1.655
-1.05
0.404599
2
2.405
-0.51
0.481664
1.5
1.065
-0.13
0.403113
1.2
0.095
0.43
0.7
1
-0.295
1.03
0.308707
0.5
0.435
1.07
0.299666
0.5
0
0.170868
-0.567118
0.095
0.43
-0.778165
-0.141518
-0.345
0.85
-0.385
1.07
-0.135
0.87
-0.175
1.08
0.445
0.9
0.385
1.11
0.625
0.91
0.585
1.16
3.055
-1.52
2.395
1.22
1.905
-1.01
2.04561
-1.275
-0.361782
-0.0188305
-0.581112
0.159814
-0.443153
0.777117
-0.244166
0.79746
0.352795
0.858488
0.551782
0.87883
0.811797
0.302212
0.722475
0.192548
0.633153
0.0828829
1.965
-1.13
0.404598
2
2.065
-0.39
0.410366
1.5
1.065
-0.13
0.403113
1.2
0.075
0.45
0.7
1
-0.245
0.95
0.308707
0.5
0.505
1.01
0.299666
0.5
0
0.170868
-0.567118
0.095
0.43
-0.778165
-0.141518
-0.355
0.86
-0.385
1.08
-0.155
0.89
-0.195
1.08
0.395
0.96
0.355
1.15
0.595
0.95
0.575
1.16
3.035
-1.51
2.395
1.22
1.845
-0.86
1.98562
-1.125
-0.361782
-0.0188305
-0.581112
0.159814
-0.443153
0.777117
-0.244166
0.79746
0.352795
0.858488
0.551782
0.87883
0.811797
0.302212
0.722475
0.192548
0.633153
0.0828829
1.875
-1.04
0.382753
2
2.055
-0.37
0.377359
1.5
1.065
-0.13
0.403113
1.2
0.095
0.43
0.7
1
-0.285
0.98
0.308707
0.5
0.495
1.01
0.299666
0.5
0
0.170868
-0.567118
0.095
0.43
-0.778165
-0.141518
-0.335
0.82
-0.375
1.08
-0.155
0.88
-0.185
1.09
0.435
0.91
0.365
1.15
0.635
0.89
0.605
1.17
3.035
-1.51
2.395
1.22
1.805
-0.68
1.87317
-0.972152
-0.361782
-0.0188305
-0.581112
0.159814
-0.443153
0.777117
-0.244166
0.79746
0.352795
0.858488
0.551782
0.87883
0.811797
0.302212
0.722475
0.192548
0.633153
0.0828829
1.865
-0.87
0.360694
2
2.085
-0.22
0.362353
1.5
1.065
-0.13
0.403113
1.2
0.095
0.43
0.7
1
-0.245
0.91
0.308707
0.5
0.525
1.06
0.299666
0.5
0
0.170868
-0.567118
0.095
0.43
-0.778165
-0.141518
-0.285
0.85
-0.385
1.05
-0.145
0.88
-0.185
1.07
0.455
0.95
0.345
1.15
0.655
0.92
0.625
1.19
3.035
-1.51
2.395
1.22
1.805
-0.42
1.79501
-0.719833
-0.361782
-0.0188305
-0.581112
0.159814
-0.443153
0.777117
-0.244166
0.79746
0.352795
0.858488
0.551782
0.87883
0.811797
0.302212
0.722475
0.192548
0.633153
0.0828829
1.755
-0.6
0.360694
2
2.025
-0.16
0.384187
1.5
1.065
-0.13
0.403113
1.2
0.095
0.43
0.7
1
-0.245
0.95
0.308707
0.5
0.525
1.03
0.299666
0.5
0
0.170868
-0.567118
0.095
0.43
-0.778165
-0.141518
-0.355
0.84
-0.415
1.08
-0.125
0.87
-0.145
1
0.425
0.92
0.395
1.08
0.635
0.91
0.665
1.21
3.035
-1.51
2.545
0.63
1.845
-0.15
1.70008
-0.412673
-0.361782
-0.0188305
-0.581112
0.159814
-0.443153
0.777117
-0.244166
0.79746
0.352795
0.858488
0.551782
0.87883
0.811797
0.302212
0.722475
0.192548
0.633153
0.0828829
1.755
-0.24
0.420119
2
2.115
-0.29
0.345398
1.5
1.065
-0.13
0.403113
1.2
0.095
0.43
0.7
1
-0.275
0.95
0.308707
0.5
0.565
1.01
0.299666
0.5
0
0.170868
-0.567118
0.095
0.43
-0.778165
-0.141518
-0.315
0.83
-0.395
1.09
-0.135
0.86
-0.175
1.02
0.415
0.93
0.405
1.08
0.605
0.87
0.645
1.15
3.035
-1.51
2.745
0.21
2.025
-0.03
1.79243
-0.219502
-0.361782
-0.0188305
-0.581112
0.159814
-0.443153
0.777117
-0.244166
0.79746
0.352795
0.858488
0.551782
0.87883
0.811797
0.302212
0.722475
0.192548
0.633153
0.0828829
2.215
-0.25
0.389487
2
1.585
-0.29
0.345398
1.5
1.065
-0.13
0.403113
1.2
0.095
0.43
0.7
1
-0.265
0.93
0.308707
0.5
0.515
1
0.299666
0.5
0
0.170868
-0.567118
0.095
0.43
-0.778165
-0.141518
-0.305
0.83
-0.415
1.04
-0.115
0.86
-0.175
1.01
0.415
0.94
0.405
1.1
0.625
0.9
0.645
1.09
3.035
-1.51
2.825
-0.21
2.025
-0.03
1.72649
-0.0598511
-0.361782
-0.0188305
-0.581112
0.159814
-0.443153
0.777117
-0.244166
0.79746
0.352795
0.858488
0.551782
0.87883
0.811797
0.302212
0.722475
0.192548
0.633153
0.0828829
1.805
-0.22
0.411096
2
2.345
-0.43
0.382753
1.5
1.065
-0.13
0.403113
1.2
0.095
0.43
0.7
1
-0.275
0.89
0.308707
0.5
0.535
1.01
0.299666
0.5
0
0.170868
-0.567118
0.095
0.43
-0.778165
-0.141518
-0.295
0.84
-0.405
1.01
-0.115
0.83
-0.215
1.01
0.445
0.89
0.405
1.04
0.655
0.89
0.625
1.11
2.545
-1.35
2.825
-0.21
2.155
-0.08
1.905
0.03
-0.361782
-0.0188305
-0.581112
0.159814
-0.443153
0.777117
-0.244166
0.79746
0.352795
0.858488
0.551782
0.87883
0.811797
0.302212
0.722475
0.192548
0.633153
0.0828829
2.045
-0.02
0.360694
2
2.145
-0.38
0.408044
1.5
1.165
-0.15
0.389102
1.2
0.095
0.43
0.7
1
-0.275
0.92
0.308707
0.5
0.525
0.96
0.299666
0.5
0
0.170868
-0.567118
0.095
0.43
-0.778165
-0.141518
-0.255
0.81
-0.375
1.05
-0.095
0.83
-0.175
1.03
0.465
0.89
0.405
1.06
0.635
0.89
0.615
1.11
2.155
-1.33
2.565
-0.37
2.285
-0.07
2.075
0.08
-0.361782
-0.0188305
-0.581112
0.159814
-0.443153
0.777117
-0.244166
0.79746
0.352795
0.858488
0.551782
0.87883
0.811797
0.302212
0.722475
0.192548
0.633153
0.0828829
2.045
-0.18
0.431393
2
1.695
-0.55
0.375899
1.5
1.065
-0.13
0.403113
1.2
0.095
0.43
0.7
1
-0.265
0.94
0.308707
0.5
0.565
0.99
0.299666
0.5
0
0.170868
-0.567118
0.095
0.43
-0.778165
-0.141518
-0.255
0.82
-0.365
1.04
-0.065
0.83
-0.135
0.99
0.465
0.89
0.405
1
0.635
0.9
0.615
1.12
1.955
-1.09
2.355
-0.49
2.325
-0.19
2.215
0.07
-0.361782
-0.0188305
-0.581112
0.159814
-0.443153
0.777117
-0.244166
0.79746
0.352795
0.858488
0.551782
0.87883
0.811797
0.302212
0.722475
0.192548
0.633153
0.0828829
2.175
-0.14
0.41231
2
1.575
-0.51
0.345398
1.5
1.065
-0.13
0.403113
1.2
0.095
0.43
0.7
1
-0.245
0.93
0.308707
0.5
0.535
0.98
0.299666
0.5
0
0.170868
-0.567118
0.095
0.43
-0.778165
-0.141518
-0.305
0.81
-0.355
1.02
-0.075
0.81
-0.115
1.01
0.435
0.87
0.355
1.05
0.635
0.88
0.575
1.08
1.645
-1
2.215
-0.72
2.325
-0.31
2.38911
-0.01693
-0.361782
-0.0188305
-0.581112
0.159814
-0.443153
0.777117
-0.244166
0.79746
0.352795
0.858488
0.551782
0.87883
0.811797
0.302212
0.722475
0.192548
0.633153
0.0828829
1.845
-0.69
0.383275
2
2.355
-0.17
0.388973
1.5
1.125
-0.2
0.403113
1.2
0.095
0.43
0.7
1
-0.245
0.91
0.308707
0.5
0.485
0.94
0.299666
0.5
0
0.170868
-0.567118
0.095
0.43
-0.778165
-0.141518
-0.295
0.8
-0.385
1.04
-0.125
0.85
-0.155
1
0.405
0.89
0.385
1.03
0.635
0.9
0.595
1.09
1.375
-0.71
2.035
-0.67
2.265
-0.48
2.43532
-0.233036
-0.361782
-0.0188305
-0.581112
0.159814
-0.443153
0.777117
-0.244166
0.79746
0.352795
0.858488
0.551782
0.87883
0.811797
0.302212
0.722475
0.192548
0.633153
0.0828829
2.305
-0.35
0.438634
2
1.555
-0.57
0.345398
1.5
0.985
-0.12
0.403113
1.2
0.095
0.43
0.7
1
-0.265
0.92
0.308707
0.5
0.505
0.99
0.299666
0.5
0
0.170868
-0.567118
0.095
0.43
-0.778165
-0.141518
-0.325
0.85
-0.395
1.08
-0.095
0.88
-0.115
1.09
0.425
0.89
0.395
1.09
0.595
0.88
0.635
1.12
1.195
-0.45
1.755
-0.65
2.165
-0.7
2.395
-0.59
-0.361782
-0.0188305
-0.581112
0.159814
-0.443153
0.777117
-0.244166
0.79746
0.352795
0.858488
0.551782
0.87883
0.811797
0.302212
0.722475
0.192548
0.633153
0.0828829
2.235
-0.67
0.445982
2
1.505
-0.49
0.345398
1.5
0.915
-0.08
0.403113
1.2
0.095
0.43
0.7
1
-0.255
0.97
0.308707
0.5
0.555
1
0.299666
0.5
0
0.170868
-0.567118
0.095
0.43
-0.778165
-0.141518
-0.305
0.83
-0.385
1.06
-0.065
0.87
-0.075
1.1
0.495
0.94
0.475
1.13
0.675
0.92
0.705
1.15
1.035
-0.17
1.705
-0.74
1.995
-0.84
2.255
-0.83
-0.361782
-0.0188305
-0.581112
0.159814
-0.443153
0.777117
-0.244166
0.79746
0.352795
0.858488
0.551782
0.87883
0.811797
0.302212
0.722475
0.192548
0.633153
0.0828829
2.135
-0.84
0.360694
2
1.555
-0.52
0.345398
1.5
0.985
-0.1
0.403113
1.2
0.095
0.43
0.7
1
-0.215
1
0.308707
0.5
0.615
1.06
0.299666
0.5
0
0.170868
-0.567118
0.095
0.43
-0.778165
-0.141518
-0.305
0.83
-0.365
1.05
-0.055
0.88
-0.095
1.1
0.505
0.93
0.475
1.11
0.685
0.93
0.715
1.14
0.915
-0.1
1.515
-0.81
1.795
-0.88
2.055
-0.87
-0.361782
-0.0188305
-0.581112
0.159814
-0.443153
0.777117
-0.244166
0.79746
0.352795
0.858488
0.551782
0.87883
0.811797
0.302212
0.722475
0.192548
0.633153
0.0828829
1.915
-0.93
0.367967
2
1.335
-0.59
0.345398
1.5
0.885
-0.03
0.403113
1.2
0.095
0.43
0.7
1
-0.245
1
0.308707
0.5
0.585
1.05
0.299666
0.5
0
0.170868
-0.567118
0.095
0.43
-0.778165
-0.141518
-0.345
0.86
-0.375
1.07
-0.095
0.9
-0.105
1.06
0.475
0.93
0.465
1.13
0.675
0.93
0.705
1.16
0.915
-0.1
1.305
-0.86
1.575
-0.96
1.835
-0.95
-0.361782
-0.0188305
-0.581112
0.159814
-0.443153
0.777117
-0.244166
0.79746
0.352795
0.858488
0.551782
0.87883
0.811797
0.302212
0.722475
0.192548
0.633153
0.0828829
1.785
-1.04
0.360694
2
1.235
-0.63
0.345398
1.5
0.885
-0.05
0.403113
1.2
0.095
0.43
0.7
1
-0.225
0.96
0.308707
0.5
0.595
1.08
0.299666
0.5
0
0.025
-0.59
0.035
0.38
-0.886941
-0.109446
-0.425
0.86
-0.455
1.16
-0.185
0.85
-0.185
1.11
0.405
0.88
0.435
1.08
0.635
0.84
0.695
1.14
0.803306
-0.222847
1.1223
-1.01548
1.38209
-1.13976
1.64197
-1.15357
-0.460994
-0.0253012
-0.663126
0.172681
-0.469293
0.774928
-0.269235
0.777003
0.330937
0.783227
0.530994
0.785301
0.737275
0.187204
0.638284
0.086138
0.539292
-0.014928
1.58394
-1.23864
0.360694
2
1.085
-0.78
0.345398
1.5
0.805
-0.17
0.403113
1.2
0.035
0.38
0.7
1
-0.335
1.02
0.308707
0.5
0.585
0.98
0.299666
0.5
0
-0.025
-0.56
-0.015
0.41
-0.936941
-0.0794455
-0.525
0.94
-0.645
1.32
-0.245
0.95
-0.185
1.28
0.305
0.95
0.315
1.26
0.555
0.89
0.615
1.26
0.753306
-0.192847
1.015
-1
1.205
-1.17
1.46488
-1.1838
-0.510994
0.00469875
-0.713126
0.202681
-0.519293
0.804928
-0.319235
0.807003
0.280937
0.813227
0.480994
0.815301
0.687275
0.217204
0.588284
0.116138
0.489292
0.015072
1.325
-1.2
0.360694
2
1.005
-0.78
0.345398
1.5
0.695
-0.14
0.403113
1.2
-0.015
0.41
0.7
1
-0.375
1.14
0.308707
0.5
0.475
1.07
0.299666
0.5
0
-0.025
-0.56
-0.015
0.41
-0.936941
-0.0794455
-0.525
1
-0.635
1.45
-0.265
1
-0.222323
1.46344
0.285
0.97
0.265
1.37
0.525
0.97
0.595
1.39
0.695
-0.29
0.905
-1.02
1.095
-1.29
1.305
-1.32
-0.510994
0.00469875
-0.713126
0.202681
-0.519293
0.804928
-0.319235
0.807003
0.280937
0.813227
0.480994
0.815301
0.687275
0.217204
0.588284
0.116138
0.489292
0.015072
1.155
-1.29
0.360694
2
0.905
-0.81
0.345398
1.5
0.665
-0.17
0.403113
1.2
-0.015
0.41
0.7
1
-0.415
1.26
0.359754
0.5
0.445
1.24
0.366371
0.5
0
0
-1
0
0.4
-0.966073
-0.0424973
-0.5
1.1
-0.6
1.6
-0.26804
1.09829
-0.295
1.5
0.350581
1.09571
0.325
1.55
0.630779
1.06999
0.702723
1.58036
0.7
-0.3
0.825
-1.01
1.1
-1.3
1.345
-1.33
-0.5
0
-0.7
0.2
-0.5
0.8
-0.3
0.8
0.3
0.8
0.5
0.8
0.7
0.2
0.6
0.1
0.5
0
1.2
-1.35
0.350179
2
0.835
-0.87
0.330151
1.5
0.7
-0.3
0.315317
1.2
0
0.4
0.7
1
-0.465
1.31
0.35
0.5
0.505
1.27
0.362353
0.5
0
