39
10
15
9
6
0
-1
0
0.4
-0.966073
-0.0424973
-0.5
1.1
-0.6
1.6
-0.26804
1.09829
-0.295
1.5
0.350581
1.09571
0.325
1.55
0.630779
1.06999
0.702723
1.58036
0.7
-0.3
0.825
-1.01
1.1
-1.3
1.345
-1.33
-0.5
0
-0.7
0.2
-0.5
0.8
-0.3
0.8
0.3
0.8
0.5
0.8
0.7
0.2
0.6
0.1
0.5
0
1.2
-1.35
0.350179
2
0.835
-0.87
0.330151
1.5
0.7
-0.3
0.315317
1.2
0
0.4
0.7
1
-0.465
1.31
0.35
0.5
0.505
1.27
0.362353
0.5
0
0
-1
0
0.4
-0.966073
-0.0424973
-0.5
1.1
-0.6
1.6
-0.26804
1.09829
-0.295
1.5
0.350581
1.09571
0.325
1.55
0.630779
1.06999
0.702723
1.58036
0.7
-0.3
0.825
-1.01
1.1
-1.3
1.255
-1.49
-0.5
0
-0.7
0.2
-0.5
0.8
-0.3
0.8
0.3
0.8
0.5
0.8
0.7
0.2
0.6
0.1
0.5
0
1.2
-1.35
0.350179
2
0.835
-0.87
0.330151
1.5
0.7
-0.3
0.315317
1.2
0
0.4
0.7
1
-0.465
1.31
0.35
0.5
0.505
1.27
0.362353
0.5
0
0
-1
0
0.4
-0.966073
-0.0424973
-0.5
1.1
-0.6
1.6
-0.26804
1.09829
-0.295
1.5
0.350581
1.09571
0.325
1.55
0.630779
1.06999
0.702723
1.58036
0.7
-0.3
0.915
-0.93
1.075
-1.25
1.2
-1.46
-0.5
0
-0.7
0.2
-0.5
0.8
-0.3
0.8
0.3
0.8
0.5
0.8
0.7
0.2
0.6
0.1
0.5
0
1.125
-1.35
0.350179
2
0.915
-0.77
0.330151
1.5
0.705
-0.22
0.315317
1.2
0
0.4
0.7
1
-0.465
1.31
0.35
0.5
0.505
1.27
0.362353
0.5
0
0
-1
0
0.4
-0.966073
-0.0424973
-0.5
1.1
-0.6
1.6
-0.26804
1.09829
-0.295
1.5
0.350581
1.09571
0.325
1.55
0.630779
1.06999
0.702723
1.58036
0.7
-0.3
0.875
-0.79
1.005
-1.1
1.13072
-1.37239
-0.5
0
-0.7
0.2
-0.5
0.8
-0.3
0.8
0.3
0.8
0.5
0.8
0.7
0.2
0.6
0.1
0.5
0
1.125
-1.34
0.350179
2
0.915
-0.77
0.330151
1.5
0.715
-0.2
0.315317
1.2
0
0.4
0.7
1
-0.465
1.31
0.35
0.5
0.505
1.27
0.362353
0.5
0
0
-1
0
0.4
-0.966073
-0.0424973
-0.5
1.1
-0.6
1.6
-0.26804
1.09829
-0.295
1.5
0.350581
1.09571
0.325
1.55
0.630779
1.06999
0.702723
1.58036
0.7
-0.3
0.815
-0.62
0.935
-0.92
1.06343
-1.19112
-0.5
0
-0.7
0.2
-0.5
0.8
-0.3
0.8
0.3
0.8
0.5
0.8
0.7
0.2
0.6
0.1
0.5
0
1.045
-1.06
0.350179
2
0.855
-0.53
0.330151
1.5
0.635
-0.06
0.315317
1.2
0
0.4
0.7
1
-0.465
1.31
0.35
0.5
0.505
1.27
0.362353
0.5
0
0
-1
0
0.4
-0.966073
-0.0424973
-0.5
1.1
-0.6
1.6
-0.26804
1.09829
-0.295
1.5
0.350581
1.09571
0.325
1.55
0.630779
1.06999
0.702723
1.58036
0.625
-0.14
0.745
-0.39
0.875
-0.74
0.985
-0.99
-0.5
0
-0.7
0.2
-0.5
0.8
-0.3
0.8
0.3
0.8
0.5
0.8
0.7
0.2
0.6
0.1
0.5
0
0.945
-0.86
0.350179
2
0.735
-0.42
0.330151
1.5
0.565
0.09
0.315317
1.2
0
0.4
0.7
1
-0.465
1.31
0.35
0.5
0.505
1.27
0.362353
0.5
0
0
-1
0
0.4
-0.966073
-0.0424973
-0.5
1.1
-0.6
1.6
-0.26804
1.09829
-0.295
1.5
0.350581
1.09571
0.325
1.55
0.630779
1.06999
0.702723
1.58036
0.625
-0.14
0.725
-0.32
0.765
-0.48
0.815
-0.58
-0.5
0
-0.7
0.2
-0.5
0.8
-0.3
0.8
0.3
0.8
0.5
0.8
0.7
0.2
0.6
0.1
0.5
0
0.785
-0.37
0.350179
2
0.675
-0.08
0.330151
1.5
0.575
0.11
0.315317
1.2
0
0.4
0.7
1
-0.465
1.31
0.35
0.5
0.505
1.27
0.362353
0.5
0
0
-1
0
0.4
-0.966073
-0.0424973
-0.5
1.1
-0.6
1.6
-0.26804
1.09829
-0.295
1.5
0.350581
1.09571
0.325
1.55
0.630779
1.06999
0.702723
1.58036
0.625
-0.14
0.675
-0.22
0.725
-0.39
0.775
-0.49
-0.5
0
-0.7
0.2
-0.5
0.8
-0.3
0.8
0.3
0.8
0.5
0.8
0.7
0.2
0.6
0.1
0.5
0
0.765
-0.36
0.350179
2
0.585
-0.04
0.330151
1.5
0.495
0.2
0.315317
1.2
0
0.4
0.7
1
-0.465
1.31
0.35
0.5
0.505
1.27
0.362353
0.5
0
0
-1
0
0.4
-0.966073
-0.0424973
-0.5
1.1
-0.6
1.6
-0.26804
1.09829
-0.295
1.5
0.350581
1.09571
0.325
1.55
0.630779
1.06999
0.702723
1.58036
0.625
-0.14
0.775
-0.46
0.925
-0.8
1.05676
-1.06952
-0.5
0
-0.7
0.2
-0.5
0.8
-0.3
0.8
0.3
0.8
0.5
0.8
0.7
0.2
0.6
0.1
0.5
0
1.075
-0.95
0.350179
2
0.835
-0.55
0.330151
1.5
0.675
-0.08
0.315317
1.2
0
0.4
0.7
1
-0.465
1.31
0.35
0.5
0.505
1.27
0.362353
0.5
0
0
-1
0
0.4
-0.966073
-0.0424973
-0.5
1.1
-0.6
1.6
-0.26804
1.09829
-0.295
1.5
0.350581
1.09571
0.325
1.55
0.630779
1.06999
0.702723
1.58036
0.695
-0.26
0.825
-0.6
0.975
-0.96
1.10676
-1.22952
-0.5
0
-0.7
0.2
-0.5
0.8
-0.3
0.8
0.3
0.8
0.5
0.8
0.7
0.2
0.6
0.1
0.5
0
1.065
-1.12
0.350179
2
0.885
-0.66
0.330151
1.5
0.665
-0.13
0.315317
1.2
0
0.4
0.7
1
-0.465
1.31
0.35
0.5
0.505
1.27
0.362353
0.5
0
0
-1
0
0.4
-0.966073
-0.0424973
-0.5
1.1
-0.6
1.6
-0.26804
1.09829
-0.295
1.5
0.350581
1.09571
0.325
1.55
0.630779
1.06999
0.702723
1.58036
0.695
-0.26
0.825
-0.6
0.975
-0.96
1.10676
-1.22952
-0.5
0
-0.7
0.2
-0.5
0.8
-0.3
0.8
0.3
0.8
0.5
0.8
0.7
0.2
0.6
0.1
0.5
0
1.065
-1.12
0.350179
2
0.885
-0.66
0.330151
1.5
0.665
-0.13
0.315317
1.2
0
0.4
0.7
1
-0.465
1.31
0.35
0.5
0.505
1.27
0.362353
0.5
0
0
-1
0
0.4
-0.966073
-0.0424973
-0.5
1.1
-0.6
1.6
-0.26804
1.09829
-0.295
1.5
0.350581
1.09571
0.325
1.55
0.630779
1.06999
0.702723
1.58036
0.695
-0.26
0.825
-0.6
0.975
-0.96
1.10676
-1.22952
-0.5
0
-0.7
0.2
-0.5
0.8
-0.3
0.8
0.3
0.8
0.5
0.8
0.7
0.2
0.6
0.1
0.5
0
1.065
-1.12
0.350179
2
0.885
-0.66
0.330151
1.5
0.665
-0.13
0.315317
1.2
0
0.4
0.7
1
-0.465
1.31
0.35
0.5
0.505
1.27
0.362353
0.5
0
0
-1
0
0.4
-0.966073
-0.0424973
-0.5
1.1
-0.6
1.6
-0.26804
1.09829
-0.295
1.5
0.350581
1.09571
0.325
1.55
0.630779
1.06999
0.702723
1.58036
0.695
-0.26
0.825
-0.6
0.975
-0.96
1.10676
-1.22952
-0.5
0
-0.7
0.2
-0.5
0.8
-0.3
0.8
0.3
0.8
0.5
0.8
0.7
0.2
0.6
0.1
0.5
0
1.065
-1.12
0.350179
2
0.885
-0.66
0.330151
1.5
0.665
-0.13
0.315317
1.2
0
0.4
0.7
1
-0.465
1.31
0.35
0.5
0.505
1.27
0.362353
0.5
0
0
-1
0
0.4
-0.966073
-0.0424973
-0.5
1.1
-0.6
1.6
-0.26804
1.09829
-0.295
1.5
0.350581
1.09571
0.325
1.55
0.630779
1.06999
0.702723
1.58036
0.695
-0.26
0.825
-0.6
0.975
-0.96
1.10676
-1.22952
-0.5
0
-0.7
0.2
-0.5
0.8
-0.3
0.8
0.3
0.8
0.5
0.8
0.7
0.2
0.6
0.1
0.5
0
1.065
-1.12
0.350179
2
0.885
-0.66
0.330151
1.5
0.665
-0.13
0.315317
1.2
0
0.4
0.7
1
-0.465
1.31
0.35
0.5
0.505
1.27
0.362353
0.5
0
0
-1
0
0.4
-0.966073
-0.0424973
-0.5
1.1
-0.6
1.6
-0.26804
1.09829
-0.295
1.5
0.350581
1.09571
0.325
1.55
0.630779
1.06999
0.702723
1.58036
0.695
-0.26
0.825
-0.6
0.975
-0.96
1.10676
-1.22952
-0.5
0
-0.7
0.2
-0.5
0.8
-0.3
0.8
0.3
0.8
0.5
0.8
0.7
0.2
0.6
0.1
0.5
0
1.065
-1.12
0.350179
2
0.885
-0.66
0.330151
1.5
0.665
-0.13
0.315317
1.2
0
0.4
0.7
1
-0.465
1.31
0.35
0.5
0.505
1.27
0.362353
0.5
0
0
-1
0
0.4
-0.966073
-0.0424973
-0.5
1.1
-0.6
1.6
-0.26804
1.09829
-0.295
1.5
0.350581
1.09571
0.325
1.55
0.630779
1.06999
0.702723
1.58036
0.695
-0.26
0.825
-0.6
0.975
-0.96
1.10676
-1.22952
-0.5
0
-0.7
0.2
-0.5
0.8
-0.3
0.8
0.3
0.8
0.5
0.8
0.7
0.2
0.6
0.1
0.5
0
1.065
-1.12
0.350179
2
0.885
-0.66
0.330151
1.5
0.665
-0.13
0.315317
1.2
0
0.4
0.7
1
-0.465
1.31
0.35
0.5
0.505
1.27
0.362353
0.5
0
0
-1
0
0.4
-0.966073
-0.0424973
-0.5
1.1
-0.6
1.6
-0.26804
1.09829
-0.295
1.5
0.350581
1.09571
0.325
1.55
0.630779
1.06999
0.702723
1.58036
0.695
-0.26
0.825
-0.6
0.975
-0.96
1.10676
-1.22952
-0.5
0
-0.7
0.2
-0.5
0.8
-0.3
0.8
0.3
0.8
0.5
0.8
0.7
0.2
0.6
0.1
0.5
0
1.065
-1.12
0.350179
2
0.885
-0.66
0.330151
1.5
0.665
-0.13
0.315317
1.2
0
0.4
0.7
1
-0.465
1.31
0.35
0.5
0.505
1.27
0.362353
0.5
0
0
-1
0
0.4
-0.966073
-0.0424973
-0.5
1.1
-0.6
1.6
-0.26804
1.09829
-0.295
1.5
0.350581
1.09571
0.325
1.55
0.630779
1.06999
0.702723
1.58036
0.695
-0.26
0.825
-0.6
0.975
-0.96
1.10676
-1.22952
-0.5
0
-0.7
0.2
-0.5
0.8
-0.3
0.8
0.3
0.8
0.5
0.8
0.7
0.2
0.6
0.1
0.5
0
1.065
-1.12
0.350179
2
0.885
-0.66
0.330151
1.5
0.665
-0.13
0.315317
1.2
0
0.4
0.7
1
-0.465
1.31
0.35
0.5
0.505
1.27
0.362353
0.5
0
0
-1
0
0.4
-0.966073
-0.0424973
-0.5
1.1
-0.6
1.6
-0.26804
1.09829
-0.295
1.5
0.350581
1.09571
0.325
1.55
0.630779
1.06999
0.702723
1.58036
0.695
-0.26
0.825
-0.6
0.975
-0.96
1.10676
-1.22952
-0.5
0
-0.7
0.2
-0.5
0.8
-0.3
0.8
0.3
0.8
0.5
0.8
0.7
0.2
0.6
0.1
0.5
0
1.065
-1.12
0.350179
2
0.885
-0.66
0.330151
1.5
0.665
-0.13
0.315317
1.2
0
0.4
0.7
1
-0.465
1.31
0.35
0.5
0.505
1.27
0.362353
0.5
0
0
-1
0
0.4
-0.966073
-0.0424973
-0.5
1.1
-0.6
1.6
-0.26804
1.09829
-0.295
1.5
0.350581
1.09571
0.325
1.55
0.630779
1.06999
0.702723
1.58036
0.695
-0.26
0.825
-0.6
0.975
-0.96
1.10676
-1.22952
-0.5
0
-0.7
0.2
-0.5
0.8
-0.3
0.8
0.3
0.8
0.5
0.8
0.7
0.2
0.6
0.1
0.5
0
1.065
-1.12
0.350179
2
0.885
-0.66
0.330151
1.5
0.665
-0.13
0.315317
1.2
0
0.4
0.7
1
-0.465
1.31
0.35
0.5
0.505
1.27
0.362353
0.5
0
0
-1
0
0.4
-0.966073
-0.0424973
-0.5
1.1
-0.6
1.6
-0.26804
1.09829
-0.295
1.5
0.350581
1.09571
0.325
1.55
0.630779
1.06999
0.702723
1.58036
0.695
-0.26
0.825
-0.6
0.975
-0.96
1.10676
-1.22952
-0.5
0
-0.7
0.2
-0.5
0.8
-0.3
0.8
0.3
0.8
0.5
0.8
0.7
0.2
0.6
0.1
0.5
0
1.065
-1.12
0.350179
2
0.885
-0.66
0.330151
1.5
0.665
-0.13
0.315317
1.2
0
0.4
0.7
1
-0.465
1.31
0.35
0.5
0.505
1.27
0.362353
0.5
0
0
-1
0
0.4
-0.966073
-0.0424973
-0.5
1.1
-0.6
1.6
-0.26804
1.09829
-0.295
1.5
0.350581
1.09571
0.325
1.55
0.630779
1.06999
0.702723
1.58036
0.695
-0.26
0.825
-0.6
0.975
-0.96
1.10676
-1.22952
-0.5
0
-0.7
0.2
-0.5
0.8
-0.3
0.8
0.3
0.8
0.5
0.8
0.7
0.2
0.6
0.1
0.5
0
1.065
-1.12
0.350179
2
0.885
-0.66
0.330151
1.5
0.665
-0.13
0.315317
1.2
0
0.4
0.7
1
-0.465
1.31
0.35
0.5
0.505
1.27
0.362353
0.5
0
0
-1
0
0.4
-0.966073
-0.0424973
-0.5
1.1
-0.6
1.6
-0.26804
1.09829
-0.295
1.5
0.350581
1.09571
0.325
1.55
0.630779
1.06999
0.702723
1.58036
0.695
-0.26
0.825
-0.6
0.975
-0.96
1.10676
-1.22952
-0.5
0
-0.7
0.2
-0.5
0.8
-0.3
0.8
0.3
0.8
0.5
0.8
0.7
0.2
0.6
0.1
0.5
0
1.065
-1.12
0.350179
2
0.885
-0.66
0.330151
1.5
0.665
-0.13
0.315317
1.2
0
0.4
0.7
1
-0.465
1.31
0.35
0.5
0.505
1.27
0.362353
0.5
0
0
-1
0
0.4
-0.966073
-0.0424973
-0.5
1.1
-0.6
1.6
-0.26804
1.09829
-0.295
1.5
0.350581
1.09571
0.325
1.55
0.630779
1.06999
0.702723
1.58036
0.695
-0.26
0.825
-0.6
0.975
-0.96
1.10676
-1.22952
-0.5
0
-0.7
0.2
-0.5
0.8
-0.3
0.8
0.3
0.8
0.5
0.8
0.7
0.2
0.6
0.1
0.5
0
1.065
-1.12
0.350179
2
0.885
-0.66
0.330151
1.5
0.665
-0.13
0.315317
1.2
0
0.4
0.7
1
-0.465
1.31
0.35
0.5
0.505
1.27
0.362353
0.5
0
0
-1
0
0.4
-0.966073
-0.0424973
-0.5
1.1
-0.6
1.6
-0.26804
1.09829
-0.295
1.5
0.350581
1.09571
0.325
1.55
0.630779
1.06999
0.702723
1.58036
0.695
-0.26
0.825
-0.6
0.975
-0.96
1.10676
-1.22952
-0.5
0
-0.7
0.2
-0.5
0.8
-0.3
0.8
0.3
0.8
0.5
0.8
0.7
0.2
0.6
0.1
0.5
0
1.065
-1.12
0.350179
2
0.885
-0.66
0.330151
1.5
0.665
-0.13
0.315317
1.2
0
0.4
0.7
1
-0.465
1.31
0.35
0.5
0.505
1.27
0.362353
0.5
0
0
-1
0
0.4
-0.966073
-0.0424973
-0.5
1.1
-0.6
1.6
-0.26804
1.09829
-0.295
1.5
0.350581
1.09571
0.325
1.55
0.630779
1.06999
0.702723
1.58036
0.695
-0.26
0.825
-0.6
0.975
-0.96
1.10676
-1.22952
-0.5
0
-0.7
0.2
-0.5
0.8
-0.3
0.8
0.3
0.8
0.5
0.8
0.7
0.2
0.6
0.1
0.5
0
1.065
-1.12
0.350179
2
0.885
-0.66
0.330151
1.5
0.665
-0.13
0.315317
1.2
0
0.4
0.7
1
-0.465
1.31
0.35
0.5
0.505
1.27
0.362353
0.5
0
0
-1
0
0.4
-0.966073
-0.0424973
-0.5
1.1
-0.6
1.6
-0.26804
1.09829
-0.295
1.5
0.350581
1.09571
0.325
1.55
0.630779
1.06999
0.702723
1.58036
0.695
-0.26
0.825
-0.6
0.975
-0.96
1.10676
-1.22952
-0.5
0
-0.7
0.2
-0.5
0.8
-0.3
0.8
0.3
0.8
0.5
0.8
0.7
0.2
0.6
0.1
0.5
0
1.065
-1.12
0.350179
2
0.885
-0.66
0.330151
1.5
0.665
-0.13
0.315317
1.2
0
0.4
0.7
1
-0.465
1.31
0.35
0.5
0.505
1.27
0.362353
0.5
0
0
-1
0
0.4
-0.966073
-0.0424973
-0.5
1.1
-0.6
1.6
-0.26804
1.09829
-0.295
1.5
0.350581
1.09571
0.325
1.55
0.630779
1.06999
0.702723
1.58036
0.695
-0.26
0.825
-0.6
0.975
-0.96
1.10676
-1.22952
-0.5
0
-0.7
0.2
-0.5
0.8
-0.3
0.8
0.3
0.8
0.5
0.8
0.7
0.2
0.6
0.1
0.5
0
1.065
-1.12
0.350179
2
0.885
-0.66
0.330151
1.5
0.665
-0.13
0.315317
1.2
0
0.4
0.7
1
-0.465
1.31
0.35
0.5
0.505
1.27
0.362353
0.5
0
0
-1
0
0.4
-0.966073
-0.0424973
-0.5
1.1
-0.6
1.6
-0.26804
1.09829
-0.295
1.5
0.350581
1.09571
0.325
1.55
0.630779
1.06999
0.702723
1.58036
0.695
-0.26
0.825
-0.6
0.975
-0.96
1.10676
-1.22952
-0.5
0
-0.7
0.2
-0.5
0.8
-0.3
0.8
0.3
0.8
0.5
0.8
0.7
0.2
0.6
0.1
0.5
0
1.065
-1.12
0.350179
2
0.885
-0.66
0.330151
1.5
0.665
-0.13
0.315317
1.2
0
0.4
0.7
1
-0.465
1.31
0.35
0.5
0.505
1.27
0.362353
0.5
0
0
-1
0
0.4
-0.966073
-0.0424973
-0.5
1.1
-0.6
1.6
-0.26804
1.09829
-0.295
1.5
0.350581
1.09571
0.325
1.55
0.630779
1.06999
0.702723
1.58036
0.695
-0.26
0.825
-0.6
0.975
-0.96
1.10676
-1.22952
-0.5
0
-0.7
0.2
-0.5
0.8
-0.3
0.8
0.3
0.8
0.5
0.8
0.7
0.2
0.6
0.1
0.5
0
1.065
-1.12
0.350179
2
0.885
-0.66
0.330151
1.5
0.665
-0.13
0.315317
1.2
0
0.4
0.7
1
-0.465
1.31
0.35
0.5
0.505
1.27
0.362353
0.5
0
0
-1
0
0.4
-0.966073
-0.0424973
-0.5
1.1
-0.6
1.6
-0.26804
1.09829
-0.295
1.5
0.350581
1.09571
0.325
1.55
0.630779
1.06999
0.702723
1.58036
0.695
-0.26
1.455
-1.92
1.635
-2.29
1.76676
-2.55951
-0.5
0
-0.7
0.2
-0.5
0.8
-0.3
0.8
0.3
0.8
0.5
0.8
0.7
0.2
0.6
0.1
0.5
0
1.695
-2.47
0.471699
2
1.155
-1.2
0.330151
1.5
0.7
-0.3
0.315317
1.2
0
0.4
0.7
1
-0.465
1.31
0.35
0.5
0.505
1.27
0.362353
0.5
0
0
-1
0
0.4
-0.966073
-0.0424973
-0.5
1.1
-0.6
1.6
-0.26804
1.09829
-0.295
1.5
0.350581
1.09571
0.325
1.55
0.630779
1.06999
0.702723
1.58036
0.695
-0.26
1.305
-1.54
1.485
-2.02
1.61676
-2.28952
-0.5
0
-0.7
0.2
-0.5
0.8
-0.3
0.8
0.3
0.8
0.5
0.8
0.7
0.2
0.6
0.1
0.5
0
1.555
-2.18
0.425441
2
1.105
-1.13
0.330151
1.5
0.7
-0.3
0.315317
1.2
0
0.4
0.7
1
-0.465
1.31
0.35
0.5
0.505
1.27
0.362353
0.5
0
0
-1
0
0.4
-0.966073
-0.0424973
-0.5
1.1
-0.6
1.6
-0.26804
1.09829
-0.295
1.5
0.350581
1.09571
0.325
1.55
0.630779
1.06999
0.702723
1.58036
0.695
-0.26
1.195
-1.42
1.375
-1.82
1.50676
-2.08951
-0.5
0
-0.7
0.2
-0.5
0.8
-0.3
0.8
0.3
0.8
0.5
0.8
0.7
0.2
0.6
0.1
0.5
0
1.445
-2.01
0.463249
2
1.045
-1.04
0.330151
1.5
0.735
-0.19
0.315317
1.2
0
0.4
0.7
1
-0.465
1.31
0.35
0.5
0.505
1.27
0.362353
0.5
0
0
-1
0
0.4
-0.966073
-0.0424973
-0.5
1.1
-0.6
1.6
-0.26804
1.09829
-0.295
1.5
0.350581
1.09571
0.325
1.55
0.630779
1.06999
0.702723
1.58036
0.695
-0.26
1.115
-1.24
1.305
-1.66
1.43676
-1.92951
-0.5
0
-0.7
0.2
-0.5
0.8
-0.3
0.8
0.3
0.8
0.5
0.8
0.7
0.2
0.6
0.1
0.5
0
1.335
-1.82
0.432782
2
1.015
-0.98
0.330151
1.5
0.7
-0.3
0.315317
1.2
0
0.4
0.7
1
-0.465
1.31
0.35
0.5
0.505
1.27
0.362353
0.5
0
0
-1
0
0.4
-0.966073
-0.0424973
-0.5
1.1
-0.6
1.6
-0.26804
1.09829
-0.295
1.5
0.350581
1.09571
0.325
1.55
0.630779
1.06999
0.702723
1.58036
0.695
-0.26
1.025
-1.08
1.225
-1.49
1.35676
-1.75951
-0.5
0
-0.7
0.2
-0.5
0.8
-0.3
0.8
0.3
0.8
0.5
0.8
0.7
0.2
0.6
0.1
0.5
0
1.295
-1.67
0.434166
2
0.945
-0.9
0.330151
1.5
0.7
-0.3
0.315317
1.2
0
0.4
0.7
1
-0.465
1.31
0.35
0.5
0.505
1.27
0.362353
0.5
0
0
-1
0
0.4
-0.966073
-0.0424973
-0.5
1.1
-0.6
1.6
-0.26804
1.09829
-0.295
1.5
0.350581
1.09571
0.325
1.55
0.630779
1.06999
0.702723
1.58036
0.695
-0.26
0.955
-0.91
1.135
-1.31
1.26676
-1.57951
-0.5
0
-0.7
0.2
-0.5
0.8
-0.3
0.8
0.3
0.8
0.5
0.8
0.7
0.2
0.6
0.1
0.5
0
1.185
-1.46
0.416173
2
0.915
-0.8
0.330151
1.5
0.685
-0.18
0.315317
1.2
0
0.4
0.7
1
-0.465
1.31
0.35
0.5
0.505
1.27
0.362353
0.5
0
0
-1
0
0.4
-0.966073
-0.0424973
-0.5
1.1
-0.6
1.6
-0.26804
1.09829
-0.295
1.5
0.350581
1.09571
0.325
1.55
0.630779
1.06999
0.702723
1.58036
0.695
-0.26
0.865
-0.73
1.005
-1.16
1.23838
-1.3485
-0.5
0
-0.7
0.2
-0.5
0.8
-0.3
0.8
0.3
0.8
0.5
0.8
0.7
0.2
0.6
0.1
0.5
0
1.155
-1.3
0.374833
2
0.855
-0.66
0.330151
1.5
0.655
-0.03
0.315317
1.2
0
0.4
0.7
1
-0.465
1.31
0.35
0.5
0.505
1.27
0.362353
0.5
0
0
-1
0
0.4
-0.966073
-0.0424973
-0.5
1.1
-0.6
1.6
-0.26804
1.09829
-0.295
1.5
0.350581
1.09571
0.325
1.55
0.630779
1.06999
0.702723
1.58036
0.695
-0.26
0.695
-0.89
0.805
-1.17
1.015
-1.34
-0.5
0
-0.7
0.2
-0.5
0.8
-0.3
0.8
0.3
0.8
0.5
0.8
0.7
0.2
0.6
0.1
0.5
0
0.885
-1.29
0.408044
2
0.685
-0.61
0.330151
1.5
0.555
0
0.315317
1.2
0
0.4
0.7
1
-0.465
1.31
0.35
0.5
0.505
1.27
0.362353
0.5
0
0
-1
0
0.4
-0.966073
-0.0424973
-0.5
1.1
-0.6
1.6
-0.26804
1.09829
-0.295
1.5
0.350581
1.09571
0.325
1.55
0.630779
1.06999
0.707829
1.56402
0.7
-0.3
0.825
-1.01
1.1
-1.3
1.345
-1.33
-0.5
0
-0.7
0.2
-0.5
0.8
-0.3
0.8
0.3
0.8
0.5
0.8
0.7
0.2
0.6
0.1
0.5
0
1.2
-1.35
0.434195
2
0.815
-0.72
0.330151
1.5
0.685
-0.12
0.315317
1.2
0
0.4
0.7
1
-0.465
1.31
0.35
0.5
0.505
1.27
0.362353
0.5
0
