46
10
15
9
6
0
-1
0
0.4
-0.970633
-0.0373976
-0.5
1.1
-0.6
1.6
-0.35
1.2
-0.4
1.55
0.35
1.1
0.3
1.5
0.6
1.1
0.604807
1.59998
0.7
-0.3
0.845
-0.96
1.075
-1.15
1.295
-1.22
-0.5
0
-0.7
0.2
-0.5
0.8
-0.3
0.8
0.3
0.8
0.5
0.8
0.7
0.2
0.6
0.1
0.5
0
1.205
-1.2
0.330341
2
0.885
-0.72
0.31241
1.5
0.645
-0.14
0.355106
1.2
-0.025
0.48
0.7
1
-0.505
1.33
0.322025
0.5
0.475
1.31
0.372022
0.5
0
-0.015
-0.9
-0.015
0.5
-0.964519
0.0405001
-0.505
1.11
-0.614519
1.59786
-0.32382
1.19987
-0.415
1.55
0.345
1.11
0.295
1.5
0.595
1.11
0.585
1.59
0.685
-0.2
0.835
-0.89
1.105
-1.11
1.325
-1.16
-0.515
0.1
-0.715
0.3
-0.515
0.9
-0.315
0.9
0.285
0.9
0.485
0.9
0.685
0.3
0.585
0.2
0.485
0.1
1.235
-1.15
0.330341
2
0.855
-0.7
0.31241
1.5
0.655
-0.09
0.355106
1.2
-0.015
0.5
0.7
1
-0.49
1.39
0.342965
0.5
0.46
1.36
0.341211
0.5
0
-0.015
-0.85
-0.015
0.55
-0.964519
0.0905001
-0.515
1.11
-0.615
1.58
-0.325
1.19
-0.395
1.54
0.345
1.11
0.305
1.5
0.595
1.12
0.585
1.59
0.685
-0.15
0.855
-0.85
1.105
-1.04
1.335
-1.01
-0.515
0.15
-0.715
0.35
-0.515
0.95
-0.315
0.95
0.285
0.95
0.485
0.95
0.685
0.35
0.585
0.25
0.485
0.15
1.225
-1.02
0.330341
2
0.835
-0.64
0.31241
1.5
0.635
-0.01
0.355106
1.2
-0.015
0.55
0.7
1
-0.495
1.37
0.329279
0.5
0.505
1.34
0.354683
0.5
0
-0.005
-0.76
-0.005
0.64
-0.96799
0.194162
-0.515
1.25
-0.595
1.6
-0.315
1.25
-0.385
1.55
0.345
1.23
0.305
1.5
0.605
1.22
0.605
1.6
0.625
-0.12
0.765
-0.89
1.135
-0.92
1.365
-0.84
-0.505
0.24
-0.705
0.44
-0.505
1.04
-0.305
1.04
0.295
1.04
0.495
1.04
0.695
0.44
0.595
0.34
0.495
0.24
1.255
-0.87
0.308058
2
0.795
-0.56
0.3
1.5
0.645
0.04
0.283019
1.2
-0.005
0.64
0.7
1
-0.445
1.39
0.339706
0.5
0.475
1.38
0.314006
0.5
0
-0.005
-0.68
-0.005
0.72
-0.994115
0.305495
-0.505
1.27
-0.595
1.58
-0.315
1.33
-0.375
1.54
0.345
1.31
0.285
1.52
0.605
1.3
0.605
1.57
0.425
-0.1
0.765
-0.81
1.105
-0.67
1.325
-0.52
-0.505
0.32
-0.705
0.52
-0.505
1.12
-0.305
1.12
0.295
1.12
0.495
1.12
0.695
0.52
0.595
0.42
0.495
0.32
1.225
-0.57
0.304795
2
0.715
-0.43
0.3
1.5
0.555
0.11
0.306105
1.2
-0.005
0.72
0.7
1
-0.465
1.41
0.3
0.5
0.465
1.41
0.3
0.5
0
-0.005
-0.61
-0.005
0.79
-0.954889
0.330856
-0.505
1.34
-0.585
1.58
-0.315
1.4
-0.385
1.55
0.345
1.38
0.305
1.51
0.605
1.37
0.595
1.58
0.465
0.03
0.635
-0.48
1.015
-0.42
1.275
-0.31
-0.505
0.39
-0.705
0.59
-0.505
1.19
-0.305
1.19
0.295
1.19
0.495
1.19
0.695
0.59
0.595
0.49
0.495
0.39
1.215
-0.38
0.304138
2
0.725
-0.27
0.3
1.5
0.565
0.27
0.3
1.2
-0.005
0.79
0.7
1
-0.465
1.42
0.3
0.5
0.465
1.45
0.3
0.5
0
-0.005
-0.53
-0.005
0.87
-0.96799
0.424162
-0.525
1.4
-0.595
1.6
-0.305
1.36
-0.375
1.55
0.305
1.36
0.295
1.52
0.565
1.37
0.605
1.58
0.435
-0.07
0.635
-0.54
0.955
-0.41
1.145
-0.24
-0.505
0.47
-0.705
0.67
-0.505
1.27
-0.305
1.27
0.295
1.27
0.495
1.27
0.695
0.67
0.595
0.57
0.495
0.47
1.055
-0.33
0.325576
2
0.595
-0.14
0.3
1.5
0.575
0.34
0.3
1.2
-0.005
0.87
0.7
1
-0.485
1.46
0.3
0.5
0.445
1.44
0.3
0.5
0
-0.015
-0.44
-0.015
0.96
-0.97799
0.514162
-0.505
1.33
-0.555
1.56
-0.295
1.36
-0.305
1.57
0.305
1.4
0.305
1.57
0.525
1.37
0.595
1.58
0.425
0.02
0.625
-0.45
0.945
-0.32
1.135
-0.15
-0.515
0.56
-0.715
0.76
-0.515
1.36
-0.315
1.36
0.285
1.36
0.485
1.36
0.685
0.76
0.585
0.66
0.485
0.56
1.085
-0.2
0.336006
2
0.565
-0.04
0.3
1.5
0.535
0.44
0.3
1.2
-0.015
0.96
0.7
1
-0.425
1.5
0.3
0.5
0.425
1.48
0.3
0.5
0
-0.025
-0.32
-0.025
1.08
-0.98799
0.634162
-0.515
1.45
-2.005
1.45
-0.305
1.48
-0.305
1.53
0.295
1.52
0.295
1.56
0.515
1.49
2.035
1.47
0.305
0.22
0.345
-0.25
0.735
-0.23
0.925
-0.06
-0.525
0.68
-0.725
0.88
-0.525
1.48
-0.325
1.48
0.275
1.48
0.475
1.48
0.675
0.88
0.575
0.78
0.475
0.68
0.875
-0.14
0.336006
2
0.405
0.07
0.3
1.5
0.525
0.56
0.3
1.2
-0.035
1.04
0.7
1
-0.355
1.45
0.3
0.5
0.375
1.38
0.3
0.5
2
-1.995
1.45
0.560803
0.447214
-0.894427
0.01
0.1
1
1
1.985
1.47
0.567274
-0.447214
-0.894427
0.01
0.1
1
1
-0.025
-0.32
-0.025
1.08
-0.895
0.57
-0.515
1.45
-1.445
1.45
-0.305
1.48
-0.305
1.53
0.295
1.52
0.295
1.56
0.515
1.49
1.505
1.48
0.275
0.31
0.475
-0.18
0.725
-0.08
0.945
0.05
-0.525
0.68
-0.725
0.88
-0.525
1.48
-0.325
1.48
0.275
1.48
0.475
1.48
0.675
0.88
0.575
0.78
0.475
0.68
0.885
0.02
0.336006
2
0.425
0.15
0.3
1.5
0.525
0.56
0.3
1.2
-0.035
0.99
0.7
1
-1.295
1.43
0.3
0.5
1.345
1.43
0.3
0.5
0
-0.015
-0.4
-0.015
1
-0.925
0.54
-0.555
1.43
-0.925
1.52
-0.305
1.43
-0.295
1.57
0.275
1.47
0.285
1.6
0.555
1.43
0.905
1.52
0.085
0.26
0.295
-0.29
0.625
-0.06
0.795
0.13
-0.515
0.6
-0.715
0.8
-0.515
1.4
-0.315
1.4
0.285
1.4
0.485
1.4
0.685
0.8
0.585
0.7
0.485
0.6
0.735
0.08
0.336006
2
0.435
0.07
0.3
1.5
0.535
0.48
0.3
1.2
-0.025
0.91
0.7
1
-0.805
1.48
0.3
0.5
0.655
1.52
0.3
0.5
0
-0.025
-0.49
-0.025
0.91
-0.935
0.45
-0.565
1.34
-0.725
1.55
-0.315
1.34
-0.305
1.58
0.265
1.38
0.285
1.59
0.545
1.34
0.685
1.6
0.175
0.31
0.135
0.04
0.455
0.05
0.675
0.11
-0.525
0.51
-0.725
0.71
-0.525
1.31
-0.325
1.31
0.275
1.31
0.475
1.31
0.675
0.71
0.575
0.61
0.475
0.51
0.605
0.07
0.336006
2
0.255
0.16
0.3
1.5
0.525
0.39
0.3
1.2
-0.035
0.82
0.7
1
-0.485
1.48
0.3
0.5
0.465
1.51
0.3
0.5
0
-0.025
-0.56
-0.025
0.84
-0.945
0.46
-0.565
1.33
-0.655
1.55
-0.285
1.36
-0.315
1.58
0.295
1.35
0.285
1.6
0.565
1.34
0.655
1.6
0.145
0.37
0.035
0.11
0.325
-0.06
0.525
-0.16
-0.525
0.44
-0.725
0.64
-0.525
1.24
-0.325
1.24
0.275
1.24
0.475
1.24
0.675
0.64
0.575
0.54
0.475
0.44
0.425
-0.12
0.336006
2
0.195
0.3
0.3
1.5
0.155
0.79
0.3
1.2
-0.035
0.75
0.7
1
-0.485
1.47
0.3
0.5
0.445
1.47
0.3
0.5
0
-0.025
-0.63
-0.025
0.77
-0.965
0.33
-0.535
1.27
-0.655
1.55
-0.285
1.29
-0.315
1.57
0.295
1.28
0.305
1.59
0.565
1.27
0.655
1.59
0.145
0.3
-0.085
0.27
-0.015
-0.07
0.065
-0.29
-0.525
0.37
-0.725
0.57
-0.525
1.17
-0.325
1.17
0.275
1.17
0.475
1.17
0.675
0.57
0.575
0.47
0.475
0.37
-0.025
-0.16
0.336006
2
0.075
0.15
0.3
1.5
-0.035
0.63
0.3
1.2
-0.035
0.68
0.7
1
-0.485
1.41
0.3
0.5
0.435
1.42
0.3
0.5
0
-0.005
-0.79
-0.005
0.61
-0.945
0.17
-0.495
1.18
-0.525
1.45
-0.245
1.21
-0.275
1.52
0.325
1.18
0.305
1.54
0.615
1.17
0.625
1.52
0.505
0.26
0.015
0.21
-0.065
-0.04
-0.065
-0.27
-0.505
0.21
-0.705
0.41
-0.505
1.01
-0.305
1.01
0.295
1.01
0.495
1.01
0.695
0.41
0.595
0.31
0.495
0.21
-0.095
-0.25
0.336006
2
-0.075
0.02
0.3
1.5
0.355
0.44
0.3
1.2
-0.015
0.52
0.7
1
-0.405
1.29
0.3
0.5
0.455
1.35
0.3
0.5
0
-0.025
-0.9
-0.025
0.5
-1.045
0.19
-0.515
1.14
-0.635
1.52
-0.255
1.16
-0.305
1.53
0.355
1.16
0.315
1.59
0.645
1.14
0.655
1.57
0.485
0.15
-0.005
0.1
-0.085
-0.03
-0.085
-0.26
-0.525
0.1
-0.725
0.3
-0.525
0.9
-0.325
0.9
0.275
0.9
0.475
0.9
0.675
0.3
0.575
0.2
0.475
0.1
-0.055
-0.25
0.336006
2
-0.405
0.34
0.3
1.5
0.135
0.34
0.3
1.2
-0.035
0.41
0.7
1
-0.445
1.33
0.332415
0.5
0.485
1.29
0.364006
0.5
0
-0.035
-0.69
-0.035
0.71
-1.065
0.55
-0.495
1.27
-0.625
1.53
-0.265
1.31
-0.315
1.55
0.375
1.28
0.305
1.58
0.625
1.3
0.655
1.56
0.475
0.36
-0.015
0.31
-0.095
0.18
-0.115
-0.04
-0.535
0.31
-0.735
0.51
-0.535
1.11
-0.335
1.11
0.265
1.11
0.465
1.11
0.665
0.51
0.565
0.41
0.465
0.31
-0.135
0.09
0.336006
2
-0.335
0.62
0.3
1.5
0.225
0.52
0.3
1.2
-0.045
0.62
0.7
1
-0.435
1.38
0.3
0.5
0.485
1.39
0.3
0.5
0
-0.025
-0.49
-0.025
0.91
-1.055
0.75
-0.465
1.4
-0.605
1.55
-0.275
1.38
-0.305
1.56
0.335
1.32
0.305
1.6
0.565
1.33
0.655
1.55
0.485
0.56
-0.005
0.51
-0.045
-0.41
-0.055
-0.77
-0.525
0.51
-0.725
0.71
-0.525
1.31
-0.325
1.31
0.275
1.31
0.475
1.31
0.675
0.71
0.575
0.61
0.475
0.51
-0.085
-0.71
0.336006
2
-0.005
-0.15
0.3
1.5
0.065
0.33
0.3
1.2
-0.035
0.82
0.7
1
-0.435
1.41
0.3
0.5
0.415
1.42
0.3
0.5
1
-0.045
-0.6
1.38177
0
-1
1.5
0.5
0.8
0
-0.035
-0.4
-0.015
0.99
-1.04542
0.829771
-0.465259
1.41011
-0.585336
1.57016
-0.26517
1.39013
-0.225182
1.58022
0.325087
1.37022
0.295042
1.5803
0.555189
1.35024
0.645197
1.55034
0.495274
0.639929
-0.335
0.16
-0.095
-1.6
-0.095
-2.02
-0.515153
0.58975
-0.71527
0.789805
-0.515278
1.39009
-0.315191
1.39013
0.285067
1.39022
0.485153
1.39025
0.685332
0.790023
0.585305
0.689964
0.485278
0.589906
-0.115
-1.89
0.504777
2
-0.105
-0.98
0.45607
1.5
0.025
-0.16
0.382884
1.2
-0.0249903
0.89996
0.7
1
-0.365
1.47
0.3
0.5
0.505
1.45
0.3
0.5
1
-0.125
-1.71
1.65584
0
-1
1.5
0.6
0.8
0
-0.035
-0.4
-0.015
0.99
-1.04542
0.829771
-0.465259
1.41011
-0.585336
1.57016
-0.26517
1.39013
-0.225182
1.58022
0.325087
1.37022
0.295042
1.5803
0.555189
1.35024
0.645197
1.55034
0.495274
0.639929
-0.335
0.16
-0.095
-1.6
-0.095
-2.02
-0.515153
0.58975
-0.71527
0.789805
-0.515278
1.39009
-0.315191
1.39013
0.285067
1.39022
0.485153
1.39025
0.685332
0.790023
0.585305
0.689964
0.485278
0.589906
-0.105
-1.82
0.490918
2
-0.125
-0.94
0.348282
1.5
0.005
-0.23
0.332866
1.2
-0.0249903
0.89996
0.7
1
-0.395
1.46
0.3
0.5
0.455
1.47
0.3
0.5
0
-0.035
-0.4
-0.015
0.99
-1.04542
0.829771
-0.465259
1.41011
-0.585336
1.57016
-0.26517
1.39013
-0.225182
1.58022
0.325087
1.37022
0.295042
1.5803
0.555189
1.35024
0.645197
1.55034
0.495274
0.639929
-0.335
0.16
-0.095
-1.6
-0.095
-2.02
-0.515153
0.58975
-0.71527
0.789805
-0.515278
1.39009
-0.315191
1.39013
0.285067
1.39022
0.485153
1.39025
0.685332
0.790023
0.585305
0.689964
0.485278
0.589906
-0.085
-1.86
0.495782
2
-0.135
-1.01
0.35
1.5
-0.005
-0.17
0.382099
1.2
-0.0249903
0.89996
0.7
1
-0.415
1.44
0.3
0.5
0.445
1.44
0.3
0.5
0
-0.035
-0.4
-0.015
0.99
-1.04542
0.829771
-0.465259
1.41011
-0.585336
1.57016
-0.26517
1.39013
-0.225182
1.58022
0.325087
1.37022
0.295042
1.5803
0.555189
1.35024
0.655
1.59
0.495274
0.639929
-0.335
0.16
-0.095
-1.6
-0.095
-2.02
-0.515153
0.58975
-0.71527
0.789805
-0.515278
1.39009
-0.315191
1.39013
0.285067
1.39022
0.485153
1.39025
0.685332
0.790023
0.585305
0.689964
0.485278
0.589906
-0.115
-1.87
0.42638
2
-0.075
-1.02
0.377359
1.5
0.035
-0.21
0.368917
1.2
-0.0249903
0.89996
0.7
1
-0.405
1.46
0.3
0.5
0.485
1.5
0.3
0.5
0
-0.035
-0.4
-0.015
0.99
-1.04542
0.829771
-0.465259
1.41011
-0.585336
1.57016
-0.26517
1.39013
-0.225182
1.58022
0.325087
1.37022
0.295042
1.5803
0.555189
1.35024
0.645197
1.55034
0.495274
0.639929
-0.335
0.16
-0.115
-1.54
-0.105
-1.91
-0.515153
0.58975
-0.71527
0.789805
-0.515278
1.39009
-0.315191
1.39013
0.285067
1.39022
0.485153
1.39025
0.685332
0.790023
0.585305
0.689964
0.485278
0.589906
-0.125
-1.77
0.452548
2
-0.145
-0.84
0.388973
1.5
-0.005
-0.06
0.336155
1.2
-0.0249903
0.89996
0.7
1
-0.435
1.47
0.3
0.5
0.435
1.41
0.3
0.5
0
-0.035
-0.4
-0.015
0.99
-1.04542
0.829771
-0.465259
1.41011
-0.585336
1.57016
-0.26517
1.39013
-0.225182
1.58022
0.325087
1.37022
0.295042
1.5803
0.555189
1.35024
0.645197
1.55034
0.495274
0.639929
-0.335
0.16
-0.165
-1.31
-0.145
-1.73
-0.515153
0.58975
-0.71527
0.789805
-0.515278
1.39009
-0.315191
1.39013
0.285067
1.39022
0.485153
1.39025
0.685332
0.790023
0.585305
0.689964
0.485278
0.589906
-0.125
-1.55
0.489183
2
-0.205
-0.73
0.362353
1.5
0.015
-0.09
0.389487
1.2
-0.0249903
0.89996
0.7
1
-0.365
1.46
0.3
0.5
0.445
1.44
0.3
0.5
0
-0.035
-0.4
-0.015
0.99
-1.04542
0.829771
-0.465259
1.41011
-0.585336
1.57016
-0.26517
1.39013
-0.225182
1.58022
0.325087
1.37022
0.295042
1.5803
0.555189
1.35024
0.645197
1.55034
0.475
0.58
-0.335
0.16
-0.135
-1.39
-0.115
-1.75
-0.515153
0.58975
-0.71527
0.789805
-0.515278
1.39009
-0.315191
1.39013
0.285067
1.39022
0.485153
1.39025
0.685332
0.790023
0.585305
0.689964
0.485278
0.589906
-0.135
-1.55
0.436004
2
-0.155
-0.8
0.396989
1.5
-0.005
-0.02
0.380789
1.2
-0.0249903
0.89996
0.7
1
-0.375
1.42
0.3
0.5
0.455
1.43
0.3
0.5
0
-0.035
-0.4
-0.015
0.99
-1.04542
0.829771
-0.465259
1.41011
-0.585336
1.57016
-0.26517
1.39013
-0.225182
1.58022
0.325087
1.37022
0.295042
1.5803
0.555189
1.35024
0.645197
1.55034
0.495274
0.639929
-0.335
0.16
-0.145
-1.3
-0.075
-1.67
-0.515153
0.58975
-0.71527
0.789805
-0.515278
1.39009
-0.315191
1.39013
0.285067
1.39022
0.485153
1.39025
0.685332
0.790023
0.585305
0.689964
0.485278
0.589906
-0.145
-1.5
0.460977
2
-0.135
-0.63
0.384187
1.5
0.035
-0.01
0.3
1.2
-0.0249903
0.89996
0.7
1
-0.385
1.47
0.3
0.5
0.485
1.47
0.3
0.5
0
-0.035
-0.4
-0.015
0.99
-1.04542
0.829771
-0.465259
1.41011
-0.585336
1.57016
-0.26517
1.39013
-0.225182
1.58022
0.325087
1.37022
0.295042
1.5803
0.555189
1.35024
0.645197
1.55034
0.495274
0.639929
-0.335
0.16
-0.135
-1.32
-0.075
-1.65
-0.515153
0.58975
-0.71527
0.789805
-0.515278
1.39009
-0.315191
1.39013
0.285067
1.39022
0.485153
1.39025
0.685332
0.790023
0.585305
0.689964
0.485278
0.589906
-0.075
-1.47
0.4
2
-0.135
-0.77
0.349857
1.5
-0.005
-0.08
0.346554
1.2
-0.0249903
0.89996
0.7
1
-0.445
1.49
0.3
0.5
0.445
1.44
0.3
0.5
0
-0.035
-0.4
-0.015
0.99
-1.04542
0.829771
-0.465259
1.41011
-0.585336
1.57016
-0.26517
1.39013
-0.225182
1.58022
0.325087
1.37022
0.295042
1.5803
0.555189
1.35024
0.645197
1.55034
0.495274
0.639929
-0.335
0.16
-0.135
-1.14
-0.075
-1.47
-0.515153
0.58975
-0.71527
0.789805
-0.515278
1.39009
-0.315191
1.39013
0.285067
1.39022
0.485153
1.39025
0.685332
0.790023
0.585305
0.689964
0.485278
0.589906
-0.135
-1.34
0.451774
2
-0.205
-0.58
0.347131
1.5
0.045
-0.03
0.298329
1.2
-0.0249903
0.89996
0.7
1
-0.365
1.48
0.3
0.5
0.475
1.47
0.3
0.5
0
-0.035
-0.4
-0.015
0.99
-1.04542
0.829771
-0.465259
1.41011
-0.585336
1.57016
-0.26517
1.39013
-0.225182
1.58022
0.325087
1.37022
0.295042
1.5803
0.555189
1.35024
0.655
1.57
0.495274
0.639929
-0.335
0.16
-0.145
-1.07
-0.085
-1.4
-0.515153
0.58975
-0.71527
0.789805
-0.515278
1.39009
-0.315191
1.39013
0.285067
1.39022
0.485153
1.39025
0.685332
0.790023
0.585305
0.689964
0.485278
0.589906
-0.125
-1.29
0.416293
2
-0.095
-0.59
0.35609
1.5
0.005
0
0.341321
1.2
-0.0249903
0.89996
0.7
1
-0.405
1.49
0.3
0.5
0.485
1.49
0.3
0.5
0
-0.035
-0.4
-0.015
0.99
-1.04542
0.829771
-0.465259
1.41011
-0.585336
1.57016
-0.26517
1.39013
-0.225182
1.58022
0.325087
1.37022
0.295042
1.5803
0.555189
1.35024
0.645197
1.55034
0.495274
0.639929
-0.335
0.16
-0.175
-0.97
-0.105
-1.3
-0.515153
0.58975
-0.71527
0.789805
-0.515278
1.39009
-0.315191
1.39013
0.285067
1.39022
0.485153
1.39025
0.685332
0.790023
0.585305
0.689964
0.485278
0.589906
-0.145
-1.19
0.451774
2
-0.185
-0.5
0.3
1.5
-0.025
0.03
0.3
1.2
-0.0249903
0.89996
0.7
1
-0.415
1.46
0.3
0.5
0.455
1.5
0.3
0.5
0
-0.035
-0.4
-0.015
0.99
-1.04542
0.829771
-0.465259
1.41011
-0.585336
1.57016
-0.26517
1.39013
-0.225182
1.58022
0.325087
1.37022
0.295042
1.5803
0.555189
1.35024
0.645
1.56
0.495274
0.639929
-0.335
0.16
-0.215
-0.96
-0.105
-1.26
-0.515153
0.58975
-0.71527
0.789805
-0.515278
1.39009
-0.315191
1.39013
0.285067
1.39022
0.485153
1.39025
0.685332
0.790023
0.585305
0.689964
0.485278
0.589906
-0.115
-1.12
0.442832
2
-0.155
-0.41
0.3
1.5
0.035
0.14
0.3
1.2
-0.0249903
0.89996
0.7
1
-0.425
1.45
0.3
0.5
0.405
1.46
0.3
0.5
0
-0.035
-0.4
-0.015
0.99
-1.04542
0.829771
-0.465259
1.41011
-0.585336
1.57016
-0.26517
1.39013
-0.225182
1.58022
0.325087
1.37022
0.295042
1.5803
0.555189
1.35024
0.645
1.56
0.495274
0.639929
-0.335
0.16
-0.225
-0.77
-0.115
-1.07
-0.515153
0.58975
-0.71527
0.789805
-0.515278
1.39009
-0.315191
1.39013
0.285067
1.39022
0.485153
1.39025
0.685332
0.790023
0.585305
0.689964
0.485278
0.589906
-0.135
-0.98
0.424853
2
-0.215
-0.33
0.3
1.5
0.015
0.17
0.3
1.2
-0.0249903
0.89996
0.7
1
-0.355
1.45
0.3
0.5
0.505
1.49
0.3
0.5
0
-0.035
-0.4
-0.015
0.99
-1.04542
0.829771
-0.465259
1.41011
-0.585336
1.57016
-0.26517
1.39013
-0.225182
1.58022
0.325087
1.37022
0.295042
1.5803
0.555189
1.35024
0.645197
1.55034
0.495274
0.639929
-0.335
0.16
-0.265
-0.67
-0.125
-0.94
-0.515153
0.58975
-0.71527
0.789805
-0.515278
1.39009
-0.315191
1.39013
0.285067
1.39022
0.485153
1.39025
0.685332
0.790023
0.585305
0.689964
0.485278
0.589906
-0.255
-0.91
0.445533
2
-0.145
-0.22
0.3
1.5
0.085
0.22
0.3
1.2
-0.0249903
0.89996
0.7
1
-0.435
1.43
0.3
0.5
0.475
1.48
0.3
0.5
0
-0.035
-0.4
-0.015
0.99
-1.04542
0.829771
-0.465259
1.41011
-0.585336
1.57016
-0.26517
1.39013
-0.225182
1.58022
0.325087
1.37022
0.295042
1.5803
0.555189
1.35024
0.645
1.56
0.495274
0.639929
-0.335
0.16
-0.295
-0.51
-0.135
-0.75
-0.515153
0.58975
-0.71527
0.789805
-0.515278
1.39009
-0.315191
1.39013
0.285067
1.39022
0.485153
1.39025
0.685332
0.790023
0.585305
0.689964
0.485278
0.589906
-0.145
-0.73
0.361248
2
-0.245
-0.23
0.3
1.5
0.025
0.23
0.3
1.2
-0.0249903
0.89996
0.7
1
-0.415
1.43
0.3
0.5
0.495
1.5
0.3
0.5
0
-0.035
-0.4
-0.015
0.99
-1.04542
0.829771
-0.465259
1.41011
-0.585336
1.57016
-0.26517
1.39013
-0.225182
1.58022
0.325087
1.37022
0.295042
1.5803
0.555189
1.35024
0.645197
1.55034
0.495274
0.639929
-0.335
0.16
-0.355
-0.33
-0.245
-0.58
-0.515153
0.58975
-0.71527
0.789805
-0.515278
1.39009
-0.315191
1.39013
0.285067
1.39022
0.485153
1.39025
0.685332
0.790023
0.585305
0.689964
0.485278
0.589906
-0.275
-0.52
0.377359
2
-0.265
-0.04
0.3
1.5
0.085
0.28
0.3
1.2
-0.0249903
0.89996
0.7
1
-0.345
1.47
0.3
0.5
0.445
1.48
0.3
0.5
0
-0.035
-0.4
-0.015
0.99
-1.04542
0.829771
-0.465259
1.41011
-0.585336
1.57016
-0.26517
1.39013
-0.225182
1.58022
0.325087
1.37022
0.295042
1.5803
0.555189
1.35024
0.645197
1.55034
0.495274
0.639929
-0.335
0.16
-0.345
-0.2
-0.335
-0.44
-0.515153
0.58975
-0.71527
0.789805
-0.515278
1.39009
-0.315191
1.39013
0.285067
1.39022
0.485153
1.39025
0.685332
0.790023
0.585305
0.689964
0.485278
0.589906
-0.355
-0.37
0.353836
2
-0.275
-0.02
0.3
1.5
0.035
0.27
0.3
1.2
-0.0249903
0.89996
0.7
1
-0.405
1.48
0.3
0.5
0.515
1.48
0.3
0.5
0
-0.035
-0.4
-0.015
0.99
-1.04542
0.829771
-0.465259
1.41011
-0.585336
1.57016
-0.26517
1.39013
-0.225182
1.58022
0.325087
1.37022
0.295042
1.5803
0.555189
1.35024
0.645197
1.55034
0.495274
0.639929
-0.335
0.16
-0.255
-0.08
-0.245
-0.32
-0.515153
0.58975
-0.71527
0.789805
-0.515278
1.39009
-0.315191
1.39013
0.285067
1.39022
0.485153
1.39025
0.685332
0.790023
0.585305
0.689964
0.485278
0.589906
-0.255
-0.25
0.362353
2
-0.195
0.16
0.3
1.5
0.245
0.4
0.3
1.2
-0.0249903
0.89996
0.7
1
-0.395
1.51
0.3
0.5
0.485
1.45
0.3
0.5
0
-0.035
-0.4
-0.015
0.99
-1.04542
0.829771
-0.465259
1.41011
-0.585336
1.57016
-0.26517
1.39013
-0.225182
1.58022
0.325087
1.37022
0.295042
1.5803
0.555189
1.35024
0.645197
1.55034
0.495274
0.639929
-0.045
0.28
-0.135
-0.01
-0.125
-0.25
-0.515153
0.58975
-0.71527
0.789805
-0.515278
1.39009
-0.315191
1.39013
0.285067
1.39022
0.485153
1.39025
0.685332
0.790023
0.585305
0.689964
0.485278
0.589906
-0.135
-0.15
0.332415
2
-0.025
0.28
0.3
1.5
-0.325
0.92
0.3
1.2
-0.0249903
0.89996
0.7
1
-0.405
1.48
0.3
0.5
0.435
1.46
0.3
0.5
0
-0.035
-0.46
-0.015
0.93
-1.04542
0.769771
-0.465259
1.35011
-0.585
1.58
-0.26517
1.33013
-0.245
1.58
0.325087
1.31022
0.295
1.57
0.555189
1.29024
0.655
1.56
0.495274
0.579929
-0.045
0.22
-0.045
-0.06
0.025
-0.25
-0.515153
0.52975
-0.71527
0.729805
-0.515278
1.33009
-0.315191
1.33013
0.285067
1.33022
0.485153
1.33025
0.685332
0.730023
0.585305
0.629964
0.485278
0.529905
-0.095
-0.13
0.344384
2
0.005
0.7
0.3
1.5
0.195
0.92
0.3
1.2
-0.0249903
0.83996
0.7
1
-0.445
1.48
0.3
0.5
0.445
1.48
0.3
0.5
0
-0.025
-0.52
-0.005
0.87
-1.03542
0.709771
-0.455259
1.29011
-0.575
1.58
-0.215
1.33
-0.255
1.57
0.335087
1.25022
0.285
1.57
0.575
1.28
0.645
1.57
0.505274
0.519929
-0.035
0.16
-0.035
-0.12
0.035
-0.31
-0.505153
0.46975
-0.70527
0.669805
-0.505278
1.27009
-0.305191
1.27013
0.295067
1.27022
0.495153
1.27025
0.695332
0.670023
0.595305
0.569964
0.495278
0.469905
-0.005
-0.17
0.336006
2
-0.115
0.78
0.3
1.5
0.265
0.77
0.3
1.2
-0.0149903
0.77996
0.7
1
-0.405
1.45
0.3
0.5
0.485
1.44
0.3
0.5
0
-0.025
-0.62
-0.005
0.77
-1.03542
0.609771
-0.465
1.29
-0.565
1.58
-0.165
1.31
-0.255
1.56
0.375
1.26
0.285
1.57
0.625
1.26
0.645
1.58
0.485
0.43
-0.035
0.06
0.215
-0.22
0.285
-0.41
-0.505153
0.36975
-0.70527
0.569805
-0.505278
1.17009
-0.305191
1.17013
0.295067
1.17022
0.495153
1.17025
0.695332
0.570023
0.595305
0.469964
0.495278
0.369905
0.205
-0.28
0.336006
2
0.155
0.55
0.3
1.5
0.255
0.65
0.3
1.2
-0.0149903
0.67996
0.7
1
-0.385
1.42
0.3
0.5
0.465
1.43
0.3
0.5
0
-0.035
-0.68
-0.015
0.71
-1.04542
0.549771
-0.455
1.27
-0.565
1.58
-0.175
1.3
-0.255
1.56
0.365
1.25
0.275
1.57
0.635
1.25
0.635
1.58
0.565
0.31
0.125
-0.03
0.355
-0.33
0.475
-0.5
-0.515153
0.30975
-0.71527
0.509805
-0.515278
1.1101
-0.315191
1.11013
0.285067
1.11022
0.485153
1.11025
0.685332
0.510023
0.585305
0.409964
0.485278
0.309905
0.385
-0.39
0.336006
2
0.265
0.06
0.3
1.5
0.435
0.4
0.3
1.2
-0.0249903
0.61996
0.7
1
-0.395
1.38
0.3
0.5
0.515
1.43
0.3
0.5
0
-0.045
-0.76
-0.025
0.63
-1.05542
0.469771
-0.465
1.27
-0.555
1.59
-0.175
1.3
-0.245
1.56
0.365
1.25
0.285
1.58
0.635
1.27
0.625
1.59
0.555
0.23
0.115
-0.11
0.345
-0.41
0.465
-0.58
-0.525153
0.22975
-0.72527
0.429805
-0.525278
1.0301
-0.325191
1.03013
0.275067
1.03022
0.475153
1.03025
0.675332
0.430023
0.575305
0.329964
0.475278
0.229905
0.375
-0.42
0.336006
2
-0.295
0.6
0.3
1.5
0.405
0.26
0.3
1.2
-0.0349903
0.53996
0.7
1
-0.385
1.4
0.3
0.5
0.465
1.38
0.3
0.5
0
-0.045
-0.87
-0.025
0.52
-1.05542
0.359771
-0.445
1.19
-0.565
1.59
-0.125
1.25
-0.245
1.56
0.385
1.2
0.295
1.59
0.665
1.23
0.625
1.59
0.555
0.05
0.285
-0.3
0.455
-0.71
0.575
-0.88
-0.525153
0.11975
-0.72527
0.319805
-0.525278
0.920095
-0.325191
0.920126
0.275067
0.92022
0.475153
0.920251
0.675332
0.320023
0.575305
0.219964
0.475278
0.119905
0.545
-0.77
0.336006
2
0.425339
-0.410331
0.3
1.5
0.525318
-0.000138462
0.3
1.2
-0.0349903
0.42996
0.7
1
-0.385
1.31
0.389487
0.5
0.465
1.29
0.38833
0.5
0
-0.045
-1
-0.025
0.39
-1.05542
0.229771
-0.455
1.17
-0.595
1.56
-0.125
1.12
-0.235
1.57
0.385
1.1
0.305
1.57
0.675
1.14
0.665
1.54
0.555
-0.08
0.545
-0.87
0.685
-1.36
0.905
-1.42
-0.525153
-0.0102503
-0.72527
0.189805
-0.525278
0.790095
-0.325191
0.790127
0.275067
0.79022
0.475153
0.790251
0.675332
0.190023
0.575305
0.089964
0.475278
-0.0100945
0.775
-1.34
0.420119
2
0.595
-0.67
0.3
1.5
0.525318
-0.130138
0.3
1.2
-0.0349903
0.29996
0.7
1
-0.395
1.25
0.425441
0.5
0.555
1.25
0.415933
0.5
0
0
-1
0
0.4
-0.92665
-0.0796958
-0.5
1.1
-0.6
1.6
-0.35
1.2
-0.4
1.55
0.35
1.1
0.3
1.5
0.6
1.1
0.6
1.6
0.7
-0.3
0.9
-1
1.1
-1.3
1.325
-1.32
-0.5
0
-0.7
0.2
-0.5
0.8
-0.3
0.8
0.3
0.8
0.5
0.8
0.7
0.2
0.6
0.1
0.5
0
1.2
-1.35
0.330341
2
0.875
-0.87
0.31241
1.5
0.685
-0.28
0.355106
1.2
0
0.4
0.7
1
-0.475
1.29
0.308707
0.5
0.475
1.26
0.299666
0.5
0
