33
10
15
9
6
-0.005
-0.84
-0.005
0.56
-0.954519
0.1005
-0.495
1.14
-0.595
1.62
-0.325
1.25
-0.345
1.61
0.345
1.26
0.285
1.56
0.595
1.26
0.595
1.65
0.815
-0.07
1.055
-0.72
1.095
-1.14
1.125
-1.39
-0.505
0.16
-0.705
0.36
-0.505
0.96
-0.305
0.96
0.295
0.96
0.495
0.96
0.695
0.36
0.595
0.26
0.495
0.16
1.105
-1.27
0.330341
2
1.005
-0.64
0.31241
1.5
0.745
0.03
0.355106
1.2
-0.005
0.56
0.7
1
-0.425
1.42
0.308707
0.5
0.455
1.42
0.299666
0.5
0
-0.025
-0.68
-0.025
0.72
-0.974519
0.2605
-0.515
1.3
-0.595
1.65
-0.285
1.37
-0.255
1.62
0.345
1.26
0.305
1.56
0.585
1.35
0.605
1.65
1.005
0.24
1.175
-0.48
1.125
-0.73
1.065
-1.02
-0.525
0.32
-0.725
0.52
-0.525
1.12
-0.325
1.12
0.275
1.12
0.475
1.12
0.675
0.52
0.575
0.42
0.475
0.32
1.075
-0.94
0.330341
2
1.095
-0.33
0.31241
1.5
0.785
0.26
0.355106
1.2
-0.025
0.72
0.7
1
-0.415
1.49
0.308707
0.5
0.455
1.48
0.299666
0.5
0
0.0359551
-0.27814
-0.025
0.72
-1.01269
0.286889
-0.561291
1.25758
-0.655
1.61
-0.295
1.33
-0.265
1.61
0.299151
1.28877
0.295
1.58
0.545
1.29
0.615
1.61
1.17669
0.508528
1.43561
0.0483032
1.23111
-0.390128
1.11957
-0.668649
-0.490286
0.28002
-0.706145
0.462829
-0.556385
1.07736
-0.357051
1.09388
0.240952
1.14346
0.440286
1.15998
0.689195
0.578503
0.59779
0.470573
0.506385
0.362643
1.185
-0.57
0.361248
2
1.295
0.08
0.31241
1.5
0.875
0.42
0.291579
1.2
-0.025
0.72
0.7
1
-0.425
1.46
0.308707
0.5
0.455
1.47
0.299666
0.5
0
0.145
-0.25
-0.025
0.72
-0.925
0.17
-0.525
1.29
-0.605
1.65
-0.269621
1.31945
-0.255
1.67
0.225968
1.32472
0.255
1.65
0.435
1.36
0.505
1.65
1.295
0.94
1.445
0.47
1.095
-0.2
0.962329
-0.428284
-0.432034
0.225544
-0.668968
0.380122
-0.596745
1.00857
-0.40099
1.04975
0.186278
1.17328
0.382034
1.21446
0.701324
0.668366
0.624035
0.5499
0.546746
0.431433
1.025
-0.31
0.35805
2
1.325
0.28
0.31241
1.5
0.905
0.63
0.256125
1.2
-0.025
0.72
0.7
1
-0.415
1.49
0.308707
0.5
0.375
1.48
0.299666
0.5
0
0.145
-0.25
-0.025
0.72
-0.925
0.17
-0.525
1.29
-0.605
1.65
-0.269621
1.31945
-0.255
1.67
0.225968
1.32472
0.255
1.65
0.435
1.36
0.505
1.65
1.175
1.16
1.615
1.06
1.305
0.35
1.17233
0.121716
-0.432034
0.225544
-0.668968
0.380122
-0.596745
1.00857
-0.40099
1.04975
0.186278
1.17328
0.382034
1.21446
0.701324
0.668366
0.624035
0.5499
0.546746
0.431433
1.255
0.19
0.349857
2
1.315
0.84
0.272029
1.5
0.775
0.78
0.256125
1.2
-0.025
0.72
0.7
1
-0.395
1.48
0.308707
0.5
0.365
1.5
0.299666
0.5
0
0.033722
-0.278274
-0.025
0.72
-0.992578
0.29973
-0.515
1.3
-0.595
1.64
-0.265
1.32
-0.265
1.66
0.255
1.31
0.255
1.67
0.545
1.33
0.575
1.69
1.22452
0.989803
1.495
0.47
0.955
-0.45
0.833158
-0.724143
-0.496594
0.286541
-0.709898
0.472439
-0.551407
1.08494
-0.351807
1.09865
0.246994
1.13976
0.446594
1.15346
0.687304
0.568361
0.594356
0.461709
0.501407
0.355058
0.885
-0.63
0.380132
2
1.195
-0.01
0.31241
1.5
0.935
0.57
0.355106
1.2
-0.025
0.72
0.7
1
-0.395
1.46
0.326497
0.5
0.415
1.48
0.322025
0.5
2
0.805
-0.68
0.572713
0.196116
-0.980581
1.2
0.5
1
0
1.185
0.16
0.352278
0.707107
-0.707107
0.8
0.4
1.2
0
-0.015
-0.21
-0.025
0.72
-1.045
0.37
-0.488635
1.32135
-0.595
1.63
-0.237974
1.33016
-0.255
1.66
0.305
1.32
0.265
1.67
0.585
1.31
0.605
1.7
1.23541
0.933734
1.425
0.27
0.631954
-0.931107
0.497979
-1.19955
-0.51552
0.308011
-0.720321
0.503264
-0.534616
1.10812
-0.334589
1.11289
0.265493
1.12722
0.46552
1.13199
0.679869
0.536682
0.582243
0.434281
0.484616
0.331881
0.585
-1.06
0.380132
2
0.915
-0.44
0.325576
1.5
0.935
0.29
0.352278
1.2
-0.025
0.72
0.7
1
-0.405
1.46
0.304795
0.5
0.445
1.48
0.318904
0.5
3
0.525
-1.1
0.572713
0.196116
-0.980581
1.2
0.5
1
0
0.935
-0.35
0.352278
0.707107
-0.707107
1
0.4
1.2
0
1.115
0.31
0.331361
0.707107
0.707107
0.8
0.4
1.2
0
-0.035
-0.26
-0.015
0.63
-1.0459
0.313406
-0.475
1.25
-0.595
1.63
-0.175
1.27
-0.245
1.66
0.345
1.26
0.275
1.67
0.635
1.25
0.605
1.67
1.295
0.66
1.505
-0.11
0.105
-1.34
-0.115128
-1.54382
-0.518702
0.234195
-0.717042
0.436026
-0.51172
1.03453
-0.311636
1.03279
0.288618
1.02755
0.488703
1.0258
0.68355
0.423806
0.582635
0.324636
0.48172
0.225467
-0.025
-1.46
0.410488
2
0.605
-0.84
0.339706
1.5
0.815
0.08
0.438292
1.2
-0.015
0.63
0.7
1
-0.482432
1.52452
0.308707
0.5
0.467707
1.48622
0.299666
0.5
3
-0.075
-1.45
0.572713
0.196116
-0.980581
1.2
0.5
1
0
0.635
-0.82
0.352278
0.707107
-0.707107
1
0.4
1.2
0
1.015
-0.2
0.331361
0.707107
0.707107
0.8
0.4
1.2
0
-0.035
-0.26
-0.015
0.63
-1.0459
0.313406
-0.475
1.25
-0.595
1.63
-0.175
1.27
-0.245
1.66
0.345
1.26
0.275
1.67
0.635
1.25
0.645
1.7
1.635
0.02
1.455
-0.52
-0.475
-1.21
-0.763457
-1.29242
-0.518702
0.234195
-0.717042
0.436026
-0.51172
1.03453
-0.311636
1.03279
0.288618
1.02755
0.488703
1.0258
0.68355
0.423806
0.582635
0.324636
0.48172
0.225467
-0.635
-1.28
0.434626
2
0.325
-0.88
0.345398
1.5
0.895
-0.1
0.475079
1.2
-0.015
0.63
0.7
1
-0.395
1.47
0.346554
0.5
0.465
1.45
0.334215
0.5
3
-0.795
-1.29
0.572713
0.196116
-0.980581
1.2
0.5
1
0
0.125
-0.96
0.352278
0.707107
-0.707107
1
0.4
1.2
0
0.765
-0.65
0.331361
0.707107
0.707107
0.8
0.4
1.2
0
-0.035
-0.26
-0.015
0.63
-1.0459
0.313406
-0.475
1.25
-0.595
1.63
-0.175
1.27
-0.245
1.66
0.345
1.26
0.275
1.67
0.635
1.25
0.645
1.68
1.705
-0.47
1.405
-0.94
-1.145
-0.81
-1.44198
-0.767574
-0.518702
0.234195
-0.717042
0.436026
-0.51172
1.03453
-0.311636
1.03279
0.288618
1.02755
0.488703
1.0258
0.68355
0.423806
0.582635
0.324636
0.48172
0.225467
-1.285
-0.84
0.493964
2
-0.025
-0.79
0.422019
1.5
0.805
-0.28
0.516624
1.2
-0.015
0.63
0.7
1
-0.375
1.45
0.336006
0.5
0.475
1.43
0.339706
0.5
3
-1.355
-0.83
0.572713
0.196116
-0.980581
1.2
0.5
1
0
-0.395
-0.83
0.352278
0.707107
-0.707107
1
0.4
1.2
0
0.355
-0.8
0.331361
0.707107
0.707107
0.8
0.4
1.2
0
-0.035
-0.26
-0.015
0.63
-1.075
0.46
-0.475
1.25
-0.595
1.63
-0.175
1.27
-0.245
1.66
0.345
1.26
0.275
1.67
0.635
1.25
0.645
1.68
1.705
-0.47
1.405
-0.94
-1.155
-0.47
-1.41486
-0.320083
-0.518702
0.234195
-0.717042
0.436026
-0.51172
1.03453
-0.311636
1.03279
0.288618
1.02755
0.488703
1.0258
0.68355
0.423806
0.582635
0.324636
0.48172
0.225467
-1.305
-0.44
0.502195
2
-0.265
-0.62
0.436578
1.5
0.785
-0.25
0.524786
1.2
-0.015
0.63
0.7
1
-0.482432
1.52452
0.308707
0.5
0.467707
1.48622
0.299666
0.5
0
-0.115
-0.19
-0.015
0.63
-1.08746
0.579487
-0.475
1.24
-0.605
1.63
-0.135
1.27
-0.135
1.65
0.345
1.26
0.275
1.67
0.665
1.23
0.725
1.68
1.715
-0.36
1.175
-0.67
-1.165
-0.48
-1.435
-0.37
-0.559824
0.292915
-0.73439
0.515664
-0.463458
1.08754
-0.264802
1.06345
0.331168
0.991176
0.529825
0.967085
0.656207
0.347023
0.544833
0.259741
0.433458
0.172458
-1.285
-0.47
0.480833
2
-0.265
-0.64
0.440114
1.5
0.715
-0.19
0.483011
1.2
-0.015
0.63
0.7
1
-0.335
1.45
0.332415
0.5
0.545
1.48
0.346029
0.5
0
-0.165
-0.12
-0.015
0.63
-1.045
0.59
-0.395
1.27
-0.445
1.63
-0.075
1.26
-0.055
1.66
0.385
1.25
0.325
1.69
0.695438
1.18717
0.753123
1.68384
1.565
-0.4
1.015
-0.82
-1.105
-0.25
-1.36522
-0.118483
-0.585382
0.338126
-0.741345
0.5743
-0.42496
1.1224
-0.228892
1.0823
0.359313
0.961979
0.555382
0.921874
0.631134
0.293563
0.513048
0.215581
0.39496
0.1376
-1.305
-0.22
0.483839
2
-0.295
-0.47
0.404969
1.5
0.635
-0.2
0.510784
1.2
-0.015
0.63
0.7
1
-0.215
1.47
0.311127
0.5
0.545
1.48
0.388973
0.5
0
-0.195
0.00999999
-0.005
0.72
-1.015
0.78
-0.315
1.35
-0.345
1.64
-0.015
1.32
0.005
1.66
0.445
1.28
0.405
1.69
0.74553
1.22519
0.775
1.7
1.265
-0.44
0.924083
-0.796726
-1.105
-0.05
-1.315
0.14
-0.593927
0.467566
-0.733481
0.713806
-0.380553
1.23915
-0.187658
1.18581
0.391031
1.02578
0.583928
0.972434
0.616793
0.340402
0.493674
0.270625
0.370554
0.200849
-1.215
-0.06
0.425441
2
-0.365
-0.33
0.392938
1.5
0.545
-0.19
0.456174
1.2
-0.005
0.72
0.7
1
-0.185
1.5
0.348282
0.5
0.625
1.47
0.369541
0.5
0
-0.195
0.09
-0.005
0.8
-1.035
0.91
-0.295
1.38
-0.325
1.64
-0.015
1.36
-0.005
1.66
0.445
1.31
0.415
1.7
0.735
1.25
0.775
1.69
1.265
-0.36
0.924083
-0.716726
-1.005
0.11
-1.215
0.3
-0.593927
0.547566
-0.733481
0.793806
-0.380554
1.31915
-0.187658
1.26581
0.391031
1.10578
0.583928
1.05243
0.616793
0.420402
0.493674
0.350625
0.370554
0.280849
-1.165
0.18
0.373631
2
-0.325
0
0.437379
1.5
0.474302
-0.0385489
0.458954
1.2
-0.00499999
0.8
0.7
1
-0.135
1.53
0.308707
0.5
0.585
1.49
0.364006
0.5
0
-0.195
0.09
-0.005
0.8
-1.065
0.89
-0.295
1.38
-0.325
1.64
-0.015
1.36
-0.005
1.66
0.445
1.31
0.415
1.7
0.735
1.25
0.775
1.69
1.265
-0.36
0.825
-0.52
-0.625
0.08
-0.865
0.26
-0.593927
0.547566
-0.733481
0.793806
-0.380554
1.31915
-0.187658
1.26581
0.391031
1.10578
0.583928
1.05243
0.616793
0.420402
0.493674
0.350625
0.370554
0.280849
-0.765
0.2
0.43566
2
-0.115
-0.04
0.326497
1.5
0.535
0.04
0.452636
1.2
-0.00499999
0.8
0.7
1
-0.155
1.53
0.308707
0.5
0.625
1.49
0.360694
0.5
0
-0.155
0.15
-0.005
0.8
-1.06769
0.849495
-0.316926
1.36853
-0.325
1.64
-0.005
1.35
-0.005
1.65
0.425228
1.32681
0.405
1.71
0.717315
1.27792
0.765
1.71
1.30837
-0.310736
0.874782
-0.487412
-0.415
0.13
-0.662796
0.299107
-0.583885
0.525273
-0.732736
0.766017
-0.400098
1.30446
-0.205302
1.25851
0.379089
1.12067
0.573886
1.07473
0.630842
0.44439
0.510471
0.369965
0.390098
0.29554
-0.685
0.21
0.38833
2
-0.075
0
0.394588
1.5
0.545
0.04
0.434166
1.2
-0.00499999
0.8
0.7
1
-0.135
1.5
0.308707
0.5
0.605
1.51
0.31241
0.5
0
-0.155
0.15
-0.005
0.8
-1.055
0.81
-0.316926
1.36853
-0.325
1.64
-0.005
1.35
-0.005
1.65
0.425228
1.32681
0.405
1.71
0.717315
1.27792
0.765
1.71
1.30837
-0.310736
0.874782
-0.487412
-0.145
0.08
-0.392796
0.249107
-0.583885
0.525273
-0.732736
0.766017
-0.400098
1.30446
-0.205302
1.25851
0.379089
1.12067
0.573886
1.07473
0.630842
0.44439
0.510471
0.369965
0.390098
0.29554
-0.275
0.22
0.464866
2
0.155
-0.03
0.31241
1.5
0.645
0.03
0.466476
1.2
-0.00499999
0.8
0.7
1
-0.165
1.52
0.308707
0.5
0.605
1.52
0.354465
0.5
0
-0.115
0.08
-0.005
0.8
-1.055
0.75
-0.357996
1.34409
-0.375
1.68
-0.005
1.38
0.005
1.69
0.38532
1.35714
0.395
1.72
0.705
1.31
0.765
1.71
1.3868
-0.211145
0.967336
-0.419299
-0.0916105
0.0715431
-0.351223
0.221964
-0.56216
0.483345
-0.728359
0.712506
-0.436235
1.27406
-0.238556
1.24258
0.354481
1.14814
0.552161
1.11666
0.655396
0.492136
0.540816
0.409037
0.426235
0.325938
-0.305
0.17
0.408044
2
0.255
-0.04
0.31241
1.5
0.695
0.1
0.380132
1.2
-0.00499999
0.8
0.7
1
-0.185
1.57
0.308707
0.5
0.565
1.52
0.339411
0.5
0
-0.095
0.03
-0.005
0.8
-1.05218
0.706361
-0.380378
1.32903
-0.365
1.68
-0.005
1.37
0.005
1.68
0.375
1.35
0.405
1.72
0.715
1.28
0.755
1.7
1.42787
-0.152541
1.01737
-0.377996
0.005
-0.01
-0.260687
0.129516
-0.548596
0.460393
-0.724209
0.68248
-0.455649
1.25579
-0.256801
1.23255
0.339747
1.16284
0.538597
1.13961
0.667736
0.519822
0.556693
0.432016
0.445649
0.34421
-0.235
0.08
0.420119
2
0.445
0.06
0.403113
1.5
0.725
0.08
0.374433
1.2
-0.00499999
0.8
0.7
1
-0.373863
1.74007
0.308707
0.5
0.567185
1.59986
0.299666
0.5
0
-0.095
0.03
-0.005
0.8
-1.05218
0.706361
-0.380378
1.32903
-0.365
1.68
-0.005
1.37
0.005
1.68
0.375
1.35
0.405
1.72
0.715
1.28
0.755
1.7
1.42787
-0.152541
1.01737
-0.377996
0.195
0
-0.0706866
0.139516
-0.548596
0.460393
-0.724209
0.68248
-0.455649
1.25579
-0.256801
1.23255
0.339747
1.16284
0.538597
1.13961
0.667736
0.519822
0.556693
0.432016
0.445649
0.34421
-0.035
0.03
0.392046
2
0.685
0.02
0.401622
1.5
0.625
0.43
0.355106
1.2
0.025
0.93
0.695845
1
-0.185
1.55
0.308707
0.5
0.555
1.54
0.340588
0.5
0
-0.075
-0.05
-0.005
0.8
-1.04809
0.667971
-0.399568
1.31491
-0.375
1.71
-0.0259282
1.36964
-0.005
1.68
0.354569
1.36361
0.405
1.73
0.696927
1.30614
0.755
1.7
1.46195
-0.0993369
1.05998
-0.339723
0.29604
-0.0395561
0.0253969
0.0901181
-0.535788
0.440647
-0.719446
0.656146
-0.472103
1.23896
-0.272525
1.22304
0.32621
1.17527
0.525788
1.15935
0.677603
0.544697
0.569853
0.452869
0.462103
0.36104
0.105
0.02
0.383275
2
0.785
0.02
0.340147
1.5
0.665
0.41
0.355106
1.2
-0.015
0.9
0.7
1
-0.205
1.53
0.31241
0.5
0.545
1.5
0.332415
0.5
0
-0.075
-0.05
-0.005
0.8
-1.04809
0.667971
-0.399568
1.31491
-0.375
1.71
-0.0259282
1.36964
-0.005
1.68
0.354569
1.36361
0.405
1.73
0.696927
1.30614
0.755
1.7
1.475
0.1
1.115
-0.4
0.515
-0.19
0.285
0
-0.535788
0.440647
-0.719446
0.656146
-0.472103
1.23896
-0.272525
1.22304
0.32621
1.17527
0.525788
1.15935
0.677603
0.544697
0.569853
0.452869
0.462103
0.36104
0.335
-0.08
0.371618
2
0.825
-0.02
0.353412
1.5
0.775
0.43
0.355106
1.2
-0.035
0.87
0.7
1
-0.215
1.54
0.339706
0.5
0.555
1.55
0.330152
0.5
0
-0.045
-0.02
-0.005
0.8
-1.04205
0.626582
-0.345
1.36
-0.375
1.72
-0.0485697
1.36838
-0.015
1.71
0.331882
1.37749
0.367702
1.74561
0.676268
1.33367
0.735
1.71
1.50173
0.159392
1.16189
-0.354551
0.553986
-0.168574
0.316602
0.0121356
-0.521096
0.419805
-0.713187
0.627838
-0.489211
1.22005
-0.28915
1.21208
0.311035
1.18817
0.511097
1.1802
0.687245
0.572039
0.583228
0.475994
0.479211
0.379949
0.395
-0.1
0.383275
2
0.865
0.03
0.358469
1.5
0.725
0.42
0.355106
1.2
-0.00499999
0.8
0.7
1
-0.195
1.57
0.326497
0.5
0.545
1.52
0.339411
0.5
0
-0.035
-0.13
0.005
0.69
-1.03205
0.516582
-0.315
1.36
-0.365
1.72
-0.0770826
1.32382
-0.015
1.71
0.355
1.35
0.355
1.74
0.681837
1.3235
0.725
1.72
1.51173
0.049392
1.17189
-0.464551
0.625
-0.27
0.387616
-0.0892909
-0.511096
0.309805
-0.703187
0.517838
-0.479211
1.11005
-0.27915
1.10208
0.321035
1.07817
0.521097
1.0702
0.697245
0.462039
0.593228
0.365994
0.489211
0.269949
0.485
-0.13
0.375899
2
0.935
-0.12
0.31241
1.5
0.765
0.33
0.355106
1.2
0.00500001
0.69
0.7
1
-0.185
1.56
0.340588
0.5
0.514422
1.53133
0.353361
0.5
0
-0.035
-0.13
0.005
0.69
-1.03205
0.516582
-0.315
1.36
-0.365
1.72
-0.0770826
1.32382
-0.015
1.71
0.355
1.35
0.355
1.74
0.681837
1.3235
0.725
1.72
1.375
0.03
1.205
-0.5
0.735
-0.5
0.497616
-0.319291
-0.511096
0.309805
-0.703187
0.517838
-0.479211
1.11005
-0.27915
1.10208
0.321035
1.07817
0.521097
1.0702
0.697245
0.462039
0.593228
0.365994
0.489211
0.269949
0.575
-0.42
0.366742
2
1.005
-0.17
0.31241
1.5
0.855
0.28
0.355106
1.2
0.00500001
0.69
0.7
1
-0.185
1.54
0.320156
0.5
0.535
1.54
0.361248
0.5
0
-0.015
-0.1
0.005
0.69
-1.02803
0.493848
-0.322188
1.34912
-0.375
1.72
-0.0997928
1.32926
-0.0688623
1.71892
0.340434
1.35755
0.345
1.74
0.679044
1.33107
0.73104
1.72657
1.3892
0.0602204
1.23088
-0.4734
0.760975
-0.48372
0.519673
-0.308262
-0.50264
0.298553
-0.699257
0.502324
-0.488332
1.09933
-0.288138
1.09575
0.312445
1.08502
0.51264
1.08145
0.702104
0.477287
0.600218
0.378978
0.498332
0.280669
0.655
-0.38
0.368917
2
1.045
-0.15
0.31241
1.5
0.815
0.26
0.355106
1.2
0.00500001
0.69
0.7
1
-0.235
1.53
0.31241
0.5
0.495842
1.54234
0.324349
0.5
0
-0.015
-0.1
0.005
0.69
-1.02803
0.493848
-0.322188
1.34912
-0.375
1.72
-0.0997928
1.32926
-0.0688623
1.71892
0.340434
1.35755
0.345
1.74
0.679044
1.33107
0.73104
1.72657
1.315
0.08
1.23088
-0.4734
0.855
-0.69
0.570395
-0.595132
-0.50264
0.298553
-0.699257
0.502324
-0.488332
1.09933
-0.288138
1.09575
0.312445
1.08502
0.51264
1.08145
0.702104
0.477287
0.600218
0.378978
0.498332
0.280669
0.765
-0.66
0.39
2
1.145
-0.18
0.31241
1.5
0.845
0.29
0.355106
1.2
0.00500001
0.69
0.7
1
-0.245
1.52
0.339411
0.5
0.535
1.55
0.344328
0.5
0
-0.015
-0.1
0.005
0.69
-1.02803
0.493848
-0.322188
1.34912
-0.375
1.72
-0.0997928
1.32926
-0.0688623
1.71892
0.340434
1.35755
0.345
1.74
0.679044
1.33107
0.73104
1.72657
1.165
0.04
1.195
-0.62
0.985
-0.92
0.691119
-0.980283
-0.50264
0.298553
-0.699257
0.502324
-0.488332
1.09933
-0.288138
1.09575
0.312445
1.08502
0.51264
1.08145
0.702104
0.477287
0.600218
0.378978
0.498332
0.280669
0.825
-0.95
0.375766
2
1.105
-0.37
0.31241
1.5
0.835
0.2
0.355106
1.2
0.00500001
0.69
0.7
1
-0.215
1.56
0.324477
0.5
0.525
1.54
0.344328
0.5
0
-0.015
-0.1
0.005
0.69
-1.02803
0.493848
-0.322188
1.34912
-0.375
1.72
-0.0997928
1.32926
-0.0688623
1.71892
0.340434
1.35755
0.345
1.74
0.679044
1.33107
0.73104
1.72657
0.975
-0.03
1.125
-0.64
0.985
-0.92
0.735385
-1.08641
-0.50264
0.298553
-0.699257
0.502324
-0.488332
1.09933
-0.288138
1.09575
0.312445
1.08502
0.51264
1.08145
0.702104
0.477287
0.600218
0.378978
0.498332
0.280669
0.825
-1.04
0.408044
2
1.035
-0.39
0.31241
1.5
0.765
0.22
0.355106
1.2
0.00500001
0.69
0.7
1
-0.265
1.52
0.390573
0.5
0.515
1.53
0.344328
0.5
0
-0.015
-0.13
0.005
0.66
-1.015
0.41
-0.322188
1.31912
-0.375
1.67
-0.0997928
1.29926
-0.085
1.67
0.340434
1.32755
0.355
1.65
0.655
1.28
0.695
1.64
0.975
-0.06
1.015
-0.67
0.985
-0.95
0.847407
-1.21659
-0.50264
0.268553
-0.699257
0.472324
-0.488332
1.06933
-0.288138
1.06575
0.312445
1.05502
0.51264
1.05145
0.702104
0.447287
0.600218
0.348978
0.498332
0.250669
0.915
-1.1
0.353553
2
0.955
-0.39
0.302324
1.5
0.755
0.2
0.34
1.2
0.00500001
0.66
0.7
1
-0.225
1.51
0.308707
0.5
0.545
1.45
0.318277
0.5
0
-0.025
-0.18
-0.005
0.61
-1.04418
0.290322
-0.332188
1.26912
-0.425
1.63
-0.109793
1.24926
-0.115
1.63
0.365
1.21
0.345
1.58
0.625
1.24
0.675
1.61
0.825
-0.19
0.885
-0.73
0.975
-1
1.04971
-1.29055
-0.51264
0.218553
-0.709257
0.422324
-0.498332
1.01933
-0.298138
1.01575
0.302445
1.00502
0.50264
1.00145
0.692104
0.397287
0.590218
0.298978
0.488332
0.200669
1.005
-1.23
0.361248
2
0.875
-0.61
0.31241
1.5
0.705
0.08
0.355106
1.2
-0.00499999
0.61
0.7
1
-0.275
1.45
0.348281
0.5
0.495
1.42
0.325576
0.5
0
-0.035
-0.27
-0.015
0.52
-1.02671
0.145049
-0.415
1.13
-0.515
1.6
-0.185
1.14
-0.265
1.57
0.295
1.11
0.235
1.54
0.605
1.13
0.605
1.61
0.635
-0.37
0.685
-0.92
0.925
-1.11
1.145
-1.17
-0.52264
0.128553
-0.719257
0.332324
-0.508332
0.92933
-0.308138
0.92575
0.292445
0.91502
0.49264
0.91145
0.682104
0.307287
0.580218
0.208978
0.478332
0.110669
1.025
-1.16
0.330341
2
0.695
-0.66
0.31241
1.5
0.595
-0.03
0.355106
1.2
-0.015
0.52
0.7
1
-0.375
1.41
0.325269
0.5
0.475842
1.37234
0.328754
0.5
0
