39
10
15
9
6
-0.005
-0.99
-0.005
0.41
-0.875
-0.09
-0.415
0.96
-0.705
1.17
-0.155
0.96
-0.444021
1.24375
0.445
0.98
0.125
1.2
0.715
0.98
0.405
1.25
0.475
-0.63
0.445
-1.29
1.145
-1.52
1.44494
-1.51412
-0.505
0.01
-0.705
0.21
-0.505
0.81
-0.305
0.81
0.295
0.81
0.495
0.81
0.695
0.21
0.595
0.11
0.495
0.01
1.255
-1.5
0.51
2
0.625
-1.03
0.447772
1.5
0.575
-0.23
0.393192
1.2
-0.005
0.41
0.7
1
-0.445
1.05
0.411461
0.5
0.395
1.03
0.404969
0.5
0
0.0447519
-0.787519
-0.005
0.41
-0.840274
-0.142633
-0.475
0.925
-0.79
1.06
-0.235
0.985
-0.57451
1.16188
0.425
0.98
0.11
1.165
0.695
0.99
0.38
1.235
0.535
-0.645
0.635
-1.295
1.3
-1.395
1.59142
-1.34214
-0.477977
-0.0198129
-0.689748
0.166869
-0.528154
0.777092
-0.328928
0.789636
0.268751
0.827269
0.467977
0.839813
0.704836
0.254678
0.611495
0.148793
0.518154
0.0429079
1.36992
-1.41358
0.51
2
0.712881
-0.984915
0.447772
1.5
0.612897
-0.191146
0.393192
1.2
-0.005
0.41
0.7
1
-0.483439
1.01993
0.411461
0.5
0.354566
1.05269
0.404969
0.5
0
0.0945037
-0.585037
-0.005
0.41
-0.805548
-0.195265
-0.535
0.89
-0.875
0.95
-0.315
1.01
-0.705
1.08
0.405
0.98
0.095
1.13
0.675
1
0.355
1.22
0.595
-0.66
0.825
-1.3
1.455
-1.27
1.7379
-1.17015
-0.450955
-0.0496258
-0.674496
0.123738
-0.551308
0.744184
-0.352855
0.769272
0.242502
0.844537
0.440955
0.869626
0.714672
0.299357
0.62799
0.187586
0.541308
0.0758157
1.48484
-1.32717
0.51
2
0.800761
-0.93983
0.447772
1.5
0.650795
-0.152292
0.393192
1.2
-0.005
0.41
0.7
1
-0.521878
0.989854
0.411461
0.5
0.314131
1.07538
0.404969
0.5
0
0.154752
-0.552519
-0.005
0.41
-0.759059
-0.248557
-0.575
0.835
-0.9
0.855
-0.39
0.975
-0.81
1.005
0.395
1
0.085
1.115
0.655
1.02
0.335
1.22
0.667258
-0.612554
0.941113
-1.23323
1.5659
-1.1591
1.84039
-1.03986
-0.41645
-0.0787094
-0.651076
0.0780877
-0.572108
0.704137
-0.376396
0.743051
0.210738
0.859795
0.40645
0.898709
0.718905
0.350489
0.640506
0.233176
0.562108
0.115863
1.64492
-1.14858
0.51
2
0.892881
-0.809915
0.447772
1.5
0.68709
-0.103425
0.393192
1.2
-0.005
0.41
0.7
1
-0.560092
0.950665
0.411461
0.5
0.265788
1.09454
0.404969
0.5
0
0.215
-0.52
-0.005
0.41
-0.71257
-0.301848
-0.615
0.78
-0.925
0.76
-0.465
0.94
-0.915
0.93
0.385
1.02
0.075
1.1
0.635
1.04
0.315
1.22
0.739516
-0.565109
1.05722
-1.16647
1.6768
-1.0482
1.94287
-0.909563
-0.381945
-0.107793
-0.627656
0.0324369
-0.592908
0.66409
-0.399937
0.71683
0.178975
0.875052
0.371945
0.927793
0.723138
0.401622
0.653023
0.278766
0.582908
0.155911
1.805
-0.97
0.51
2
0.985
-0.68
0.447772
1.5
0.723385
-0.0545579
0.393192
1.2
-0.005
0.41
0.7
1
-0.598306
0.911477
0.411461
0.5
0.217445
1.11369
0.404969
0.5
0
0.28
-0.47
-0.005
0.41
-0.638947
-0.362411
-0.695
0.705
-1.03
0.685
-0.61
0.885
-1.02
0.88
0.25
1.035
-0.0270153
1.01333
0.48
1.105
0.14
1.19
0.822258
-0.507554
1.19683
-1.05197
1.7909
-0.824098
2.04149
-0.66154
-0.32962
-0.138821
-0.586401
-0.0230764
-0.611693
0.60623
-0.42543
0.676748
0.133358
0.888303
0.31962
0.958821
0.717438
0.470551
0.659565
0.342161
0.601693
0.21377
1.88
-0.755
0.51
2
1.07925
-0.576664
0.447772
1.5
0.76082
0.0184621
0.393192
1.2
-0.005
0.41
0.7
1
-0.716653
0.810738
0.411461
0.5
0.148919
1.12845
0.404969
0.5
0
0.345
-0.42
-0.005
0.41
-0.565324
-0.422973
-0.775
0.63
-1.135
0.61
-0.755
0.83
-1.125
0.83
0.115
1.05
-0.129031
0.926655
0.325
1.17
-0.035
1.16
0.905
-0.45
1.33643
-0.937464
1.905
-0.6
2.14011
-0.413517
-0.277296
-0.169849
-0.545146
-0.0785898
-0.630478
0.54837
-0.450924
0.636666
0.0877409
0.901553
0.267296
0.98985
0.711738
0.53948
0.666108
0.405555
0.620478
0.27163
1.955
-0.54
0.51
2
1.17349
-0.473328
0.447772
1.5
0.798255
0.0914821
0.393192
1.2
-0.005
0.41
0.7
1
-0.835
0.71
0.411461
0.5
0.0803925
1.14321
0.404969
0.5
0
0.515
-0.38
-0.005
0.41
-0.388365
-0.517988
-0.795
0.48
-1.165
0.46
-0.775
0.68
-1.175
0.67
-0.0147987
1.06118
-0.255
1.04
0.167141
1.22061
-0.165
1.2
1.065
-0.32
1.57806
-0.643648
1.995
-0.1
2.13537
0.165136
-0.156448
-0.212547
-0.43715
-0.176425
-0.645608
0.421098
-0.487196
0.543388
-0.0119626
0.910257
0.146448
1.03255
0.671729
0.679603
0.653668
0.539252
0.635608
0.398902
2.045
0
0.51
2
1.32595
-0.221167
0.447772
1.5
0.84572
0.257724
0.393192
1.2
-0.005
0.41
0.7
1
-0.878247
0.538801
0.411461
0.5
-0.0672766
1.14566
0.404969
0.5
0
0.515
-0.38
-0.005
0.41
-0.388365
-0.517988
-1.085
0.42
-1.565
0.38
-1.065
0.69
-1.525
0.63
-0.0147987
1.06118
-0.255
1.04
0.167141
1.22061
-0.165
1.2
1.065
-0.32
1.57806
-0.643648
1.995
-0.1
2.13537
0.165136
-0.156448
-0.212547
-0.43715
-0.176425
-0.645608
0.421098
-0.487196
0.543388
-0.0119626
0.910257
0.146448
1.03255
0.671729
0.679603
0.653668
0.539252
0.635608
0.398902
2.045
0
0.51
2
1.32595
-0.221167
0.447772
1.5
0.84572
0.257724
0.393192
1.2
-0.005
0.41
0.7
1
-0.878247
0.538801
0.411461
0.5
-0.0672766
1.14566
0.404969
0.5
1
-1.665
0.42
0.98326
-1
0
1.2
0.1
1
0
0.515
-0.38
-0.005
0.41
-0.388365
-0.517988
-1.175
0.44
-1.735
0.39
-1.07478
0.664821
-1.715
0.64
-0.0147987
1.06118
-0.255
1.04
0.167141
1.22061
-0.165
1.2
1.065
-0.32
1.57806
-0.643648
1.995
-0.1
2.13537
0.165136
-0.156448
-0.212547
-0.43715
-0.176425
-0.645608
0.421098
-0.487196
0.543388
-0.0119626
0.910257
0.146448
1.03255
0.671729
0.679603
0.653668
0.539252
0.635608
0.398902
2.045
0
0.51
2
1.32595
-0.221167
0.447772
1.5
0.84572
0.257724
0.393192
1.2
-0.005
0.41
0.7
1
-1.165
0.51
0.487032
0.5
-0.0672766
1.14566
0.404969
0.5
1
-1.695
0.52
0.98326
-1
0
1.2
0.1
1
0
0.515
-0.38
-0.005
0.41
-0.388365
-0.517988
-1.175
0.44
-1.875
0.4
-1.07717
0.652627
-1.915
0.65
-0.0147987
1.06118
-0.255
1.04
0.167141
1.22061
-0.165
1.2
1.065
-0.32
1.57806
-0.643648
1.995
-0.1
2.13537
0.165136
-0.156448
-0.212547
-0.43715
-0.176425
-0.645608
0.421098
-0.487196
0.543388
-0.0119626
0.910257
0.146448
1.03255
0.671729
0.679603
0.653668
0.539252
0.635608
0.398902
2.045
0
0.51
2
1.32595
-0.221167
0.447772
1.5
0.84572
0.257724
0.393192
1.2
-0.005
0.41
0.7
1
-1.285
0.51
0.608276
0.5
-0.0672766
1.14566
0.404969
0.5
1
-1.885
0.5
0.98326
-1
0
1.2
0.1
1
0
0.515
-0.38
-0.005
0.41
-0.388365
-0.517988
-1.175
0.44
-2.17397
0.394592
-1.07717
0.652627
-2.07644
0.614521
-0.0147987
1.06118
-0.255
1.04
0.167141
1.22061
-0.165
1.2
1.065
-0.32
1.57806
-0.643648
1.995
-0.1
2.13537
0.165136
-0.156448
-0.212547
-0.43715
-0.176425
-0.645608
0.421098
-0.487196
0.543388
-0.0119626
0.910257
0.146448
1.03255
0.671729
0.679603
0.653668
0.539252
0.635608
0.398902
2.045
0
0.51
2
1.32595
-0.221167
0.447772
1.5
0.84572
0.257724
0.393192
1.2
-0.005
0.41
0.7
1
-1.285
0.51
0.608276
0.5
-0.0672766
1.14566
0.404969
0.5
1
-2.165
0.5
0.98326
-1
0
1.2
0.1
1
0
0.515
-0.38
-0.005
0.41
-0.388365
-0.517988
-1.085
0.42
-2.08425
0.381194
-1.07717
0.652627
-1.985
0.61
-0.0147987
1.06118
-0.255
1.04
0.167141
1.22061
-0.165
1.2
1.065
-0.32
1.57806
-0.643648
1.975
-0.2
2.11537
0.0651364
-0.156448
-0.212547
-0.43715
-0.176425
-0.645608
0.421098
-0.487196
0.543388
-0.0119626
0.910257
0.146448
1.03255
0.671729
0.679603
0.653668
0.539252
0.635608
0.398902
2.045
-0.09
0.51
2
1.32595
-0.221167
0.447772
1.5
0.84572
0.257724
0.393192
1.2
-0.005
0.41
0.7
1
-1.375
0.46
0.701783
0.5
-0.0672766
1.14566
0.404969
0.5
0
0.515
-0.38
-0.005
0.41
-0.388365
-0.517988
-1.04
0.415
-2.02462
0.375597
-1.03608
0.656314
-1.945
0.62
-0.0147987
1.06118
-0.255
1.04
0.167141
1.22061
-0.165
1.2
1.065
-0.32
1.57806
-0.643648
1.975
-0.2
2.11537
0.0651364
-0.156448
-0.212547
-0.43715
-0.176425
-0.645608
0.421098
-0.487196
0.543388
-0.0119626
0.910257
0.146448
1.03255
0.671729
0.679603
0.653668
0.539252
0.635608
0.398902
2.045
-0.09
0.51
2
1.32595
-0.221167
0.447772
1.5
0.84572
0.257724
0.393192
1.2
-0.005
0.41
0.7
1
-1.375
0.46
0.701783
0.5
-0.0672766
1.14566
0.404969
0.5
0
0.515
-0.38
-0.005
0.41
-0.388365
-0.517988
-0.995
0.41
-1.965
0.37
-0.995
0.66
-1.905
0.63
-0.0147987
1.06118
-0.255
1.04
0.167141
1.22061
-0.165
1.2
1.065
-0.32
1.57806
-0.643648
1.975
-0.2
2.11537
0.0651364
-0.156448
-0.212547
-0.43715
-0.176425
-0.645608
0.421098
-0.487196
0.543388
-0.0119626
0.910257
0.146448
1.03255
0.671729
0.679603
0.653668
0.539252
0.635608
0.398902
2.045
-0.09
0.51
2
1.32595
-0.221167
0.447772
1.5
0.84572
0.257724
0.393192
1.2
-0.005
0.41
0.7
1
-1.375
0.46
0.701783
0.5
-0.0672766
1.14566
0.404969
0.5
0
0.515
-0.38
-0.005
0.41
-0.388365
-0.517988
-0.9675
0.425
-1.915
0.3825
-0.9675
0.6725
-1.8725
0.6425
-0.0147987
1.06118
-0.255
1.04
0.167141
1.22061
-0.165
1.2
1.065
-0.32
1.57806
-0.643648
1.975
-0.2
2.11537
0.0651364
-0.156448
-0.212547
-0.43715
-0.176425
-0.645608
0.421098
-0.487196
0.543388
-0.0119626
0.910257
0.146448
1.03255
0.671729
0.679603
0.653668
0.539252
0.635608
0.398902
2.045
-0.09
0.51
2
1.32595
-0.221167
0.447772
1.5
0.84572
0.257724
0.393192
1.2
-0.005
0.41
0.7
1
-1.3625
0.4775
0.701783
0.5
-0.0672766
1.14566
0.404969
0.5
0
0.515
-0.38
-0.005
0.41
-0.388365
-0.517988
-0.94
0.44
-1.865
0.395
-0.94
0.685
-1.84
0.655
-0.0147987
1.06118
-0.255
1.04
0.167141
1.22061
-0.165
1.2
1.065
-0.32
1.57806
-0.643648
1.975
-0.2
2.11537
0.0651364
-0.156448
-0.212547
-0.43715
-0.176425
-0.645608
0.421098
-0.487196
0.543388
-0.0119626
0.910257
0.146448
1.03255
0.671729
0.679603
0.653668
0.539252
0.635608
0.398902
2.045
-0.09
0.51
2
1.32595
-0.221167
0.447772
1.5
0.84572
0.257724
0.393192
1.2
-0.005
0.41
0.7
1
-1.35
0.495
0.701783
0.5
-0.0672766
1.14566
0.404969
0.5
0
0.515
-0.38
-0.005
0.41
-0.388365
-0.517988
-0.9125
0.455
-1.815
0.4075
-0.9125
0.6975
-1.8075
0.6675
-0.0147987
1.06118
-0.255
1.04
0.167141
1.22061
-0.165
1.2
1.065
-0.32
1.57806
-0.643648
1.975
-0.2
2.11537
0.0651364
-0.156448
-0.212547
-0.43715
-0.176425
-0.645608
0.421098
-0.487196
0.543388
-0.0119626
0.910257
0.146448
1.03255
0.671729
0.679603
0.653668
0.539252
0.635608
0.398902
2.045
-0.09
0.51
2
1.32595
-0.221167
0.447772
1.5
0.84572
0.257724
0.393192
1.2
-0.005
0.41
0.7
1
-1.3375
0.5125
0.701783
0.5
-0.0672766
1.14566
0.404969
0.5
0
0.515
-0.38
-0.005
0.41
-0.388365
-0.517988
-0.885
0.47
-1.765
0.42
-0.885
0.71
-1.775
0.68
-0.0147987
1.06118
-0.255
1.04
0.167141
1.22061
-0.165
1.2
1.065
-0.32
1.57806
-0.643648
1.975
-0.2
2.11537
0.0651364
-0.156448
-0.212547
-0.43715
-0.176425
-0.645608
0.421098
-0.487196
0.543388
-0.0119626
0.910257
0.146448
1.03255
0.671729
0.679603
0.653668
0.539252
0.635608
0.398902
2.045
-0.09
0.51
2
1.32595
-0.221167
0.447772
1.5
0.84572
0.257724
0.393192
1.2
-0.005
0.41
0.7
1
-1.325
0.53
0.639062
0.5
-0.0672766
1.14566
0.404969
0.5
0
0.515
-0.38
-0.005
0.41
-0.388365
-0.517988
-0.8625
0.4875
-1.7225
0.435
-0.85
0.7225
-1.7325
0.6925
-0.0147987
1.06118
-0.255
1.04
0.167141
1.22061
-0.165
1.2
1.065
-0.32
1.57806
-0.643648
1.975
-0.2
2.11537
0.0651364
-0.156448
-0.212547
-0.43715
-0.176425
-0.645608
0.421098
-0.487196
0.543388
-0.0119626
0.910257
0.146448
1.03255
0.671729
0.679603
0.653668
0.539252
0.635608
0.398902
2.045
-0.09
0.51
2
1.32595
-0.221167
0.447772
1.5
0.84572
0.257724
0.393192
1.2
-0.005
0.41
0.7
1
-1.3
0.5525
0.639062
0.5
-0.0672766
1.14566
0.404969
0.5
0
0.515
-0.38
-0.005
0.41
-0.388365
-0.517988
-0.84
0.505
-1.68
0.45
-0.815
0.735
-1.69
0.705
-0.0147987
1.06118
-0.255
1.04
0.167141
1.22061
-0.165
1.2
1.065
-0.32
1.57806
-0.643648
1.975
-0.2
2.11537
0.0651364
-0.156448
-0.212547
-0.43715
-0.176425
-0.645608
0.421098
-0.487196
0.543388
-0.0119626
0.910257
0.146448
1.03255
0.671729
0.679603
0.653668
0.539252
0.635608
0.398902
2.045
-0.09
0.51
2
1.32595
-0.221167
0.447772
1.5
0.84572
0.257724
0.393192
1.2
-0.005
0.41
0.7
1
-1.275
0.575
0.639062
0.5
-0.0672766
1.14566
0.404969
0.5
0
0.515
-0.38
-0.005
0.41
-0.388365
-0.517988
-0.795
0.54
-1.595
0.48
-0.745
0.76
-1.605
0.73
-0.0147987
1.06118
-0.255
1.04
0.167141
1.22061
-0.165
1.2
1.065
-0.32
1.57806
-0.643648
1.975
-0.2
2.11537
0.0651364
-0.156448
-0.212547
-0.43715
-0.176425
-0.645608
0.421098
-0.487196
0.543388
-0.0119626
0.910257
0.146448
1.03255
0.671729
0.679603
0.653668
0.539252
0.635608
0.398902
2.045
-0.09
0.51
2
1.32595
-0.221167
0.447772
1.5
0.84572
0.257724
0.393192
1.2
-0.005
0.41
0.7
1
-1.225
0.62
0.563028
0.5
-0.0672766
1.14566
0.404969
0.5
0
0.46
-0.37
-0.005
0.41
-0.433063
-0.496924
-0.775
0.6
-1.56
0.55
-0.69
0.805
-1.53
0.795
0.0172339
1.06011
-0.223434
1.05078
0.206575
1.21021
-0.125785
1.20598
1.02656
-0.37085
1.52248
-0.718943
1.94028
-0.295868
2.09334
-0.038266
-0.186688
-0.203613
-0.464942
-0.15378
-0.64353
0.452561
-0.479486
0.566771
0.0126443
0.909403
0.176688
1.02361
0.683363
0.645694
0.658446
0.506566
0.63353
0.367439
2.01552
-0.189572
0.51
2
1.29174
-0.28508
0.447772
1.5
0.8362
0.216271
0.393192
1.2
-0.005
0.41
0.7
1
-1.175
0.68
0.563028
0.5
-0.0309662
1.14696
0.404969
0.5
0
0.405
-0.36
-0.005
0.41
-0.477762
-0.47586
-0.755
0.66
-1.525
0.62
-0.635
0.85
-1.455
0.86
0.0492664
1.05903
-0.191868
1.06156
0.246009
1.19981
-0.0865692
1.21195
0.988115
-0.4217
1.4669
-0.794239
1.90556
-0.391737
2.07132
-0.141668
-0.216927
-0.19468
-0.492734
-0.131135
-0.641452
0.484023
-0.471776
0.590155
0.0372513
0.908549
0.206927
1.01468
0.694997
0.611784
0.663224
0.47388
0.631452
0.335977
1.98604
-0.289145
0.51
2
1.25754
-0.348994
0.447772
1.5
0.82668
0.174818
0.393192
1.2
-0.005
0.41
0.7
1
-1.125
0.74
0.563028
0.5
0.00534417
1.14826
0.404969
0.5
0
0.405
-0.36
-0.005
0.41
-0.477762
-0.47586
-0.725
0.675
-1.44
0.66
-0.57
0.855
-1.36
0.9
0.0492664
1.05903
-0.191868
1.06156
0.246009
1.19981
-0.0865692
1.21195
0.988115
-0.4217
1.4669
-0.794239
1.90556
-0.391737
2.07132
-0.141668
-0.216927
-0.19468
-0.492734
-0.131135
-0.641452
0.484023
-0.471776
0.590155
0.0372513
0.908549
0.206927
1.01468
0.694997
0.611784
0.663224
0.47388
0.631452
0.335977
1.98604
-0.289145
0.51
2
1.25754
-0.348994
0.447772
1.5
0.82668
0.174818
0.393192
1.2
-0.005
0.41
0.7
1
-1.105
0.735
0.563028
0.5
0.00534417
1.14826
0.404969
0.5
0
0.405
-0.36
-0.005
0.41
-0.477762
-0.47586
-0.695
0.69
-1.355
0.7
-0.505
0.86
-1.265
0.94
0.0492664
1.05903
-0.191868
1.06156
0.246009
1.19981
-0.0865692
1.21195
0.988115
-0.4217
1.4669
-0.794239
1.90556
-0.391737
2.07132
-0.141668
-0.216927
-0.19468
-0.492734
-0.131135
-0.641452
0.484023
-0.471776
0.590155
0.0372513
0.908549
0.206927
1.01468
0.694997
0.611784
0.663224
0.47388
0.631452
0.335977
1.98604
-0.289145
0.51
2
1.25754
-0.348994
0.447772
1.5
0.82668
0.174818
0.393192
1.2
-0.005
0.41
0.7
1
-1.085
0.73
0.563028
0.5
0.00534417
1.14826
0.404969
0.5
0
0.385
-0.37
-0.005
0.41
-0.502912
-0.460592
-0.6775
0.7075
-1.31
0.7225
-0.4775
0.86
-1.21
0.9425
0.0681669
1.05639
-0.172503
1.06597
0.268709
1.19118
-0.0629746
1.21304
0.962171
-0.449406
1.42928
-0.835348
1.879
-0.446333
2.05181
-0.201519
-0.234274
-0.187499
-0.507775
-0.115988
-0.638254
0.502524
-0.465748
0.603519
0.0517686
0.906504
0.224274
1.0075
0.699765
0.590977
0.664009
0.454227
0.628254
0.317476
1.96235
-0.346262
0.51
2
1.23328
-0.3847
0.447772
1.5
0.81845
0.150868
0.393192
1.2
-0.005
0.41
0.7
1
-1.0425
0.755
0.563028
0.5
0.0269263
1.14676
0.404969
0.5
0
0.365
-0.38
-0.005
0.41
-0.528062
-0.445324
-0.66
0.725
-1.265
0.745
-0.45
0.86
-1.155
0.945
0.0870673
1.05375
-0.153137
1.07038
0.291409
1.18256
-0.0393799
1.21412
0.936228
-0.477112
1.39166
-0.876458
1.85245
-0.500929
2.0323
-0.261371
-0.251621
-0.180318
-0.522815
-0.100841
-0.635056
0.521024
-0.459721
0.616883
0.0662859
0.904459
0.241621
1.00032
0.704533
0.57017
0.664794
0.434573
0.625056
0.298976
1.93867
-0.403379
0.51
2
1.20903
-0.420406
0.447772
1.5
0.81022
0.126917
0.393192
1.2
-0.005
0.41
0.7
1
-1
0.78
0.563028
0.5
0.0485085
1.14526
0.404969
0.5
0
0.345
-0.39
-0.005
0.41
-0.553213
-0.430055
-0.6425
0.7425
-1.22
0.7675
-0.4225
0.86
-1.1
0.9475
0.105968
1.05111
-0.133771
1.0748
0.314109
1.17394
-0.0157853
1.21521
0.910284
-0.504818
1.35405
-0.917567
1.82589
-0.555524
2.0128
-0.321222
-0.268968
-0.173137
-0.537856
-0.0856938
-0.631858
0.539524
-0.453693
0.630247
0.0808031
0.902414
0.258968
0.993139
0.709301
0.549364
0.665579
0.414919
0.621858
0.280475
1.91499
-0.460496
0.51
2
1.18477
-0.456113
0.447772
1.5
0.801991
0.102966
0.393192
1.2
-0.005
0.41
0.7
1
-0.9575
0.805
0.563028
0.5
0.0700907
1.14376
0.404969
0.5
0
0.325
-0.4
-0.005
0.41
-0.578363
-0.414787
-0.625
0.76
-1.175
0.79
-0.395
0.86
-1.045
0.95
0.124868
1.04847
-0.114406
1.07921
0.336809
1.16531
0.00780933
1.21629
0.88434
-0.532524
1.31643
-0.958677
1.79934
-0.61012
1.99329
-0.381073
-0.286315
-0.165956
-0.552897
-0.0705466
-0.62866
0.558025
-0.447665
0.643611
0.0953204
0.900369
0.276315
0.985958
0.714069
0.528557
0.666364
0.395266
0.61866
0.261975
1.8913
-0.517612
0.51
2
1.16052
-0.491819
0.447772
1.5
0.793761
0.0790158
0.393192
1.2
-0.005
0.41
0.7
1
-0.915
0.83
0.563028
0.5
0.0916729
1.14226
0.404969
0.5
0
0.2975
-0.405
-0.005
0.41
-0.606258
-0.392326
-0.6
0.775
-1.11
0.8075
-0.355
0.87
-0.95
0.965
0.147249
1.04225
-0.090331
1.08142
0.362814
1.15126
0.036453
1.21382
0.848588
-0.561788
1.26443
-1.00224
1.75853
-0.671731
1.96014
-0.450156
-0.306093
-0.154505
-0.568612
-0.0498546
-0.62183
0.579834
-0.438246
0.658768
0.112509
0.895571
0.296093
0.974508
0.716481
0.502686
0.664155
0.371426
0.61183
0.240166
1.85355
-0.582726
0.51
2
1.12552
-0.531007
0.447772
1.5
0.779985
0.0514386
0.393192
1.2
-0.005
0.41
0.7
1
-0.8475
0.8475
0.563028
0.5
0.117473
1.13698
0.404969
0.5
0
0.27
-0.41
-0.005
0.41
-0.634152
-0.369864
-0.575
0.79
-1.045
0.825
-0.315
0.88
-0.855
0.98
0.169631
1.03603
-0.0662561
1.08363
0.388819
1.13721
0.0650968
1.21134
0.812835
-0.591052
1.21244
-1.0458
1.71772
-0.733342
1.92699
-0.51924
-0.325871
-0.143055
-0.584328
-0.0291626
-0.615001
0.601643
-0.428826
0.673925
0.129697
0.890772
0.315871
0.963057
0.718893
0.476814
0.661946
0.347586
0.605001
0.218357
1.8158
-0.64784
0.51
2
1.09052
-0.570195
0.447772
1.5
0.766209
0.0238613
0.393192
1.2
-0.005
0.41
0.7
1
-0.78
0.865
0.563028
0.5
0.143273
1.13171
0.404969
0.5
0
0.2425
-0.415
-0.005
0.41
-0.662047
-0.347402
-0.55
0.805
-0.98
0.8425
-0.275
0.89
-0.76
0.995
0.192012
1.02981
-0.0421812
1.08584
0.414823
1.12315
0.0937405
1.20886
0.777082
-0.620316
1.16044
-1.08936
1.67691
-0.794953
1.89384
-0.588323
-0.345649
-0.131604
-0.600043
-0.00847057
-0.608171
0.623452
-0.419407
0.689082
0.146885
0.885973
0.335649
0.951607
0.721305
0.450943
0.659737
0.323746
0.598171
0.196548
1.77805
-0.712954
0.51
2
1.05553
-0.609384
0.447772
1.5
0.752433
-0.0037159
0.393192
1.2
-0.005
0.41
0.7
1
-0.7125
0.8825
0.563028
0.5
0.169074
1.12643
0.404969
0.5
0
0.215
-0.42
-0.005
0.41
-0.689941
-0.32494
-0.525
0.82
-0.915
0.86
-0.235
0.9
-0.665
1.01
0.214393
1.02359
-0.0181063
1.08805
0.440828
1.1091
0.122384
1.20638
0.741329
-0.64958
1.10845
-1.13292
1.6361
-0.856564
1.86069
-0.657407
-0.365427
-0.120154
-0.615759
0.0122215
-0.601341
0.645261
-0.409988
0.704239
0.164073
0.881175
0.355427
0.940157
0.723716
0.425072
0.657528
0.299906
0.591341
0.174739
1.7403
-0.778068
0.51
2
1.02053
-0.648572
0.447772
1.5
0.738657
-0.0312931
0.393192
1.2
-0.005
0.41
0.7
1
-0.645
0.9
0.401323
0.5
0.194874
1.12116
0.404969
0.5
0
0.14
-0.45
-0.005
0.41
-0.756865
-0.248705
-0.465
0.84
-0.795
0.925
-0.175
0.905
-0.53
1.035
0.273825
0.99535
0.0501496
1.08252
0.506566
1.05725
0.20111
1.18554
0.627338
-0.713865
0.942193
-1.22921
1.49228
-1.00866
1.73461
-0.834075
-0.415052
-0.0785896
-0.649557
0.0776001
-0.571684
0.7028
-0.376337
0.741957
0.209705
0.859431
0.405053
0.898592
0.717874
0.351706
0.639778
0.234453
0.561684
0.1172
1.60332
-0.941423
0.51
2
0.90382
-0.740919
0.447772
1.5
0.686812
-0.101553
0.393192
1.2
-0.005
0.41
0.7
1
-0.57
0.95
0.401323
0.5
0.264305
1.0939
0.404969
0.5
0
0.065
-0.48
-0.005
0.41
-0.823789
-0.172469
-0.405
0.86
-0.675
0.99
-0.115
0.91
-0.395
1.06
0.333257
0.967113
0.118406
1.077
0.572303
1.0054
0.279836
1.1647
0.513348
-0.778151
0.775935
-1.3255
1.34846
-1.16075
1.60853
-1.01074
-0.464677
-0.0370254
-0.683356
0.142979
-0.542027
0.760339
-0.342686
0.779676
0.255337
0.837687
0.454678
0.857028
0.712031
0.27834
0.622028
0.169001
0.532027
0.0596614
1.46633
-1.10478
0.51
2
0.787112
-0.833266
0.447772
1.5
0.634968
-0.171812
0.393192
1.2
-0.005
0.41
0.7
1
-0.495
1
0.401323
0.5
0.333737
1.06664
0.404969
0.5
0
0.0475
-0.6075
-0.005
0.41
-0.836592
-0.151852
-0.4075
0.885
-0.6825
1.035
-0.125
0.9225
-0.407255
1.10594
0.361193
0.970335
0.120054
1.10775
0.607977
0.999052
0.306127
1.18603
0.503761
-0.741113
0.693201
-1.31663
1.2976
-1.25056
1.56763
-1.13659
-0.474758
-0.025269
-0.688767
0.159734
-0.53277
0.772754
-0.333264
0.787257
0.265253
0.830766
0.464759
0.845271
0.707773
0.261255
0.615271
0.154251
0.52277
0.0472461
1.4385
-1.22608
0.51
2
0.821584
-0.844949
0.447772
1.5
0.654976
-0.178859
0.393192
1.2
-0.005
0.41
0.7
1
-0.455
1.095
0.401323
0.5
0.369053
1.14748
0.404969
0.5
0
0.03
-0.735
-0.005
0.41
-0.849395
-0.131235
-0.41
0.91
-0.69
1.08
-0.135
0.935
-0.41951
1.15188
0.389129
0.973557
0.121703
1.1385
0.643652
0.992701
0.332418
1.20735
0.494174
-0.704076
0.610468
-1.30775
1.24673
-1.34038
1.52674
-1.26243
-0.484839
-0.0135127
-0.694178
0.176489
-0.523513
0.785169
-0.323843
0.794838
0.275168
0.823844
0.474839
0.833514
0.703515
0.24417
0.608514
0.1395
0.513513
0.0348307
1.41067
-1.34739
0.51
2
0.856056
-0.856633
0.447772
1.5
0.674984
-0.185906
0.393192
1.2
-0.005
0.41
0.7
1
-0.415
1.19
0.401323
0.5
0.404369
1.22832
0.404969
0.5
0
-0.005
-0.99
-0.005
0.41
-0.875
-0.09
-0.415
0.96
-0.705
1.17
-0.155
0.96
-0.444021
1.24375
0.445
0.98
0.125
1.2
0.715
0.98
0.385
1.25
0.475
-0.63
0.445
-1.29
1.145
-1.52
1.44494
-1.51412
-0.505
0.01
-0.705
0.21
-0.505
0.81
-0.305
0.81
0.295
0.81
0.495
0.81
0.695
0.21
0.595
0.11
0.495
0.01
1.375
-1.48
0.456946
2
0.705
-1.18
0.39
1.5
0.525
-0.5
0.358469
1.2
-0.005
0.41
0.7
1
-0.345
0.99
0.411461
0.5
0.475
1.1
0.404969
0.5
0
