34
10
15
9
6
-0.005
-0.99
-0.005
0.41
-0.825
-0.12
-0.455
1.18
-0.515
1.58
-0.225
1.23
-0.265
1.68
0.345
1.19
0.275
1.58
0.625
1.23
0.625
1.66
0.775
-1.41
2.315
-2.4
3.415
-1.2
3.53393
-0.924581
-0.505
0.01
-0.705
0.21
-0.505
0.81
-0.305
0.81
0.295
0.81
0.495
0.81
0.695
0.21
0.595
0.11
0.495
0.01
3.305
-1.19
0.621289
2
2.005
-1.54
0.723395
1.5
0.975
-0.6
0.703847
1.2
-0.005
0.41
0.7
1
-0.335
1.38
0.436578
0.5
0.505
1.35
0.440114
0.5
0
-0.005
-0.99
-0.005
0.41
-0.825
-0.12
-0.455
1.18
-0.515
1.58
-0.225
1.23
-0.265
1.68
0.345
1.19
0.275
1.58
0.625
1.23
0.6175
1.6625
0.725
-1.29
2.1775
-2.3225
3.2825
-1.2925
3.42712
-1.0354
-0.505
0.01
-0.705
0.21
-0.505
0.81
-0.305
0.81
0.295
0.81
0.495
0.81
0.695
0.21
0.595
0.11
0.495
0.01
3.195
-1.275
0.621289
2
1.9725
-1.56
0.723395
1.5
1.01
-0.7325
0.703847
1.2
0.005
0.4825
0.7
1
-0.23
1.2825
0.436578
0.5
0.5475
0.92
0.440114
0.5
0
-0.005
-0.99
-0.005
0.41
-0.825
-0.12
-0.455
1.18
-0.515
1.58
-0.225
1.23
-0.265
1.68
0.345
1.19
0.275
1.58
0.625
1.23
0.61
1.665
0.675
-1.17
2.04
-2.245
3.15
-1.385
3.32031
-1.14623
-0.505
0.01
-0.705
0.21
-0.505
0.81
-0.305
0.81
0.295
0.81
0.495
0.81
0.695
0.21
0.595
0.11
0.495
0.01
3.085
-1.36
0.621289
2
1.94
-1.58
0.723395
1.5
1.045
-0.865
0.703847
1.2
0.015
0.555
0.7
1
-0.125
1.185
0.436578
0.5
0.59
0.49
0.440114
0.5
0
-0.005
-0.99
-0.005
0.41
-0.825
-0.12
-0.455
1.18
-0.515
1.58
-0.225
1.23
-0.265
1.68
0.345
1.19
0.275
1.58
0.625
1.23
0.6025
1.6675
0.625
-1.05
1.9025
-2.1675
3.0175
-1.4775
3.2135
-1.25705
-0.505
0.01
-0.705
0.21
-0.505
0.81
-0.305
0.81
0.295
0.81
0.495
0.81
0.695
0.21
0.595
0.11
0.495
0.01
2.975
-1.445
0.621289
2
1.9075
-1.6
0.723395
1.5
1.08
-0.9975
0.703847
1.2
0.025
0.6275
0.7
1
-0.02
1.0875
0.436578
0.5
0.6325
0.06
0.440114
0.5
0
-0.005
-0.99
-0.005
0.41
-0.825
-0.12
-0.455
1.18
-0.515
1.58
-0.225
1.23
-0.265
1.68
0.345
1.19
0.275
1.58
0.625
1.23
0.595
1.67
0.575
-0.93
1.765
-2.09
2.885
-1.57
3.10669
-1.36787
-0.505
0.01
-0.705
0.21
-0.505
0.81
-0.305
0.81
0.295
0.81
0.495
0.81
0.695
0.21
0.595
0.11
0.495
0.01
2.865
-1.53
0.621289
2
1.875
-1.62
0.492443
1.5
1.115
-1.13
0.477598
1.2
0.035
0.7
0.970824
1
0.085
0.99
0.917878
0.5
0.675
-0.37
0.463249
0.5
0
-0.005
-0.99
-0.005
0.41
-0.825
-0.12
-0.455
1.18
-0.515
1.58
-0.225
1.23
-0.265
1.68
0.345
1.19
0.275
1.58
0.625
1.23
0.595
1.67
0.635
-0.86
1.48
-1.91
2.56
-1.65
2.81985
-1.53174
-0.505
0.01
-0.705
0.21
-0.505
0.81
-0.305
0.81
0.295
0.81
0.495
0.81
0.695
0.21
0.595
0.11
0.495
0.01
2.61
-1.595
0.621289
2
1.67
-1.565
0.492443
1.5
1.04
-1.065
0.477598
1.2
0.035
0.7
0.970824
1
0.085
0.99
0.917878
0.5
0.675
-0.37
0.463249
0.5
0
-0.005
-0.99
-0.005
0.41
-0.825
-0.12
-0.455
1.18
-0.515
1.58
-0.225
1.23
-0.265
1.68
0.345
1.19
0.275
1.58
0.625
1.23
0.595
1.67
0.665
-0.825
1.3375
-1.82
2.3975
-1.69
2.67644
-1.61368
-0.505
0.01
-0.705
0.21
-0.505
0.81
-0.305
0.81
0.295
0.81
0.495
0.81
0.695
0.21
0.595
0.11
0.495
0.01
2.4825
-1.6275
0.621289
2
1.5675
-1.5375
0.492443
1.5
1.0025
-1.0325
0.477598
1.2
0.035
0.7
0.970824
1
0.085
0.99
0.917878
0.5
0.675
-0.37
0.463249
0.5
0
-0.005
-0.99
-0.005
0.41
-0.825
-0.12
-0.455
1.18
-0.515
1.58
-0.225
1.23
-0.265
1.68
0.345
1.19
0.275
1.58
0.625
1.23
0.595
1.67
0.695
-0.79
1.195
-1.73
2.235
-1.73
2.53302
-1.69561
-0.505
0.01
-0.705
0.21
-0.505
0.81
-0.305
0.81
0.295
0.81
0.495
0.81
0.695
0.21
0.595
0.11
0.495
0.01
2.355
-1.66
0.621289
2
1.465
-1.51
0.416173
1.5
0.965
-1
0.366197
1.2
0.035
0.7
0.970824
1
0.085
0.99
0.917878
0.5
0.675
-0.37
0.392938
0.5
0
-0.005
-0.99
-0.005
0.41
-0.825
-0.12
-0.455
1.18
-0.515
1.58
-0.225
1.23
-0.265
1.68
0.345
1.19
0.275
1.58
0.625
1.23
0.595
1.67
0.715
-0.775
1.21
-1.64
1.975
-1.81
2.25214
-1.8708
-0.505
0.01
-0.705
0.21
-0.505
0.81
-0.305
0.81
0.295
0.81
0.495
0.81
0.695
0.21
0.595
0.11
0.495
0.01
2.065
-1.825
0.621289
2
1.335
-1.435
0.416173
1.5
0.935
-0.895
0.366197
1.2
0.035
0.7
0.970824
1
0.085
0.99
0.917878
0.5
0.68
-0.305
0.392938
0.5
0
-0.005
-0.99
-0.005
0.41
-0.825
-0.12
-0.455
1.18
-0.515
1.58
-0.225
1.23
-0.265
1.68
0.345
1.19
0.275
1.58
0.625
1.23
0.595
1.67
0.735
-0.76
1.225
-1.55
1.715
-1.89
1.97126
-2.04598
-0.505
0.01
-0.705
0.21
-0.505
0.81
-0.305
0.81
0.295
0.81
0.495
0.81
0.695
0.21
0.595
0.11
0.495
0.01
1.775
-1.99
0.517397
2
1.205
-1.36
0.34176
1.5
0.905
-0.79
0.366197
1.2
0.035
0.7
0.970824
1
0.085
0.99
0.917878
0.5
0.685
-0.24
0.326956
0.5
1
2.445
-0.08
2.03199
-0.707107
-0.707107
1
0.9
0.25
0
-0.005
-0.99
-0.005
0.41
-0.825
-0.12
-0.455
1.18
-0.515
1.58
-0.225
1.23
-0.265
1.68
0.345
1.19
0.275
1.58
0.625
1.23
0.595
1.67
0.795
-0.67
1.195
-1.56
1.385
-2.01
1.51676
-2.27952
-0.505
0.01
-0.705
0.21
-0.505
0.81
-0.305
0.81
0.295
0.81
0.495
0.81
0.695
0.21
0.595
0.11
0.495
0.01
1.425
-2.14
0.517397
2
1.125
-1.42
0.34176
1.5
0.915
-0.85
0.316228
1.2
0.035
0.7
0.970824
1
0.085
0.99
0.917878
0.5
0.735
-0.28
0.326956
0.5
0
-0.005
-0.99
-0.005
0.41
-0.825
-0.12
-0.455
1.18
-0.515
1.58
-0.225
1.23
-0.265
1.68
0.345
1.19
0.275
1.58
0.625
1.23
0.595
1.67
0.845
-0.565
1.13
-1.44
1.085
-2.02
1.08159
-2.28779
-0.505
0.01
-0.705
0.21
-0.505
0.81
-0.305
0.81
0.295
0.81
0.495
0.81
0.695
0.21
0.595
0.11
0.495
0.01
1.065
-2.125
0.517397
2
1.025
-1.41
0.34176
1.5
0.91
-0.845
0.316228
1.2
0.035
0.7
0.970824
1
0.085
0.99
0.917878
0.5
0.76
-0.27
0.326956
0.5
0
-0.005
-0.99
-0.005
0.41
-0.825
-0.12
-0.455
1.18
-0.515
1.58
-0.225
1.23
-0.265
1.68
0.345
1.19
0.275
1.58
0.625
1.23
0.595
1.66
0.895
-0.46
1.065
-1.32
0.785
-2.03
0.64642
-2.29607
-0.505
0.01
-0.705
0.21
-0.505
0.81
-0.305
0.81
0.295
0.81
0.495
0.81
0.695
0.21
0.595
0.11
0.495
0.01
0.705
-2.11
0.517397
2
0.925
-1.4
0.34176
1.5
0.905
-0.84
0.316228
1.2
0.035
0.7
0.970824
1
0.085
0.99
0.917878
0.5
0.785
-0.26
0.326956
0.5
0
-0.005
-0.99
-0.005
0.41
-0.825
-0.12
-0.455
1.18
-0.515
1.58
-0.225
1.23
-0.265
1.68
0.345
1.19
0.275
1.58
0.625
1.23
0.595
1.665
0.895
-0.46
1.095
-1.38
0.41
-2.035
0.213224
-2.24708
-0.505
0.01
-0.705
0.21
-0.505
0.81
-0.305
0.81
0.295
0.81
0.495
0.81
0.695
0.21
0.595
0.11
0.495
0.01
0.33
-2.105
0.517397
2
0.745
-1.5
0.34176
1.5
0.855
-0.92
0.316228
1.2
0.035
0.7
0.970824
1
0.085
0.99
0.917878
0.5
0.8
-0.28
0.326956
0.5
0
-0.005
-0.99
-0.005
0.41
-0.825
-0.12
-0.455
1.18
-0.515
1.58
-0.225
1.23
-0.265
1.68
0.345
1.19
0.275
1.58
0.625
1.23
0.605
1.66
0.895
-0.46
1.125
-1.44
0.035
-2.04
-0.219971
-2.19808
-0.505
0.01
-0.705
0.21
-0.505
0.81
-0.305
0.81
0.295
0.81
0.495
0.81
0.695
0.21
0.595
0.11
0.495
0.01
-0.045
-2.1
0.517397
2
0.565
-1.6
0.34176
1.5
0.805
-1
0.380526
1.2
0.035
0.7
0.970824
1
0.085
0.99
0.917878
0.5
0.815
-0.3
0.382099
0.5
0
-0.005
-0.99
-0.005
0.41
-0.825
-0.12
-0.455
1.18
-0.515
1.58
-0.225
1.23
-0.265
1.68
0.345
1.19
0.275
1.58
0.625
1.23
0.6
1.665
0.895
-0.46
1.025
-1.525
-0.315
-1.99
-0.585987
-2.11272
-0.505
0.01
-0.705
0.21
-0.505
0.81
-0.305
0.81
0.295
0.81
0.495
0.81
0.695
0.21
0.595
0.11
0.495
0.01
-0.405
-2.055
0.517397
2
0.315
-1.615
0.34176
1.5
0.7
-1.045
0.380526
1.2
0.035
0.7
0.970824
1
0.085
0.99
0.917878
0.5
0.79
-0.32
0.382099
0.5
0
-0.005
-0.99
-0.005
0.41
-0.825
-0.12
-0.455
1.18
-0.515
1.58
-0.225
1.23
-0.265
1.68
0.345
1.19
0.275
1.58
0.625
1.23
0.605
1.65
0.895
-0.46
0.925
-1.61
-0.665
-1.94
-0.952002
-2.02735
-0.505
0.01
-0.705
0.21
-0.505
0.81
-0.305
0.81
0.295
0.81
0.495
0.81
0.695
0.21
0.595
0.11
0.495
0.01
-0.765
-2.01
0.517397
2
0.065
-1.63
0.420476
1.5
0.595
-1.09
0.40025
1.2
0.035
0.7
0.970824
1
0.085
0.99
0.917878
0.5
0.765
-0.34
0.420476
0.5
0
-0.005
-0.99
-0.005
0.41
-0.825
-0.12
-0.455
1.18
-0.515
1.58
-0.225
1.23
-0.265
1.68
0.345
1.19
0.275
1.58
0.625
1.23
0.6
1.66
0.895
-0.495
0.545
-1.705
-1.035
-1.8
-1.32817
-1.8337
-0.505
0.01
-0.705
0.21
-0.505
0.81
-0.305
0.81
0.295
0.81
0.495
0.81
0.695
0.21
0.595
0.11
0.495
0.01
-1.155
-1.845
0.517397
2
-0.27
-1.605
0.420476
1.5
0.36
-1.14
0.40025
1.2
0.035
0.7
0.970824
1
0.085
0.99
0.917878
0.5
0.665
-0.395
0.420476
0.5
0
-0.005
-0.99
-0.005
0.41
-0.825
-0.12
-0.455
1.18
-0.515
1.58
-0.225
1.23
-0.265
1.68
0.345
1.19
0.275
1.58
0.625
1.23
0.595
1.65
0.895
-0.53
0.165
-1.8
-1.405
-1.66
-1.70434
-1.64004
-0.505
0.01
-0.705
0.21
-0.505
0.81
-0.305
0.81
0.295
0.81
0.495
0.81
0.695
0.21
0.595
0.11
0.495
0.01
-1.545
-1.68
0.53
2
-0.605
-1.58
0.444072
1.5
0.125
-1.19
0.437379
1.2
0.035
0.7
0.970824
1
0.085
0.99
0.917878
0.5
0.565
-0.45
0.450444
0.5
0
-0.005
-0.99
-0.005
0.41
-0.825
-0.12
-0.455
1.18
-0.515
1.58
-0.225
1.23
-0.265
1.68
0.345
1.19
0.275
1.58
0.625
1.23
0.595
1.66
0.795
-0.605
0.14
-1.91
-1.595
-1.475
-1.87724
-1.39484
-0.505
0.01
-0.705
0.21
-0.505
0.81
-0.305
0.81
0.295
0.81
0.495
0.81
0.695
0.21
0.595
0.11
0.495
0.01
-1.735
-1.455
0.53
2
-0.805
-1.535
0.444072
1.5
0.05
-1.22
0.437379
1.2
0.035
0.7
0.970824
1
0.085
0.99
0.917878
0.5
0.555
-0.455
0.450444
0.5
0
-0.005
-0.99
-0.005
0.41
-0.825
-0.12
-0.455
1.18
-0.515
1.58
-0.225
1.23
-0.265
1.68
0.345
1.19
0.275
1.58
0.625
1.23
0.585
1.66
0.695
-0.68
0.115
-2.02
-1.785
-1.29
-2.05014
-1.14963
-0.505
0.01
-0.705
0.21
-0.505
0.81
-0.305
0.81
0.295
0.81
0.495
0.81
0.695
0.21
0.595
0.11
0.495
0.01
-1.925
-1.23
0.53
2
-1.005
-1.49
0.493356
1.5
-0.025
-1.25
0.530094
1.2
0.035
0.7
0.970824
1
0.085
0.99
0.917878
0.5
0.545
-0.46
0.510098
0.5
0
-0.005
-0.99
-0.005
0.41
-0.825
-0.12
-0.455
1.18
-0.515
1.58
-0.225
1.23
-0.265
1.68
0.345
1.19
0.275
1.58
0.625
1.23
0.585
1.66
0.815
-0.905
-0.32
-2.22
-1.8
-1.035
-2.00066
-0.831161
-0.505
0.01
-0.705
0.21
-0.505
0.81
-0.305
0.81
0.295
0.81
0.495
0.81
0.695
0.21
0.595
0.11
0.495
0.01
-1.885
-0.965
0.53
2
-1.04
-1.425
0.493356
1.5
-0.06
-1.295
0.530094
1.2
0.035
0.7
0.970824
1
0.085
0.99
0.917878
0.5
0.565
-0.53
0.510098
0.5
0
-0.005
-0.99
-0.005
0.41
-0.825
-0.12
-0.455
1.18
-0.515
1.58
-0.225
1.23
-0.265
1.68
0.345
1.19
0.275
1.58
0.625
1.23
0.585
1.66
0.935
-1.13
-0.755
-2.42
-1.815
-0.78
-1.95118
-0.512688
-0.505
0.01
-0.705
0.21
-0.505
0.81
-0.305
0.81
0.295
0.81
0.495
0.81
0.695
0.21
0.595
0.11
0.495
0.01
-1.845
-0.7
0.53
2
-1.075
-1.36
0.493356
1.5
-0.095
-1.34
0.530094
1.2
0.035
0.7
0.970824
1
0.085
0.99
0.917878
0.5
0.585
-0.6
0.510098
0.5
0
-0.005
-0.99
-0.005
0.41
-0.825
-0.12
-0.455
1.18
-0.515
1.58
-0.225
1.23
-0.265
1.68
0.345
1.19
0.275
1.58
0.625
1.23
0.585
1.66
0.905
-1.055
-0.55
-2.3
-1.63
-0.98
-1.78573
-0.724614
-0.505
0.01
-0.705
0.21
-0.505
0.81
-0.305
0.81
0.295
0.81
0.495
0.81
0.695
0.21
0.595
0.11
0.495
0.01
-1.675
-0.925
0.53
2
-0.84
-1.455
0.493356
1.5
0.06
-1.24
0.530094
1.2
0.035
0.7
0.970824
1
0.085
0.99
0.917878
0.5
0.61
-0.47
0.510098
0.5
0
-0.005
-0.99
-0.005
0.41
-0.825
-0.12
-0.455
1.18
-0.515
1.58
-0.225
1.23
-0.265
1.68
0.345
1.19
0.275
1.58
0.625
1.23
0.585
1.66
0.875
-0.98
-0.345
-2.18
-1.445
-1.18
-1.62029
-0.93654
-0.505
0.01
-0.705
0.21
-0.505
0.81
-0.305
0.81
0.295
0.81
0.495
0.81
0.695
0.21
0.595
0.11
0.495
0.01
-1.505
-1.15
0.53
2
-0.605
-1.55
0.493356
1.5
0.215
-1.14
0.530094
1.2
0.035
0.7
0.970824
1
0.085
0.99
0.917878
0.5
0.635
-0.34
0.510098
0.5
0
-0.005
-0.99
-0.005
0.41
-0.825
-0.12
-0.455
1.18
-0.515
1.58
-0.225
1.23
-0.265
1.68
0.345
1.19
0.275
1.58
0.625
1.23
0.585
1.66
0.84
-0.95
-0.2
-1.96
-1.19
-1.345
-1.41395
-1.16064
-0.505
0.01
-0.705
0.21
-0.505
0.81
-0.305
0.81
0.295
0.81
0.495
0.81
0.695
0.21
0.595
0.11
0.495
0.01
-1.255
-1.315
0.53
2
-0.37
-1.47
0.493356
1.5
0.31
-1.045
0.530094
1.2
0.035
0.7
0.970824
1
0.085
0.99
0.917878
0.5
0.64
-0.34
0.510098
0.5
0
-0.005
-0.99
-0.005
0.41
-0.825
-0.12
-0.455
1.18
-0.515
1.58
-0.225
1.23
-0.265
1.68
0.345
1.19
0.275
1.58
0.625
1.23
0.595
1.66
0.805
-0.92
-0.055
-1.74
-0.935
-1.51
-1.2076
-1.38475
-0.505
0.01
-0.705
0.21
-0.505
0.81
-0.305
0.81
0.295
0.81
0.495
0.81
0.695
0.21
0.595
0.11
0.495
0.01
-1.005
-1.48
0.53
2
-0.135
-1.39
0.401995
1.5
0.405
-0.95
0.361248
1.2
0.035
0.7
0.970824
1
0.085
0.99
0.917878
0.5
0.645
-0.34
0.362353
0.5
0
-0.005
-0.99
-0.005
0.41
-0.825
-0.12
-0.455
1.18
-0.515
1.58
-0.225
1.23
-0.265
1.68
0.345
1.19
0.275
1.58
0.625
1.23
0.595
1.66
0.805
-0.92
0.07
-1.745
-0.66
-1.695
-0.945754
-1.61956
-0.505
0.01
-0.705
0.21
-0.505
0.81
-0.305
0.81
0.295
0.81
0.495
0.81
0.695
0.21
0.595
0.11
0.495
0.01
-0.745
-1.675
0.53
2
0.035
-1.44
0.401995
1.5
0.465
-0.94
0.361248
1.2
0.035
0.7
0.970824
1
0.085
0.99
0.917878
0.5
0.64
-0.32
0.362353
0.5
0
-0.005
-0.99
-0.005
0.41
-0.825
-0.12
-0.455
1.18
-0.515
1.58
-0.225
1.23
-0.265
1.68
0.345
1.19
0.275
1.58
0.625
1.23
0.595
1.66
0.805
-0.92
0.195
-1.75
-0.385
-1.88
-0.683904
-1.85438
-0.505
0.01
-0.705
0.21
-0.505
0.81
-0.305
0.81
0.295
0.81
0.495
0.81
0.695
0.21
0.595
0.11
0.495
0.01
-0.485
-1.87
0.53
2
0.205
-1.49
0.401995
1.5
0.525
-0.93
0.361248
1.2
0.035
0.7
0.970824
1
0.085
0.99
0.917878
0.5
0.635
-0.3
0.362353
0.5
0
-0.005
-0.99
-0.005
0.41
-0.825
-0.12
-0.455
1.18
-0.515
1.58
-0.225
1.23
-0.265
1.68
0.345
1.19
0.275
1.58
0.625
1.23
0.595
1.66
0.805
-0.92
0.35
-1.745
0.00500001
-1.935
-0.231997
-2.04399
-0.505
0.01
-0.705
0.21
-0.505
0.81
-0.305
0.81
0.295
0.81
0.495
0.81
0.695
0.21
0.595
0.11
0.495
0.01
-0.105
-2.015
0.53
2
0.375
-1.475
0.401995
1.5
0.6
-0.885
0.361248
1.2
0.035
0.7
0.970824
1
0.085
0.99
0.917878
0.5
0.635
-0.3
0.362353
0.5
0
-0.005
-0.99
-0.005
0.41
-0.825
-0.12
-0.455
1.18
-0.515
1.58
-0.225
1.23
-0.265
1.68
0.345
1.19
0.275
1.58
0.625
1.23
0.595
1.66
0.805
-0.92
0.505
-1.74
0.395
-1.99
0.219909
-2.2336
-0.505
0.01
-0.705
0.21
-0.505
0.81
-0.305
0.81
0.295
0.81
0.495
0.81
0.695
0.21
0.595
0.11
0.495
0.01
0.275
-2.16
0.53
2
0.545
-1.46
0.401995
1.5
0.675
-0.84
0.361248
1.2
0.035
0.7
0.970824
1
0.085
0.99
0.917878
0.5
0.635
-0.3
0.362353
0.5
0
-0.005
-0.99
-0.005
0.41
-0.825
-0.12
-0.455
1.18
-0.515
1.58
-0.225
1.23
-0.265
1.68
0.345
1.19
0.275
1.58
0.625
1.23
0.595
1.66
0.645
-0.97
0.355
-1.71
0.625
-2.06
0.775
-2.28
-0.505
0.01
-0.705
0.21
-0.505
0.81
-0.305
0.81
0.295
0.81
0.495
0.81
0.695
0.21
0.595
0.11
0.495
0.01
0.675
-2.1
0.53
2
0.545
-1.46
0.401995
1.5
0.675
-0.84
0.361248
1.2
0.035
0.7
0.970824
1
0.085
0.99
0.917878
0.5
0.635
-0.3
0.362353
0.5
0
-0.005
-0.99
-0.005
0.41
-0.825
-0.12
-0.455
1.18
-0.515
1.58
-0.225
1.23
-0.265
1.68
0.345
1.19
0.275
1.58
0.625
1.23
0.595
1.665
0.6875
-0.615
0.6725
-1.38
0.9325
-1.835
1.20292
-1.9649
-0.505
0.01
-0.705
0.21
-0.505
0.81
-0.305
0.81
0.295
0.81
0.495
0.81
0.695
0.21
0.595
0.11
0.495
0.01
1.015
-1.845
0.53
2
0.735
-1.17
0.401995
1.5
0.695
-0.52
0.361248
1.2
0.015
0.555
0.970824
1
-0.125
1.185
0.917878
0.5
0.555
0.545
0.362353
0.5
0
-0.005
-0.99
-0.005
0.41
-0.825
-0.12
-0.455
1.18
-0.515
1.58
-0.225
1.23
-0.265
1.68
0.345
1.19
0.275
1.58
0.625
1.23
0.595
1.67
0.73
-0.26
0.99
-1.05
1.24
-1.61
1.53994
-1.60412
-0.505
0.01
-0.705
0.21
-0.505
0.81
-0.305
0.81
0.295
0.81
0.495
0.81
0.695
0.21
0.595
0.11
0.495
0.01
1.355
-1.59
0.456946
2
0.925
-0.88
0.39
1.5
0.715
-0.2
0.358469
1.2
-0.005
0.41
0.7
1
-0.335
1.38
0.411461
0.5
0.475
1.39
0.404969
0.5
0
