35
10
15
9
6
-0.005
-0.99
-0.005
0.41
-0.875
-0.09
-0.415
0.96
-0.705
1.17
-0.155
0.96
-0.444021
1.24375
0.445
0.98
0.125
1.2
0.715
0.98
0.375
1.26
0.475
-0.63
0.445
-1.29
1.145
-1.52
1.44494
-1.51412
-0.505
0.01
-0.705
0.21
-0.505
0.81
-0.305
0.81
0.295
0.81
0.495
0.81
0.695
0.21
0.595
0.11
0.495
0.01
1.355
-1.59
0.456946
2
0.925
-0.88
0.39
1.5
0.715
-0.2
0.358469
1.2
-0.005
0.41
0.7
1
-0.335
1.38
0.411461
0.5
0.475
1.39
0.404969
0.5
0
-0.135366
-0.772706
-0.005
0.41
-0.930087
0.0516663
-0.323304
1.00889
-0.575257
1.25754
-0.0692194
0.969952
-0.309171
1.29053
0.605
0.86
0.625
1.04
0.795
0.765
0.8
0.95
0.308329
-0.678225
0.18017
-1.31872
0.8298
-1.64832
1.1238
-1.68749
-0.553529
0.0939801
-0.719027
0.319382
-0.433721
0.87578
-0.238271
0.845828
0.348079
0.755972
0.543529
0.72602
0.649123
0.109718
0.536422
0.0269691
0.423721
-0.0557799
0.99
-1.695
0.456946
2
0.55
-1.005
0.39
1.5
0.52
-0.275
0.358469
1.2
-0.005
0.41
0.7
1
-0.27
1.265
0.411461
0.5
0.695
1.055
0.404969
0.5
0
-0.265732
-0.555411
-0.005
0.41
-0.985174
0.193333
-0.231609
1.05778
-0.445514
1.34508
0.0165613
0.979904
-0.17432
1.33731
0.765
0.74
1.125
0.88
0.875
0.55
1.225
0.64
0.141659
-0.726449
-0.0846592
-1.34743
0.514601
-1.77663
0.802654
-1.86086
-0.602057
0.17796
-0.733053
0.428764
-0.362442
0.94156
-0.171542
0.881656
0.401158
0.701944
0.592057
0.64204
0.603246
0.0094361
0.477843
-0.0560619
0.352442
-0.12156
0.625
-1.8
0.514781
2
0.175
-1.13
0.463897
1.5
0.325
-0.35
0.392046
1.2
-0.005
0.41
0.7
1
-0.205
1.15
0.411461
0.5
0.915
0.72
0.404969
0.5
0
-0.355
-0.52
-0.005
0.41
-1.00346
0.305107
-0.157218
1.07926
-0.337422
1.38887
0.0806289
0.973917
-0.0687974
1.35059
0.985
0.55
1.485
0.53
1.015
0.35
1.49694
0.336685
0.012717
-0.735874
-0.282144
-1.32748
0.265022
-1.82151
0.541788
-1.93766
-0.624469
0.24667
-0.726393
0.510665
-0.300327
0.978508
-0.117368
0.897472
0.43151
0.654365
0.614469
0.57333
0.554322
-0.056584
0.422324
-0.107546
0.290327
-0.158508
0.372099
-1.85717
0.514781
2
0.000388152
-1.14066
0.463897
1.5
0.237322
-0.38243
0.392046
1.2
-0.005
0.41
0.7
1
-0.120387
1.16791
0.411461
0.5
1.145
0.46
0.430116
0.5
0
-0.420292
-0.499688
-0.005
0.41
-1.00883
0.387453
-0.101756
1.08959
-0.255945
1.41299
0.126667
0.965052
0.00866291
1.35278
0.943256
0.275873
1.485
0.02
0.925
0.06
1.495
-0.24
-0.0814536
-0.733607
-0.423948
-1.29908
0.0808664
-1.83644
0.347194
-1.97494
-0.635872
0.298079
-0.715782
0.569588
-0.252675
1.00092
-0.0769656
0.905118
0.450163
0.61772
0.625872
0.521921
0.514184
-0.101007
0.378429
-0.140962
0.242675
-0.180917
0.184667
-1.88078
0.514781
2
-0.126989
-1.13607
0.463897
1.5
0.171451
-0.399758
0.392046
1.2
-0.005
0.41
0.7
1
-0.0577631
1.17493
0.411461
0.5
1.14537
0.365386
0.430116
0.5
0
-0.273156
-0.553375
-0.005
0.41
-0.991492
0.22145
-0.213034
1.06435
-0.418713
1.35782
0.0329245
0.979343
-0.147715
1.34226
0.977342
0.496287
1.685
0.41
1.015
0.22
1.6953
0.15504
0.109048
-0.730771
-0.13512
-1.34532
0.451877
-1.79176
0.737541
-1.88427
-0.608778
0.195078
-0.732586
0.449667
-0.347217
0.951876
-0.158018
0.886483
0.409579
0.690312
0.598778
0.624922
0.591806
-0.00806513
0.464511
-0.0699698
0.337217
-0.131874
0.561616
-1.8183
0.514781
2
0.130807
-1.13532
0.463897
1.5
0.303214
-0.359549
0.392046
1.2
-0.005
0.41
0.7
1
-0.183775
1.15582
0.411461
0.5
1.13717
0.556576
0.430116
0.5
1
1.715
0.38
0.650077
0
1
0.2
0.2
1
0
-0.282337
-0.550773
-0.005
0.41
-0.990635
0.21442
-0.217737
1.0632
-0.425579
1.35537
0.0289367
0.979882
-0.154343
1.34171
1.00675
0.728917
1.69264
0.932385
1.095
0.42
1.79137
0.615606
0.117128
-0.730512
-0.122832
-1.34707
0.467586
-1.7896
0.754037
-1.88013
-0.607553
0.190727
-0.733212
0.444567
-0.351192
0.949727
-0.161443
0.885634
0.407804
0.693362
0.597553
0.629273
0.595032
-0.00406492
0.468111
-0.0668948
0.341192
-0.129724
0.577564
-1.81538
0.514781
2
0.141744
-1.1351
0.463897
1.5
0.308775
-0.357747
0.392046
1.2
-0.005
0.41
0.7
1
-0.189108
1.15492
0.411461
0.5
1.235
0.63
0.560892
0.5
1
1.665
0.73
0.652534
0
1
0.2
0.2
1
0
-0.255
-0.53
-0.005
0.41
-0.986959
0.196541
-0.229576
1.05925
-0.442698
1.34761
0.0185809
0.980428
-0.171248
1.33888
0.995361
0.793784
1.615
1.14
1.125
0.5
1.735
0.81
0.13783
-0.728151
-0.090901
-1.34899
0.507482
-1.78074
0.795541
-1.86606
-0.603495
0.17981
-0.733749
0.431335
-0.360953
0.943371
-0.170063
0.882733
0.402606
0.700825
0.593495
0.64019
0.602478
0.00688609
0.476715
-0.0582414
0.350953
-0.123368
0.617914
-1.80452
0.514781
2
0.169792
-1.13224
0.463897
1.5
0.322682
-0.351951
0.392046
1.2
-0.005
0.41
0.7
1
-0.202616
1.15148
0.411461
0.5
1.23085
0.652497
0.560892
0.5
0
-0.255
-0.53
-0.005
0.41
-0.986959
0.196541
-0.229576
1.05925
-0.442698
1.34761
0.0185809
0.980428
-0.171248
1.33888
0.989595
0.817614
1.5875
1.2025
1.1225
0.525
1.715
0.87
0.13783
-0.728151
-0.090901
-1.34899
0.507482
-1.78074
0.795541
-1.86606
-0.603495
0.17981
-0.733749
0.431335
-0.360953
0.943371
-0.170063
0.882733
0.402606
0.700825
0.593495
0.64019
0.602478
0.00688609
0.476715
-0.0582414
0.350953
-0.123368
0.617914
-1.80452
0.514781
2
0.169792
-1.13224
0.463897
1.5
0.322682
-0.351951
0.392046
1.2
-0.005
0.41
0.7
1
-0.202616
1.15148
0.411461
0.5
1.21439
0.726872
0.560892
0.5
0
-0.255
-0.53
-0.005
0.41
-0.986959
0.196541
-0.229576
1.05925
-0.442698
1.34761
0.0185809
0.980428
-0.171248
1.33888
0.98383
0.841445
1.56
1.265
1.12
0.55
1.695
0.93
0.13783
-0.728151
-0.090901
-1.34899
0.507482
-1.78074
0.795541
-1.86606
-0.603495
0.17981
-0.733749
0.431335
-0.360953
0.943371
-0.170063
0.882733
0.402606
0.700825
0.593495
0.64019
0.602478
0.00688609
0.476715
-0.0582414
0.350953
-0.123368
0.617914
-1.80452
0.514781
2
0.169792
-1.13224
0.463897
1.5
0.322682
-0.351951
0.392046
1.2
-0.005
0.41
0.7
1
-0.202616
1.15148
0.411461
0.5
1.19792
0.801248
0.560892
0.5
0
-0.255
-0.53
-0.005
0.41
-0.986959
0.196541
-0.229576
1.05925
-0.442698
1.34761
0.0185809
0.980428
-0.171248
1.33888
0.978064
0.865276
1.5325
1.3275
1.1175
0.575
1.675
0.99
0.13783
-0.728151
-0.090901
-1.34899
0.507482
-1.78074
0.795541
-1.86606
-0.603495
0.17981
-0.733749
0.431335
-0.360953
0.943371
-0.170063
0.882733
0.402606
0.700825
0.593495
0.64019
0.602478
0.00688609
0.476715
-0.0582414
0.350953
-0.123368
0.617914
-1.80452
0.514781
2
0.169792
-1.13224
0.463897
1.5
0.322682
-0.351951
0.392046
1.2
-0.005
0.41
0.7
1
-0.202616
1.15148
0.411461
0.5
1.18146
0.875624
0.560892
0.5
0
-0.255
-0.53
-0.005
0.41
-0.986959
0.196541
-0.229576
1.05925
-0.442698
1.34761
0.0185809
0.980428
-0.171248
1.33888
0.972298
0.889107
1.505
1.39
1.115
0.6
1.655
1.05
0.13783
-0.728151
-0.090901
-1.34899
0.507482
-1.78074
0.795541
-1.86606
-0.603495
0.17981
-0.733749
0.431335
-0.360953
0.943371
-0.170063
0.882733
0.402606
0.700825
0.593495
0.64019
0.602478
0.00688609
0.476715
-0.0582414
0.350953
-0.123368
0.617914
-1.80452
0.514781
2
0.169792
-1.13224
0.463897
1.5
0.322682
-0.351951
0.392046
1.2
-0.005
0.41
0.7
1
-0.202616
1.15148
0.411461
0.5
1.165
0.95
0.560892
0.5
0
-0.255
-0.53
-0.005
0.41
-0.986959
0.196541
-0.229576
1.05925
-0.442698
1.34761
0.0185809
0.980428
-0.171248
1.33888
0.972298
0.889107
1.46
1.41
1.115
0.6
1.615
1.0725
0.13783
-0.728151
-0.090901
-1.34899
0.507482
-1.78074
0.795541
-1.86606
-0.603495
0.17981
-0.733749
0.431335
-0.360953
0.943371
-0.170063
0.882733
0.402606
0.700825
0.593495
0.64019
0.602478
0.00688609
0.476715
-0.0582414
0.350953
-0.123368
0.617914
-1.80452
0.514781
2
0.169792
-1.13224
0.463897
1.5
0.322682
-0.351951
0.392046
1.2
-0.005
0.41
0.7
1
-0.202616
1.15148
0.411461
0.5
1.15
0.96
0.560892
0.5
0
-0.255
-0.53
-0.005
0.41
-0.986959
0.196541
-0.229576
1.05925
-0.442698
1.34761
0.0185809
0.980428
-0.171248
1.33888
0.972298
0.889107
1.415
1.43
1.115
0.6
1.575
1.095
0.13783
-0.728151
-0.090901
-1.34899
0.507482
-1.78074
0.795541
-1.86606
-0.603495
0.17981
-0.733749
0.431335
-0.360953
0.943371
-0.170063
0.882733
0.402606
0.700825
0.593495
0.64019
0.602478
0.00688609
0.476715
-0.0582414
0.350953
-0.123368
0.617914
-1.80452
0.514781
2
0.169792
-1.13224
0.463897
1.5
0.322682
-0.351951
0.392046
1.2
-0.005
0.41
0.7
1
-0.202616
1.15148
0.411461
0.5
1.135
0.97
0.560892
0.5
0
-0.255
-0.53
-0.005
0.41
-0.986959
0.196541
-0.229576
1.05925
-0.442698
1.34761
0.0185809
0.980428
-0.171248
1.33888
0.972298
0.889107
1.37
1.45
1.115
0.6
1.535
1.1175
0.13783
-0.728151
-0.090901
-1.34899
0.507482
-1.78074
0.795541
-1.86606
-0.603495
0.17981
-0.733749
0.431335
-0.360953
0.943371
-0.170063
0.882733
0.402606
0.700825
0.593495
0.64019
0.602478
0.00688609
0.476715
-0.0582414
0.350953
-0.123368
0.617914
-1.80452
0.514781
2
0.169792
-1.13224
0.463897
1.5
0.322682
-0.351951
0.392046
1.2
-0.005
0.41
0.7
1
-0.202616
1.15148
0.411461
0.5
1.12
0.98
0.560892
0.5
0
-0.255
-0.53
-0.005
0.41
-0.986959
0.196541
-0.229576
1.05925
-0.442698
1.34761
0.0185809
0.980428
-0.171248
1.33888
0.972298
0.889107
1.325
1.47
1.115
0.6
1.495
1.14
0.13783
-0.728151
-0.090901
-1.34899
0.507482
-1.78074
0.795541
-1.86606
-0.603495
0.17981
-0.733749
0.431335
-0.360953
0.943371
-0.170063
0.882733
0.402606
0.700825
0.593495
0.64019
0.602478
0.00688609
0.476715
-0.0582414
0.350953
-0.123368
0.617914
-1.80452
0.514781
2
0.169792
-1.13224
0.463897
1.5
0.322682
-0.351951
0.392046
1.2
-0.005
0.41
0.7
1
-0.202616
1.15148
0.411461
0.5
1.105
0.99
0.560892
0.5
0
-0.255
-0.53
-0.005
0.41
-0.986959
0.196541
-0.229576
1.05925
-0.442698
1.34761
0.0185809
0.980428
-0.171248
1.33888
0.942974
0.88433
1.29
1.485
1.1025
0.63
1.4625
1.1825
0.13783
-0.728151
-0.090901
-1.34899
0.507482
-1.78074
0.795541
-1.86606
-0.603495
0.17981
-0.733749
0.431335
-0.360953
0.943371
-0.170063
0.882733
0.402606
0.700825
0.593495
0.64019
0.602478
0.00688609
0.476715
-0.0582414
0.350953
-0.123368
0.617914
-1.80452
0.514781
2
0.169792
-1.13224
0.463897
1.5
0.322682
-0.351951
0.392046
1.2
-0.005
0.41
0.7
1
-0.202616
1.15148
0.411461
0.5
1.095
1.0125
0.560892
0.5
0
-0.255
-0.53
-0.005
0.41
-0.986959
0.196541
-0.229576
1.05925
-0.442698
1.34761
0.0185809
0.980428
-0.171248
1.33888
0.913649
0.879554
1.255
1.5
1.09
0.66
1.43
1.225
0.13783
-0.728151
-0.090901
-1.34899
0.507482
-1.78074
0.795541
-1.86606
-0.603495
0.17981
-0.733749
0.431335
-0.360953
0.943371
-0.170063
0.882733
0.402606
0.700825
0.593495
0.64019
0.602478
0.00688609
0.476715
-0.0582414
0.350953
-0.123368
0.617914
-1.80452
0.514781
2
0.169792
-1.13224
0.463897
1.5
0.322682
-0.351951
0.392046
1.2
-0.005
0.41
0.7
1
-0.202616
1.15148
0.411461
0.5
1.085
1.035
0.560892
0.5
0
-0.255
-0.53
-0.005
0.41
-0.986959
0.196541
-0.229576
1.05925
-0.442698
1.34761
0.0185809
0.980428
-0.171248
1.33888
0.855
0.87
1.185
1.53
1.065
0.72
1.365
1.31
0.13783
-0.728151
-0.090901
-1.34899
0.507482
-1.78074
0.795541
-1.86606
-0.603495
0.17981
-0.733749
0.431335
-0.360953
0.943371
-0.170063
0.882733
0.402606
0.700825
0.593495
0.64019
0.602478
0.00688609
0.476715
-0.0582414
0.350953
-0.123368
0.617914
-1.80452
0.514781
2
0.169792
-1.13224
0.463897
1.5
0.322682
-0.351951
0.392046
1.2
-0.005
0.41
0.7
1
-0.202616
1.15148
0.411461
0.5
1.065
1.08
0.560892
0.5
0
-0.255
-0.53
-0.005
0.41
-0.986959
0.196541
-0.229576
1.05925
-0.442698
1.34761
0.0185809
0.980428
-0.171248
1.33888
0.805
0.87
1.105
1.51
1.02
0.745
1.29
1.32
0.13783
-0.728151
-0.090901
-1.34899
0.507482
-1.78074
0.795541
-1.86606
-0.603495
0.17981
-0.733749
0.431335
-0.360953
0.943371
-0.170063
0.882733
0.402606
0.700825
0.593495
0.64019
0.602478
0.00688609
0.476715
-0.0582414
0.350953
-0.123368
0.617914
-1.80452
0.514781
2
0.169792
-1.13224
0.463897
1.5
0.322682
-0.351951
0.392046
1.2
-0.005
0.41
0.7
1
-0.202616
1.15148
0.411461
0.5
0.98
1.105
0.560892
0.5
0
-0.255
-0.53
-0.005
0.41
-0.986959
0.196541
-0.229576
1.05925
-0.442698
1.34761
0.0185809
0.980428
-0.171248
1.33888
0.755
0.87
1.025
1.49
0.975
0.77
1.215
1.33
0.13783
-0.728151
-0.090901
-1.34899
0.507482
-1.78074
0.795541
-1.86606
-0.603495
0.17981
-0.733749
0.431335
-0.360953
0.943371
-0.170063
0.882733
0.402606
0.700825
0.593495
0.64019
0.602478
0.00688609
0.476715
-0.0582414
0.350953
-0.123368
0.617914
-1.80452
0.514781
2
0.169792
-1.13224
0.463897
1.5
0.322682
-0.351951
0.392046
1.2
-0.005
0.41
0.7
1
-0.202616
1.15148
0.411461
0.5
0.895
1.13
0.560892
0.5
0
-0.255
-0.53
-0.005
0.41
-0.986959
0.196541
-0.229576
1.05925
-0.442698
1.34761
0.0185809
0.980428
-0.171248
1.33888
0.695
0.845
0.96
1.395
0.93
0.75
1.17
1.275
0.13783
-0.728151
-0.090901
-1.34899
0.507482
-1.78074
0.795541
-1.86606
-0.603495
0.17981
-0.733749
0.431335
-0.360953
0.943371
-0.170063
0.882733
0.402606
0.700825
0.593495
0.64019
0.602478
0.00688609
0.476715
-0.0582414
0.350953
-0.123368
0.617914
-1.80452
0.514781
2
0.169792
-1.13224
0.463897
1.5
0.322682
-0.351951
0.392046
1.2
-0.005
0.41
0.7
1
-0.202616
1.15148
0.411461
0.5
0.845
1.08
0.560892
0.5
0
-0.255
-0.53
-0.005
0.41
-0.986959
0.196541
-0.229576
1.05925
-0.442698
1.34761
0.0185809
0.980428
-0.171248
1.33888
0.635
0.82
0.895
1.3
0.885
0.73
1.125
1.22
0.13783
-0.728151
-0.090901
-1.34899
0.507482
-1.78074
0.795541
-1.86606
-0.603495
0.17981
-0.733749
0.431335
-0.360953
0.943371
-0.170063
0.882733
0.402606
0.700825
0.593495
0.64019
0.602478
0.00688609
0.476715
-0.0582414
0.350953
-0.123368
0.617914
-1.80452
0.514781
2
0.169792
-1.13224
0.463897
1.5
0.322682
-0.351951
0.392046
1.2
-0.005
0.41
0.7
1
-0.202616
1.15148
0.411461
0.5
0.795
1.03
0.452217
0.5
0
-0.215
-0.515
-0.005
0.41
-0.976675
0.156881
-0.255663
1.04905
-0.480189
1.32826
-0.00469652
0.980466
-0.208822
1.3306
0.617262
0.84541
0.785
1.265
0.870524
0.765741
1.04
1.195
0.183967
-0.720491
-0.0191007
-1.34965
0.595904
-1.75632
0.886973
-1.82976
-0.593149
0.155799
-0.733439
0.401611
-0.382107
0.928007
-0.189055
0.875243
0.390098
0.716961
0.583149
0.664201
0.617919
0.0322867
0.495012
-0.0378591
0.372107
-0.108004
0.707126
-1.77556
0.514781
2
0.23234
-1.12263
0.463897
1.5
0.353194
-0.337369
0.392046
1.2
-0.005
0.41
0.7
1
-0.232504
1.14223
0.411461
0.5
0.78
1.025
0.452217
0.5
0
-0.195
-0.5075
-0.005
0.41
-0.971533
0.137051
-0.268707
1.04396
-0.498934
1.31859
-0.0163352
0.980485
-0.227608
1.32646
0.608392
0.858116
0.73
1.2475
0.863286
0.783612
0.9975
1.1825
0.207036
-0.716661
0.0167995
-1.34997
0.640114
-1.74411
0.932689
-1.81162
-0.587976
0.143794
-0.733284
0.386749
-0.392684
0.920325
-0.198552
0.871499
0.383844
0.725029
0.577976
0.676206
0.625639
0.0449871
0.504161
-0.0276679
0.382683
-0.100322
0.751732
-1.76108
0.514781
2
0.263614
-1.11782
0.463897
1.5
0.36845
-0.330078
0.392046
1.2
-0.005
0.41
0.7
1
-0.247448
1.1376
0.411461
0.5
0.7725
1.0225
0.452217
0.5
0
-0.175
-0.5
-0.005
0.41
-0.96639
0.117221
-0.28175
1.03886
-0.517679
1.30891
-0.0279739
0.980504
-0.246395
1.32233
0.599523
0.870821
0.675
1.23
0.856048
0.801482
0.955
1.17
0.230105
-0.712831
0.0526996
-1.3503
0.684325
-1.7319
0.978405
-1.79347
-0.582803
0.131789
-0.73313
0.371887
-0.403261
0.912643
-0.208048
0.867754
0.377591
0.733096
0.572803
0.688211
0.633359
0.0576874
0.513309
-0.0174767
0.39326
-0.0926401
0.796338
-1.7466
0.514781
2
0.294888
-1.11301
0.463897
1.5
0.383706
-0.322787
0.392046
1.2
-0.005
0.41
0.7
1
-0.262392
1.13298
0.411461
0.5
0.765
1.02
0.452217
0.5
0
-0.155
-0.49
-0.005
0.41
-0.958794
0.0956972
-0.295745
1.03195
-0.537567
1.29639
-0.0408961
0.979418
-0.266857
1.31594
0.593392
0.870616
0.6075
1.21
0.840786
0.806112
0.8925
1.1625
0.255349
-0.706383
0.0925842
-1.34725
0.732242
-1.71413
1.02743
-1.76897
-0.575917
0.118954
-0.731543
0.355404
-0.414271
0.903108
-0.218233
0.862693
0.36988
0.741457
0.565918
0.701046
0.64072
0.0725213
0.522495
-0.00529222
0.40427
-0.083105
0.844478
-1.72628
0.514781
2
0.329149
-1.1047
0.463897
1.5
0.399947
-0.31324
0.392046
1.2
-0.005
0.41
0.7
1
-0.278542
1.12642
0.411461
0.5
0.7325
1.0175
0.452217
0.5
0
-0.135
-0.48
-0.005
0.41
-0.951197
0.0741733
-0.309739
1.02505
-0.557455
1.28386
-0.0538182
0.978331
-0.287318
1.30956
0.587262
0.870411
0.54
1.19
0.825524
0.810741
0.83
1.155
0.280593
-0.699935
0.132469
-1.34419
0.780159
-1.69637
1.07645
-1.74447
-0.569032
0.10612
-0.729956
0.33892
-0.425281
0.893573
-0.228418
0.857632
0.36217
0.749818
0.559032
0.713881
0.648081
0.0873552
0.53168
0.00689226
0.415281
-0.07357
0.892617
-1.70596
0.514781
2
0.363409
-1.09638
0.463897
1.5
0.416189
-0.303694
0.392046
1.2
-0.005
0.41
0.7
1
-0.294691
1.11986
0.411461
0.5
0.7
1.015
0.452217
0.5
0
-0.115
-0.47
-0.005
0.41
-0.943601
0.0526494
-0.323734
1.01815
-0.577344
1.27134
-0.0667403
0.977244
-0.30778
1.30318
0.581131
0.870205
0.4725
1.17
0.810262
0.815371
0.7675
1.1475
0.305837
-0.693487
0.172353
-1.34114
0.828076
-1.6786
1.12547
-1.71997
-0.562146
0.0932849
-0.728369
0.322436
-0.436291
0.884038
-0.238603
0.852571
0.354459
0.758178
0.552146
0.726715
0.655442
0.102189
0.540866
0.0190767
0.426291
-0.0640349
0.940756
-1.68564
0.514781
2
0.397669
-1.08807
0.463897
1.5
0.432431
-0.294148
0.392046
1.2
-0.005
0.41
0.7
1
-0.31084
1.11331
0.411461
0.5
0.6675
1.0125
0.452217
0.5
0
-0.095
-0.46
-0.005
0.41
-0.936004
0.0311254
-0.337728
1.01124
-0.597232
1.25882
-0.0796625
0.976157
-0.328242
1.2968
0.575
0.87
0.405
1.15
0.795
0.82
0.705
1.14
0.331082
-0.687039
0.212238
-1.33808
0.875992
-1.66084
1.17449
-1.69547
-0.555261
0.0804502
-0.726783
0.305953
-0.447301
0.874503
-0.248789
0.84751
0.346748
0.766539
0.545261
0.73955
0.662803
0.117023
0.550051
0.0312612
0.437301
-0.0544998
0.988896
-1.66532
0.514781
2
0.431929
-1.07975
0.463897
1.5
0.448672
-0.284601
0.392046
1.2
-0.005
0.41
0.7
1
-0.32699
1.10675
0.411461
0.5
0.635
1.01
0.380694
0.5
0
-0.08375
-0.52625
-0.005
0.41
-0.928379
0.0159847
-0.347387
1.00484
-0.610703
1.24771
-0.0890797
0.974137
-0.342714
1.29017
0.55875
0.88375
0.37
1.15625
0.785
0.84
0.665
1.15375
0.349071
-0.679909
0.241333
-1.33207
0.909618
-1.64323
1.2083
-1.6728
-0.548978
0.071644
-0.72406
0.293959
-0.454514
0.86644
-0.255815
0.842821
0.34028
0.771972
0.538978
0.748356
0.666828
0.128645
0.55567
0.0411036
0.444513
-0.0464373
1.03466
-1.6559
0.514781
2
0.493563
-1.05478
0.463897
1.5
0.481963
-0.274026
0.392046
1.2
-0.005
0.41
0.7
1
-0.327991
1.14091
0.411461
0.5
0.615
1.0575
0.380694
0.5
0
-0.0725
-0.5925
-0.005
0.41
-0.920753
0.000844069
-0.357046
0.998433
-0.624174
1.23661
-0.0984969
0.972118
-0.357186
1.28354
0.5425
0.8975
0.335
1.1625
0.775
0.86
0.625
1.1675
0.367061
-0.672779
0.270428
-1.32606
0.943244
-1.62563
1.24211
-1.65014
-0.542695
0.0628377
-0.721337
0.281965
-0.461726
0.858377
-0.262841
0.838132
0.333811
0.777404
0.532695
0.757163
0.670852
0.140267
0.561289
0.0509459
0.451726
-0.0383748
1.08042
-1.64649
0.514781
2
0.555197
-1.02981
0.463897
1.5
0.515254
-0.263451
0.392046
1.2
-0.005
0.41
0.7
1
-0.328992
1.17506
0.411461
0.5
0.595
1.105
0.380694
0.5
0
-0.05
-0.725
-0.005
0.41
-0.905502
-0.0294373
-0.376364
0.985622
-0.651116
1.21441
-0.117331
0.968078
-0.386131
1.27027
0.51
0.925
0.265
1.175
0.755
0.9
0.545
1.195
0.403041
-0.65852
0.328619
-1.31404
1.0105
-1.59042
1.30972
-1.6048
-0.53013
0.0452251
-0.715891
0.257976
-0.476151
0.842252
-0.276894
0.828755
0.320874
0.78827
0.52013
0.774775
0.678902
0.163512
0.572526
0.0706306
0.46615
-0.0222499
1.17195
-1.62766
0.514781
2
0.678465
-0.979876
0.463897
1.5
0.581836
-0.242301
0.392046
1.2
-0.005
0.41
0.7
1
-0.375
1.1
0.411461
0.5
0.535
1.04
0.380694
0.5
0
-0.0275
-0.8575
-0.005
0.41
-0.890251
-0.0597186
-0.395682
0.972811
-0.678058
1.1922
-0.136166
0.964039
-0.415076
1.25701
0.4775
0.9525
0.195
1.1875
0.735
0.94
0.465
1.2225
0.43902
-0.64426
0.386809
-1.30202
1.07775
-1.55521
1.37733
-1.55946
-0.517565
0.0276126
-0.710446
0.233988
-0.490575
0.826126
-0.290947
0.819377
0.307937
0.799135
0.507565
0.792387
0.686951
0.186756
0.583763
0.0903153
0.480575
-0.00612494
1.26347
-1.60883
0.514781
2
0.615
-0.99
0.463897
1.5
0.648418
-0.22115
0.392046
1.2
-0.005
0.41
0.7
1
-0.415
1.06
0.411461
0.5
0.565
1.11
0.380694
0.5
0
-0.005
-0.99
-0.005
0.41
-0.875
-0.09
-0.415
0.96
-0.705
1.17
-0.155
0.96
-0.444021
1.24375
0.445
0.98
0.125
1.2
0.715
0.98
0.385
1.25
0.475
-0.63
0.445
-1.29
1.145
-1.52
1.44494
-1.51412
-0.505
0.01
-0.705
0.21
-0.505
0.81
-0.305
0.81
0.295
0.81
0.495
0.81
0.695
0.21
0.595
0.11
0.495
0.01
1.275
-1.46
0.456946
2
0.665
-0.94
0.480833
1.5
0.645
-0.2
0.358469
1.2
-0.005
0.41
0.7
1
-0.455
1.13
0.411461
0.5
0.425
1.06
0.404969
0.5
0
