37
10
15
9
6
-0.005
-0.99
-0.005
0.41
-0.825
-0.12
-0.455
1.18
-0.515
1.58
-0.225
1.23
-0.265
1.68
0.345
1.19
0.275
1.58
0.625
1.23
0.595
1.67
0.775
-1.41
2.315
-2.4
3.415
-1.2
3.53393
-0.924581
-0.505
0.01
-0.705
0.21
-0.505
0.81
-0.305
0.81
0.295
0.81
0.495
0.81
0.695
0.21
0.595
0.11
0.495
0.01
3.305
-1.19
0.621289
2
2.005
-1.54
0.723395
1.5
0.975
-0.6
0.703847
1.2
-0.005
0.41
0.7
1
-0.335
1.38
0.436578
0.5
0.505
1.35
0.440114
0.5
0
-0.005
-0.99
-0.005
0.41
-0.825
-0.12
-0.455
1.18
-0.515
1.58
-0.225
1.23
-0.265
1.68
0.345
1.19
0.275
1.58
0.625
1.23
0.595
1.67
0.775
-1.41
2.105
-2.06
3.525
-1.27
3.79941
-1.14875
-0.505
0.01
-0.705
0.21
-0.505
0.81
-0.305
0.81
0.295
0.81
0.495
0.81
0.695
0.21
0.595
0.11
0.495
0.01
3.505
-1.28
0.621289
2
2.345
-1.56
0.6044
1.5
1.305
-1.31
0.544059
1.2
-0.005
0.41
1.01833
1
0.835
-0.52
0.557136
0.5
0.075
1.08
0.86
0.5
0
-0.005
-0.99
-0.005
0.41
-0.825
-0.12
-0.455
1.18
-0.515
1.58
-0.225
1.23
-0.265
1.68
0.345
1.19
0.275
1.58
0.625
1.23
0.595
1.67
0.775
-1.42
1.835
-1.71
3.565
-1.41
3.86377
-1.38284
-0.505
0.01
-0.705
0.21
-0.505
0.81
-0.305
0.81
0.295
0.81
0.495
0.81
0.695
0.21
0.595
0.11
0.495
0.01
3.545
-1.39
0.621289
2
2.345
-1.56
0.6044
1.5
1.305
-1.31
0.544059
1.2
-0.005
0.41
1.01833
1
0.835
-0.52
0.557136
0.5
0.075
1.08
0.86
0.5
0
-0.005
-0.99
-0.005
0.41
-0.825
-0.12
-0.455
1.18
-0.515
1.58
-0.225
1.23
-0.265
1.68
0.345
1.19
0.275
1.58
0.625
1.23
0.595
1.67
0.775
-1.67
2.005
-1.19
3.555
-1.63
3.82333
-1.76416
-0.505
0.01
-0.705
0.21
-0.505
0.81
-0.305
0.81
0.295
0.81
0.495
0.81
0.695
0.21
0.595
0.11
0.495
0.01
3.515
-1.65
0.621289
2
2.505
-1.41
0.481041
1.5
1.605
-1.26
0.497695
1.2
-0.005
0.41
1.01833
1
0.875
-0.68
0.505964
0.5
0.075
1.08
0.86
0.5
0
-0.005
-0.99
-0.005
0.41
-0.825
-0.12
-0.455
1.18
-0.515
1.58
-0.225
1.23
-0.265
1.68
0.345
1.19
0.275
1.58
0.625
1.23
0.595
1.67
0.785
-1.92
2.835
-1.09
3.445
-1.83
3.54807
-2.11174
-0.505
0.01
-0.705
0.21
-0.505
0.81
-0.305
0.81
0.295
0.81
0.495
0.81
0.695
0.21
0.595
0.11
0.495
0.01
3.355
-1.9
0.59439
2
2.505
-1.46
0.469574
1.5
1.605
-1.26
0.484665
1.2
-0.005
0.41
1.01833
1
0.875
-0.68
0.468402
0.5
0.075
1.08
0.86
0.5
0
-0.005
-0.99
-0.005
0.41
-0.825
-0.12
-0.455
1.18
-0.515
1.58
-0.225
1.23
-0.265
1.68
0.345
1.19
0.275
1.58
0.625
1.23
0.595
1.67
1.695
-2.25
4.135
-1.03
3.335
-2.13
3.22358
-2.40854
-0.505
0.01
-0.705
0.21
-0.505
0.81
-0.305
0.81
0.295
0.81
0.495
0.81
0.695
0.21
0.595
0.11
0.495
0.01
3.205
-2.07
0.59439
2
2.455
-1.47
0.469574
1.5
1.645
-1.12
0.466155
1.2
-0.005
0.41
1.01833
1
1.065
-0.5
0.468402
0.5
0.075
1.08
0.86
0.5
0
-0.005
-0.99
-0.005
0.41
-0.825
-0.12
-0.455
1.18
-0.515
1.58
-0.225
1.23
-0.265
1.68
0.345
1.19
0.275
1.58
0.625
1.23
0.595
1.67
2.105
-1.73
4.785
-1.17
2.985
-2.1
2.68883
-2.14777
-0.505
0.01
-0.705
0.21
-0.505
0.81
-0.305
0.81
0.295
0.81
0.495
0.81
0.695
0.21
0.595
0.11
0.495
0.01
3.035
-1.85
0.620081
2
2.515
-1.22
0.41231
1.5
1.805
-0.93
0.416293
1.2
-0.005
0.41
1.01833
1
1.155
-0.4
0.468402
0.5
0.075
1.08
0.86
0.5
0
-0.005
-0.99
-0.005
0.41
-0.825
-0.12
-0.455
1.18
-0.515
1.58
-0.225
1.23
-0.265
1.68
0.345
1.19
0.275
1.58
0.625
1.23
0.595
1.67
3.225
-0.83
4.675
-2.7
2.865
-1.91
2.63243
-1.7205
-0.505
0.01
-0.705
0.21
-0.505
0.81
-0.305
0.81
0.295
0.81
0.495
0.81
0.695
0.21
0.595
0.11
0.495
0.01
3.125
-1.77
0.676018
2
2.685
-0.94
0.41231
1.5
2.025
-0.59
0.416293
1.2
-0.005
0.41
1.01833
1
1.285
-0.19
0.468402
0.5
0.075
1.08
0.86
0.5
0
-0.005
-0.99
-0.005
0.41
-0.825
-0.12
-0.455
1.18
-0.515
1.58
-0.225
1.23
-0.265
1.68
0.345
1.19
0.275
1.58
0.625
1.23
0.595
1.67
5.195
-1.18
3.605
-3.44
2.755
-1.61
2.70568
-1.31408
-0.505
0.01
-0.705
0.21
-0.505
0.81
-0.305
0.81
0.295
0.81
0.495
0.81
0.695
0.21
0.595
0.11
0.495
0.01
3.175
-1.73
0.71
2
2.685
-0.94
0.41231
1.5
2.025
-0.59
0.416293
1.2
-0.005
0.41
1.01833
1
1.285
-0.19
0.468402
0.5
0.075
1.08
0.86
0.5
0
-0.005
-0.99
-0.005
0.41
-0.825
-0.12
-0.455
1.18
-0.515
1.58
-0.225
1.23
-0.265
1.68
0.345
1.19
0.275
1.58
0.625
1.23
0.595
1.67
6.035
-1.87
2.665
-3.18
2.745
-1
2.73168
-0.700296
-0.505
0.01
-0.705
0.21
-0.505
0.81
-0.305
0.81
0.295
0.81
0.495
0.81
0.695
0.21
0.595
0.11
0.495
0.01
3.175
-1.73
0.71
2
2.745
-0.82
0.41231
1.5
2.025
-0.59
0.416293
1.2
-0.005
0.41
1.01833
1
1.285
-0.19
0.468402
0.5
0.075
1.08
0.86
0.5
1
2.925
0.24
1.81069
0.287348
0.957826
0.4
0.3
1
0
-0.005
-0.99
-0.005
0.41
-0.825
-0.12
-0.455
1.18
-0.515
1.58
-0.225
1.23
-0.265
1.68
0.345
1.19
0.275
1.58
0.625
1.23
0.595
1.67
6
-1.945
2.67
-3.205
2.76
-0.795
2.74668
-0.495296
-0.505
0.01
-0.705
0.21
-0.505
0.81
-0.305
0.81
0.295
0.81
0.495
0.81
0.695
0.21
0.595
0.11
0.495
0.01
3.165
-1.67
0.71
2
2.72
-0.67
0.41231
1.5
2.025
-0.59
0.416293
1.2
-0.005
0.41
1.01833
1
1.285
-0.19
0.468402
0.5
0.075
1.08
0.86
0.5
0
-0.005
-0.99
-0.005
0.41
-0.825
-0.12
-0.455
1.18
-0.515
1.58
-0.225
1.23
-0.265
1.68
0.345
1.19
0.275
1.58
0.625
1.23
0.605
1.67
5.965
-2.02
2.675
-3.23
2.775
-0.59
2.76168
-0.290296
-0.505
0.01
-0.705
0.21
-0.505
0.81
-0.305
0.81
0.295
0.81
0.495
0.81
0.695
0.21
0.595
0.11
0.495
0.01
3.155
-1.61
0.71
2
2.695
-0.52
0.531507
1.5
2.025
-0.59
0.416293
1.2
-0.005
0.41
1.01833
1
1.285
-0.19
0.468402
0.5
0.075
1.08
0.86
0.5
0
-0.005
-0.99
-0.005
0.41
-0.825
-0.12
-0.455
1.18
-0.515
1.58
-0.225
1.23
-0.265
1.68
0.345
1.19
0.275
1.58
0.625
1.23
0.6025
1.67
6.005
-2.0675
2.6225
-3.25
2.7675
-0.45
2.75418
-0.150296
-0.505
0.01
-0.705
0.21
-0.505
0.81
-0.305
0.81
0.295
0.81
0.495
0.81
0.695
0.21
0.595
0.11
0.495
0.01
3.165
-1.59
0.71
2
2.7075
-0.3875
0.531507
1.5
2.12
-0.6025
0.416293
1.2
-0.005
0.41
1.01833
1
1.315
-0.2025
0.468402
0.5
0.075
1.08
0.86
0.5
0
-0.005
-0.99
-0.005
0.41
-0.825
-0.12
-0.455
1.18
-0.515
1.58
-0.225
1.23
-0.265
1.68
0.345
1.19
0.275
1.58
0.625
1.23
0.6
1.67
6.045
-2.115
2.57
-3.27
2.76
-0.31
2.74668
-0.0102958
-0.505
0.01
-0.705
0.21
-0.505
0.81
-0.305
0.81
0.295
0.81
0.495
0.81
0.695
0.21
0.595
0.11
0.495
0.01
3.175
-1.57
0.71
2
2.72
-0.255
0.531507
1.5
2.215
-0.615
0.416293
1.2
-0.005
0.41
1.01833
1
1.345
-0.215
0.468402
0.5
0.075
1.08
0.86
0.5
0
-0.005
-0.99
-0.005
0.41
-0.825
-0.12
-0.455
1.18
-0.515
1.58
-0.225
1.23
-0.265
1.68
0.345
1.19
0.275
1.58
0.625
1.23
0.5975
1.67
6.085
-2.1625
2.5175
-3.29
2.7525
-0.17
2.73918
0.129704
-0.505
0.01
-0.705
0.21
-0.505
0.81
-0.305
0.81
0.295
0.81
0.495
0.81
0.695
0.21
0.595
0.11
0.495
0.01
3.185
-1.55
0.71
2
2.7325
-0.1225
0.531507
1.5
2.31
-0.6275
0.416293
1.2
-0.005
0.41
1.01833
1
1.375
-0.2275
0.468402
0.5
0.075
1.08
0.86
0.5
0
-0.005
-0.99
-0.005
0.41
-0.825
-0.12
-0.455
1.18
-0.515
1.58
-0.225
1.23
-0.265
1.68
0.345
1.19
0.275
1.58
0.625
1.23
0.595
1.67
6.125
-2.21
2.465
-3.31
2.745
-0.03
2.73168
0.269704
-0.505
0.01
-0.705
0.21
-0.505
0.81
-0.305
0.81
0.295
0.81
0.495
0.81
0.695
0.21
0.595
0.11
0.495
0.01
3.195
-1.53
0.71
2
2.745
0.01
0.531507
1.5
2.405
-0.64
0.53
1.2
-0.005
0.41
1.01833
1
1.405
-0.24
0.540093
0.5
0.075
1.08
0.86
0.5
0
-0.005
-0.99
-0.005
0.41
-0.825
-0.12
-0.455
1.18
-0.515
1.58
-0.225
1.23
-0.265
1.68
0.345
1.19
0.275
1.58
0.625
1.23
0.595
1.67
6.03
-2.105
2.4625
-3.2925
2.7325
0.1275
2.71918
0.427204
-0.505
0.01
-0.705
0.21
-0.505
0.81
-0.305
0.81
0.295
0.81
0.495
0.81
0.695
0.21
0.595
0.11
0.495
0.01
3.185
-1.49
0.71
2
2.715
0.1575
0.531507
1.5
2.4275
-0.6125
0.53
1.2
-0.005
0.41
1.01833
1
1.405
-0.24
0.540093
0.5
0.075
1.08
0.86
0.5
0
-0.005
-0.99
-0.005
0.41
-0.825
-0.12
-0.455
1.18
-0.515
1.58
-0.225
1.23
-0.265
1.68
0.345
1.19
0.275
1.58
0.625
1.23
0.595
1.67
5.935
-2
2.46
-3.275
2.72
0.285
2.70668
0.584704
-0.505
0.01
-0.705
0.21
-0.505
0.81
-0.305
0.81
0.295
0.81
0.495
0.81
0.695
0.21
0.595
0.11
0.495
0.01
3.175
-1.45
0.71
2
2.685
0.305
0.531507
1.5
2.45
-0.585
0.53
1.2
-0.005
0.41
1.01833
1
1.405
-0.24
0.540093
0.5
0.075
1.08
0.86
0.5
0
-0.005
-0.99
-0.005
0.41
-0.825
-0.12
-0.455
1.18
-0.515
1.58
-0.225
1.23
-0.265
1.68
0.345
1.19
0.275
1.58
0.625
1.23
0.595
1.67
5.84
-1.895
2.4575
-3.2575
2.7075
0.4425
2.69418
0.742204
-0.505
0.01
-0.705
0.21
-0.505
0.81
-0.305
0.81
0.295
0.81
0.495
0.81
0.695
0.21
0.595
0.11
0.495
0.01
3.165
-1.41
0.71
2
2.655
0.4525
0.531507
1.5
2.4725
-0.5575
0.53
1.2
-0.005
0.41
1.01833
1
1.405
-0.24
0.540093
0.5
0.075
1.08
0.86
0.5
0
-0.005
-0.99
-0.005
0.41
-0.825
-0.12
-0.455
1.18
-0.515
1.58
-0.225
1.23
-0.265
1.68
0.345
1.19
0.275
1.58
0.625
1.23
0.595
1.67
5.745
-1.79
2.455
-3.24
2.695
0.6
2.68168
0.899704
-0.505
0.01
-0.705
0.21
-0.505
0.81
-0.305
0.81
0.295
0.81
0.495
0.81
0.695
0.21
0.595
0.11
0.495
0.01
3.155
-1.37
0.562939
2
2.625
0.6
0.628013
1.5
2.495
-0.53
0.617738
1.2
-0.005
0.41
1.01833
1
1.405
-0.24
0.540093
0.5
0.075
1.08
0.86
0.5
0
-0.005
-0.99
-0.005
0.41
-0.825
-0.12
-0.455
1.18
-0.515
1.58
-0.225
1.23
-0.265
1.68
0.345
1.19
0.275
1.58
0.625
1.23
0.595
1.67
5.8
-1.645
2.8
-3.19
2.52
0.315
2.48309
0.61177
-0.505
0.01
-0.705
0.21
-0.505
0.81
-0.305
0.81
0.295
0.81
0.495
0.81
0.695
0.21
0.595
0.11
0.495
0.01
3.215
-1.38
0.562939
2
2.475
0.355
0.628013
1.5
2.495
-0.6
0.617738
1.2
-0.005
0.41
1.01833
1
1.405
-0.24
0.540093
0.5
0.075
1.08
0.86
0.5
0
-0.005
-0.99
-0.005
0.41
-0.825
-0.12
-0.455
1.18
-0.515
1.58
-0.225
1.23
-0.265
1.68
0.345
1.19
0.275
1.58
0.625
1.23
0.595
1.67
5.8275
-1.5725
2.9725
-3.165
2.4325
0.1725
2.3838
0.467804
-0.505
0.01
-0.705
0.21
-0.505
0.81
-0.305
0.81
0.295
0.81
0.495
0.81
0.695
0.21
0.595
0.11
0.495
0.01
3.245
-1.385
0.562939
2
2.4
0.2325
0.628013
1.5
2.495
-0.635
0.617738
1.2
-0.005
0.41
1.01833
1
1.405
-0.24
0.540093
0.5
0.075
1.08
0.86
0.5
0
-0.005
-0.99
-0.005
0.41
-0.825
-0.12
-0.455
1.18
-0.515
1.58
-0.225
1.23
-0.265
1.68
0.345
1.19
0.275
1.58
0.625
1.23
0.595
1.67
5.855
-1.5
3.145
-3.14
2.345
0.03
2.2845
0.323837
-0.505
0.01
-0.705
0.21
-0.505
0.81
-0.305
0.81
0.295
0.81
0.495
0.81
0.695
0.21
0.595
0.11
0.495
0.01
3.275
-1.39
0.610082
2
2.325
0.11
0.490408
1.5
2.495
-0.67
0.550091
1.2
-0.005
0.41
1.01833
1
1.405
-0.24
0.589407
0.5
0.075
1.08
0.86
0.5
0
-0.005
-0.99
-0.005
0.41
-0.825
-0.12
-0.455
1.18
-0.515
1.58
-0.225
1.23
-0.265
1.68
0.345
1.19
0.275
1.58
0.625
1.23
0.595
1.67
5.8275
-1.37
3.215
-3.1175
2.275
-0.1
2.19936
0.188997
-0.505
0.01
-0.705
0.21
-0.505
0.81
-0.305
0.81
0.295
0.81
0.495
0.81
0.695
0.21
0.595
0.11
0.495
0.01
3.275
-1.39
0.610082
2
2.2775
-0.025
0.490408
1.5
2.56
-0.7325
0.550091
1.2
-0.005
0.41
1.01833
1
1.405
-0.24
0.589407
0.5
0.075
1.08
0.86
0.5
0
-0.005
-0.99
-0.005
0.41
-0.825
-0.12
-0.455
1.18
-0.515
1.58
-0.225
1.23
-0.265
1.68
0.345
1.19
0.275
1.58
0.625
1.23
0.595
1.67
5.8
-1.24
3.285
-3.095
2.205
-0.23
2.11421
0.0541562
-0.505
0.01
-0.705
0.21
-0.505
0.81
-0.305
0.81
0.295
0.81
0.495
0.81
0.695
0.21
0.595
0.11
0.495
0.01
3.275
-1.39
0.610082
2
2.23
-0.16
0.490408
1.5
2.625
-0.795
0.550091
1.2
-0.005
0.41
1.01833
1
1.405
-0.24
0.589407
0.5
0.075
1.08
0.86
0.5
0
-0.005
-0.99
-0.005
0.41
-0.825
-0.12
-0.455
1.18
-0.515
1.58
-0.225
1.23
-0.265
1.68
0.345
1.19
0.275
1.58
0.625
1.23
0.595
1.67
5.7725
-1.11
3.355
-3.0725
2.135
-0.36
2.02906
-0.0806842
-0.505
0.01
-0.705
0.21
-0.505
0.81
-0.305
0.81
0.295
0.81
0.495
0.81
0.695
0.21
0.595
0.11
0.495
0.01
3.275
-1.39
0.610082
2
2.1825
-0.295
0.490408
1.5
2.69
-0.8575
0.550091
1.2
-0.005
0.41
1.01833
1
1.405
-0.24
0.589407
0.5
0.075
1.08
0.86
0.5
0
-0.005
-0.99
-0.005
0.41
-0.825
-0.12
-0.455
1.18
-0.515
1.58
-0.225
1.23
-0.265
1.68
0.345
1.19
0.275
1.58
0.625
1.23
0.595
1.67
5.745
-0.98
3.425
-3.05
2.065
-0.49
1.94391
-0.215525
-0.505
0.01
-0.705
0.21
-0.505
0.81
-0.305
0.81
0.295
0.81
0.495
0.81
0.695
0.21
0.595
0.11
0.495
0.01
3.275
-1.39
0.610082
2
2.135
-0.43
0.490408
1.5
2.755
-0.92
0.568858
1.2
-0.005
0.41
1.01833
1
1.405
-0.24
0.589407
0.5
0.075
1.08
0.86
0.5
0
-0.005
-0.99
-0.005
0.41
-0.825
-0.12
-0.455
1.18
-0.515
1.58
-0.225
1.23
-0.265
1.68
0.345
1.19
0.275
1.58
0.625
1.23
0.595
1.67
4.35
-0.43
3.83
-2.65
2.055
-0.75
1.864
-0.538722
-0.505
0.01
-0.705
0.21
-0.505
0.81
-0.305
0.81
0.295
0.81
0.495
0.81
0.695
0.21
0.595
0.11
0.495
0.01
2.67
-1.195
0.610082
2
2.095
-0.3
0.490408
1.5
2.715
-0.93
0.568858
1.2
-0.005
0.41
1.01833
1
1.345
-0.115
0.589407
0.5
0.075
1.08
0.86
0.5
0
-0.005
-0.99
-0.005
0.41
-0.825
-0.12
-0.455
1.18
-0.515
1.58
-0.225
1.23
-0.265
1.68
0.345
1.19
0.275
1.58
0.625
1.23
0.595
1.67
2.955
0.12
4.235
-2.25
2.045
-1.01
1.78409
-0.861918
-0.505
0.01
-0.705
0.21
-0.505
0.81
-0.305
0.81
0.295
0.81
0.495
0.81
0.695
0.21
0.595
0.11
0.495
0.01
2.065
-1
0.538517
2
2.055
-0.17
0.490408
1.5
2.675
-0.94
0.650308
1.2
-0.005
0.41
1.01833
1
1.285
0.01
0.41
0.5
0.075
1.08
0.86
0.5
0
-0.005
-0.99
-0.005
0.41
-0.825
-0.12
-0.455
1.18
-0.515
1.58
-0.225
1.23
-0.265
1.68
0.345
1.19
0.275
1.58
0.625
1.23
0.595
1.67
2.69
0.025
3.87
-1.685
2.25
-1.18
1.97679
-1.15201
-0.505
0.01
-0.705
0.21
-0.505
0.81
-0.305
0.81
0.295
0.81
0.495
0.81
0.695
0.21
0.595
0.11
0.495
0.01
2.065
-1
0.538517
2
2.055
-0.17
0.490408
1.5
2.675
-0.94
0.650308
1.2
-0.005
0.41
1.01833
1
1.285
0.01
0.41
0.5
0.075
1.08
0.86
0.5
0
-0.005
-0.99
-0.005
0.41
-0.825
-0.12
-0.455
1.18
-0.515
1.58
-0.225
1.23
-0.265
1.68
0.345
1.19
0.275
1.58
0.625
1.23
0.585
1.65
2.425
-0.07
3.505
-1.12
2.455
-1.35
2.16949
-1.4421
-0.505
0.01
-0.705
0.21
-0.505
0.81
-0.305
0.81
0.295
0.81
0.495
0.81
0.695
0.21
0.595
0.11
0.495
0.01
2.355
-1.33
0.538517
2
2.055
-0.17
0.490408
1.5
2.705
-0.75
0.463249
1.2
-0.005
0.41
1.01833
1
1.285
0.01
0.41
0.5
0.075
1.08
0.86
0.5
0
-0.005
-0.99
-0.005
0.41
-0.825
-0.12
-0.455
1.18
-0.515
1.58
-0.225
1.23
-0.265
1.68
0.345
1.19
0.275
1.58
0.625
1.23
0.585
1.65
2.345
-0.08
3.09
-0.955
2.665
-1.345
2.5063
-1.59959
-0.505
0.01
-0.705
0.21
-0.505
0.81
-0.305
0.81
0.295
0.81
0.495
0.81
0.695
0.21
0.595
0.11
0.495
0.01
2.605
-1.38
0.538517
2
2.005
-0.255
0.490408
1.5
2.61
-0.725
0.463249
1.2
-0.005
0.41
1.01833
1
1.285
0.01
0.41
0.5
0.075
1.08
0.86
0.5
0
-0.005
-0.99
-0.005
0.41
-0.825
-0.12
-0.455
1.18
-0.515
1.58
-0.225
1.23
-0.265
1.68
0.345
1.19
0.275
1.58
0.625
1.23
0.585
1.65
2.265
-0.09
2.675
-0.79
2.875
-1.34
2.91627
-1.63715
-0.505
0.01
-0.705
0.21
-0.505
0.81
-0.305
0.81
0.295
0.81
0.495
0.81
0.695
0.21
0.595
0.11
0.495
0.01
2.855
-1.43
0.538517
2
1.955
-0.34
0.39
1.5
2.515
-0.7
0.364005
1.2
-0.005
0.41
1.01833
1
1.285
0.01
0.41
0.5
0.075
1.08
0.86
0.5
0
-0.005
-0.99
-0.005
0.41
-0.825
-0.12
-0.455
1.18
-0.515
1.58
-0.225
1.23
-0.265
1.68
0.345
1.19
0.275
1.58
0.625
1.23
0.585
1.65
1.985
-0.275
2.45
-0.915
2.855
-1.14
3.09949
-1.31386
-0.505
0.01
-0.705
0.21
-0.505
0.81
-0.305
0.81
0.295
0.81
0.495
0.81
0.695
0.21
0.595
0.11
0.495
0.01
2.93
-1.185
0.538517
2
1.84
-0.44
0.39
1.5
2.41
-0.77
0.364005
1.2
-0.005
0.41
1.01833
1
1.205
-0.1
0.41
0.5
0.075
1.08
0.86
0.5
0
-0.005
-0.99
-0.005
0.41
-0.825
-0.12
-0.455
1.18
-0.515
1.58
-0.225
1.23
-0.265
1.68
0.345
1.19
0.275
1.58
0.625
1.23
0.585
1.65
1.705
-0.46
2.225
-1.04
2.835
-0.94
3.12667
-0.869784
-0.505
0.01
-0.705
0.21
-0.505
0.81
-0.305
0.81
0.295
0.81
0.495
0.81
0.695
0.21
0.595
0.11
0.495
0.01
3.005
-0.94
0.538517
2
1.725
-0.54
0.39
1.5
2.305
-0.84
0.364005
1.2
-0.005
0.41
1.01833
1
1.125
-0.21
0.41
0.5
0.075
1.08
0.86
0.5
0
-0.005
-0.99
-0.005
0.41
-0.825
-0.12
-0.455
1.18
-0.515
1.58
-0.225
1.23
-0.265
1.68
0.345
1.19
0.275
1.58
0.625
1.23
0.59
1.665
1.2175
-0.36
1.6075
-1.045
2.0375
-1.275
2.3333
-1.23695
-0.505
0.01
-0.705
0.21
-0.505
0.81
-0.305
0.81
0.295
0.81
0.495
0.81
0.695
0.21
0.595
0.11
0.495
0.01
2.18
-1.265
0.538517
2
1.325
-0.71
0.39
1.5
1.51
-0.52
0.364005
1.2
-0.005
0.41
1.01833
1
0.395
0.585
0.41
0.5
0.275
1.235
0.86
0.5
0
-0.005
-0.99
-0.005
0.41
-0.825
-0.12
-0.455
1.18
-0.515
1.58
-0.225
1.23
-0.265
1.68
0.345
1.19
0.275
1.58
0.625
1.23
0.595
1.68
0.73
-0.26
0.99
-1.05
1.24
-1.61
1.53994
-1.60412
-0.505
0.01
-0.705
0.21
-0.505
0.81
-0.305
0.81
0.295
0.81
0.495
0.81
0.695
0.21
0.595
0.11
0.495
0.01
1.355
-1.59
0.456946
2
0.925
-0.88
0.39
1.5
0.715
-0.2
0.358469
1.2
-0.005
0.41
0.7
1
-0.335
1.38
0.411461
0.5
0.475
1.39
0.404969
0.5
0
