33
10
15
9
6
-0.005
-0.99
-0.005
0.41
-0.825
-0.12
-0.455
1.18
-0.515
1.58
-0.225
1.23
-0.265
1.68
0.345
1.19
0.275
1.58
0.625
1.23
0.615
1.65
0.73
-0.26
0.99
-1.05
1.24
-1.61
1.53994
-1.60412
-0.505
0.01
-0.705
0.21
-0.505
0.81
-0.305
0.81
0.295
0.81
0.495
0.81
0.695
0.21
0.595
0.11
0.495
0.01
1.355
-1.59
0.456946
2
0.925
-0.88
0.39
1.5
0.715
-0.2
0.358469
1.2
-0.005
0.41
0.7
1
-0.335
1.38
0.411461
0.5
0.475
1.39
0.404969
0.5
0
0.159815
-0.636986
0.105
0.56
-0.678789
-0.0191319
-0.405
1.21
-0.505
1.58
-0.155
1.25
-0.265
1.68
0.395
1.22
0.285
1.57
0.695
1.26
0.625
1.65
0.878987
-0.0615725
1.18728
-0.832322
1.47126
-1.37458
1.76969
-1.35001
-0.368126
0.130336
-0.579838
0.317091
-0.418041
0.92727
-0.218808
0.939749
0.378892
0.977185
0.578126
0.989664
0.814796
0.404442
0.721419
0.298586
0.628041
0.19273
1.58458
-1.34748
0.456946
2
1.11192
-0.66703
0.39
1.5
0.860301
-0.00273832
0.358469
1.2
0.105
0.56
0.7
1
-0.284258
1.50569
0.411461
0.5
0.522014
1.56619
0.404969
0.5
0
0.244629
-0.393972
0.135
0.6
-0.612577
-0.0282637
-0.375
1.22
-0.505
1.59
-0.145
1.25
-0.255
1.68
0.405
1.21
0.305
1.57
0.705
1.27
0.625
1.65
0.947974
0.0268551
1.30456
-0.724645
1.62253
-1.24916
1.91944
-1.20589
-0.311252
0.140672
-0.534677
0.314181
-0.411083
0.93454
-0.212616
0.959497
0.382785
1.03437
0.581252
1.05933
0.854592
0.488885
0.767837
0.377172
0.681082
0.26546
1.73415
-1.21496
0.456946
2
1.21885
-0.564059
0.39
1.5
0.925602
0.0845234
0.358469
1.2
0.135
0.6
0.7
1
-0.313515
1.52139
0.411461
0.5
0.489028
1.63239
0.404969
0.5
0
0.294722
-0.362979
0.15
0.62
-0.566289
-0.039388
-0.375
1.22
-0.5
1.585
-0.145
1.25
-0.255
1.68
0.415
1.27
0.3
1.57
0.675
1.3
0.625
1.65
0.985504
0.0857556
1.27717
-0.683483
1.59315
-1.13687
1.89043
-1.09673
-0.273781
0.142432
-0.504117
0.305186
-0.408945
0.928613
-0.2124
0.962404
0.377236
1.06378
0.573781
1.09757
0.871699
0.541723
0.790322
0.426555
0.708945
0.311387
1.71436
-1.09372
0.456946
2
1.22039
-0.483044
0.39
1.5
0.960625
0.142185
0.358469
1.2
0.15
0.62
0.7
1
-0.338186
1.51749
0.411461
0.5
0.480521
1.60179
0.404969
0.5
0
0.344815
-0.331986
0.165
0.64
-0.520001
-0.0505124
-0.375
1.22
-0.495
1.58
-0.145
1.25
-0.255
1.68
0.425
1.33
0.295
1.57
0.645
1.33
0.625
1.65
1.02303
0.144656
1.24978
-0.642322
1.56376
-1.02458
1.86143
-0.987574
-0.23631
0.144192
-0.473558
0.296191
-0.406808
0.922686
-0.212184
0.96531
0.371686
1.09318
0.56631
1.13581
0.888807
0.594562
0.812808
0.475938
0.736808
0.357314
1.69458
-0.972479
0.456946
2
1.22192
-0.40203
0.39
1.5
0.995649
0.199846
0.358469
1.2
0.165
0.64
0.7
1
-0.362858
1.51359
0.411461
0.5
0.472014
1.57119
0.404969
0.5
0
0.435
-0.26
0.185
0.69
-0.437426
-0.0627611
-0.355
1.22
-0.495
1.58
-0.115
1.27
-0.245
1.67
0.355
1.41
0.235
1.66
0.635
1.31
0.635
1.57
1.08809
0.272457
1.185
-0.55
1.495
-0.79
1.79342
-0.759255
-0.171368
0.157712
-0.422439
0.288201
-0.412533
0.920832
-0.221753
0.981123
0.350587
1.162
0.541367
1.22229
0.913022
0.710239
0.847778
0.584704
0.782533
0.459168
1.645
-0.72
0.456946
2
1.215
-0.23
0.39
1.5
1.0557
0.32517
0.358469
1.2
0.185
0.69
0.7
1
-0.4222
1.5158
0.411461
0.5
0.445
1.52
0.404969
0.5
0
0.435
-0.21
0.185
0.74
-0.437426
-0.0127611
-0.345
1.245
-0.495
1.58
-0.115
1.305
-0.24
1.67
0.345
1.425
0.225
1.665
0.71
1.365
0.94
1.615
1.11155
0.326229
0.925
-0.41
1.38
-0.65
1.67842
-0.619255
-0.171368
0.207712
-0.422439
0.338201
-0.412533
0.970832
-0.221753
1.03112
0.350587
1.212
0.541367
1.27229
0.913022
0.760239
0.847778
0.634704
0.782533
0.509168
1.515
-0.585
0.456946
2
1.08
-0.175
0.39
1.5
1.00035
0.397585
0.358469
1.2
0.185
0.74
0.7
1
-0.2736
1.5029
0.411461
0.5
0.71
1.555
0.404969
0.5
0
0.435
-0.16
0.185
0.79
-0.437426
0.037239
-0.335
1.27
-0.495
1.58
-0.115
1.34
-0.235
1.67
0.335
1.44
0.215
1.67
0.785
1.42
1.245
1.66
1.135
0.38
0.665
-0.27
1.265
-0.51
1.56342
-0.479255
-0.171368
0.257712
-0.422439
0.388201
-0.412533
1.02083
-0.221753
1.08112
0.350587
1.262
0.541367
1.32229
0.913022
0.810239
0.847778
0.684704
0.782533
0.559168
1.385
-0.45
0.456946
2
0.945
-0.12
0.39
1.5
0.945
0.47
0.358469
1.2
0.185
0.79
0.7
1
-0.125
1.49
0.523928
0.5
0.975
1.59
0.404969
0.5
0
0.435
-0.16
0.185
0.79
-0.437426
0.037239
-0.335
1.27
-0.495
1.58
-0.115
1.34
-0.235
1.67
0.335
1.44
0.215
1.67
0.985
1.39
1.685
1.54
1.145
0.41
0.575
-0.23
1.205
-0.33
1.505
-0.33
-0.171368
0.257712
-0.422439
0.388201
-0.412533
1.02083
-0.221753
1.08112
0.350587
1.262
0.541367
1.32229
0.913022
0.810239
0.847778
0.684704
0.782533
0.559168
1.405
-0.36
0.456946
2
0.955
-0.01
0.33541
1.5
0.945
0.55
0.27
1.2
0.185
0.79
0.7
1
-0.125
1.49
0.523928
0.5
1.275
1.48
0.404969
0.5
1
1.765
1.55
0.580775
0.894427
-0.447214
1
0.4
0.3
0
0.435
-0.16
0.185
0.79
-0.437426
0.037239
-0.335
1.27
-0.495
1.58
-0.115
1.34
-0.235
1.67
0.335
1.44
0.215
1.67
1.115
1.36
1.855
1.44
1.075
0.42
0.465
-0.26
1.015
-0.29
1.315
-0.29
-0.171368
0.257712
-0.422439
0.388201
-0.412533
1.02083
-0.221753
1.08112
0.350587
1.262
0.541367
1.32229
0.913022
0.810239
0.847778
0.684704
0.782533
0.559168
1.405
-0.36
0.456946
2
0.955
-0.01
0.33541
1.5
0.945
0.55
0.27
1.2
0.185
0.79
0.7
1
-0.125
1.49
0.523928
0.5
1.175
1.4
0.463249
0.5
1
1.915
1.46
0.580775
0.894427
-0.447214
1
0.4
0.3
0
0.435
-0.16
0.185
0.79
-0.437426
0.037239
-0.335
1.27
-0.495
1.58
-0.115
1.34
-0.235
1.67
0.335
1.44
0.215
1.67
1.14077
1.34908
2.13976
1.39393
1.035
0.41
0.145
-0.11
1.035
-0.13
1.335
-0.13
-0.171368
0.257712
-0.422439
0.388201
-0.412533
1.02083
-0.221753
1.08112
0.350587
1.262
0.541367
1.32229
0.913022
0.810239
0.847778
0.684704
0.782533
0.559168
1.175
-0.13
0.456946
2
0.745
0.4
0.424264
1.5
0.945
1.3
0.313847
1.2
0.185
0.79
0.7
1
-0.125
1.49
0.523928
0.5
1.665
1.36
0.463249
0.5
1
2.245
1.39
0.580775
0.894427
-0.447214
1
0.4
0.3
0
0.435
-0.16
0.185
0.79
-0.437426
0.037239
-0.335
1.27
-0.495
1.58
-0.115
1.34
-0.235
1.67
0.335
1.44
0.215
1.67
1.14077
1.34908
1.995
1.41
1.035
0.41
0.175
-0.1
1.055
-0.2
1.355
-0.2
-0.171368
0.257712
-0.422439
0.388201
-0.412533
1.02083
-0.221753
1.08112
0.350587
1.262
0.541367
1.32229
0.913022
0.810239
0.847778
0.684704
0.782533
0.559168
1.275
-0.21
0.456946
2
0.825
0.28
0.424264
1.5
0.945
1.3
0.313847
1.2
0.185
0.79
0.7
1
-0.125
1.49
0.523928
0.5
1.665
1.36
0.463249
0.5
0
0.416876
-0.182058
0.1775
0.775
-0.455477
0.0314659
-0.335
1.2675
-0.4975
1.58
-0.115
1.34
-0.2325
1.67
0.3375
1.435
0.2175
1.6675
1.13183
1.32931
1.965
1.415
1.0275
0.3825
0.2075
-0.105
1.04
-0.25
1.33997
-0.247917
-0.186362
0.248035
-0.435461
0.382073
-0.416484
1.01431
-0.224915
1.07184
0.349792
1.24443
0.541361
1.30196
0.905523
0.784788
0.838504
0.660238
0.771485
0.535689
1.2475
-0.2425
0.456946
2
0.8125
0.285
0.424264
1.5
0.944514
1.2739
0.313847
1.2
0.1775
0.775
0.7
1
-0.122336
1.47917
0.523928
0.5
1.66509
1.32354
0.463249
0.5
0
0.398752
-0.204117
0.17
0.76
-0.473527
0.0256929
-0.335
1.265
-0.5
1.58
-0.115
1.34
-0.23
1.67
0.34
1.43
0.22
1.665
1.12288
1.30954
1.935
1.42
1.02
0.355
0.24
-0.11
1.025
-0.3
1.32494
-0.295835
-0.201356
0.238358
-0.448484
0.375946
-0.420436
1.00779
-0.228078
1.06256
0.348997
1.22687
0.541355
1.28164
0.898025
0.759337
0.829231
0.635773
0.760436
0.512209
1.22
-0.275
0.456946
2
0.8
0.29
0.424264
1.5
0.944028
1.24779
0.313847
1.2
0.17
0.76
0.7
1
-0.119672
1.46834
0.523928
0.5
1.66518
1.28709
0.463249
0.5
0
0.380628
-0.226176
0.1625
0.745
-0.491578
0.0199199
-0.335
1.2625
-0.5025
1.58
-0.115
1.34
-0.2275
1.67
0.3425
1.425
0.2225
1.6625
1.11394
1.28977
1.905
1.425
1.0125
0.3275
0.2725
-0.115
1.01
-0.35
1.30991
-0.343752
-0.216349
0.228681
-0.461507
0.369819
-0.424388
1.00127
-0.231241
1.05328
0.348202
1.20931
0.541349
1.26132
0.890526
0.733886
0.819958
0.611308
0.749388
0.488729
1.1925
-0.3075
0.456946
2
0.7875
0.295
0.424264
1.5
0.943542
1.22169
0.313847
1.2
0.1625
0.745
0.7
1
-0.117008
1.45751
0.523928
0.5
1.66527
1.25063
0.463249
0.5
0
0.362504
-0.248234
0.155
0.73
-0.509629
0.0141469
-0.335
1.26
-0.505
1.58
-0.115
1.34
-0.225
1.67
0.345
1.42
0.225
1.66
1.105
1.27
1.875
1.43
1.005
0.3
0.305
-0.12
0.995
-0.4
1.29488
-0.39167
-0.231343
0.219004
-0.474529
0.363692
-0.42834
0.99475
-0.234403
1.044
0.347406
1.19175
0.541343
1.241
0.883027
0.708435
0.810684
0.586842
0.73834
0.46525
1.165
-0.34
0.456946
2
0.775
0.3
0.424264
1.5
0.943056
1.19558
0.313847
1.2
0.155
0.73
0.7
1
-0.114344
1.44668
0.523928
0.5
1.66536
1.21418
0.463249
0.5
0
0.344856
-0.278079
0.15
0.7025
-0.526002
-0.002106
-0.335
1.2575
-0.5025
1.5825
-0.11
1.3325
-0.2225
1.6675
0.35
1.405
0.2275
1.6625
1.0725
1.245
1.845
1.4475
0.9825
0.255
0.3275
-0.18
0.9725
-0.47
1.2718
-0.454215
-0.244507
0.198091
-0.485199
0.346684
-0.428706
0.976661
-0.234063
1.02271
0.349864
1.16086
0.544506
1.20691
0.877299
0.669032
0.803003
0.548685
0.728706
0.428339
1.1325
-0.41
0.456946
2
0.7825
0.245
0.424264
1.5
0.923542
1.16919
0.313847
1.2
0.15
0.7025
0.7
1
-0.107476
1.42321
0.523928
0.5
1.62277
1.24813
0.463249
0.5
0
0.327207
-0.307923
0.145
0.675
-0.542374
-0.0183589
-0.335
1.255
-0.5
1.585
-0.105
1.325
-0.22
1.665
0.355
1.39
0.23
1.665
1.04
1.22
1.815
1.465
0.96
0.21
0.35
-0.24
0.95
-0.54
1.24872
-0.51676
-0.257671
0.177178
-0.495869
0.329676
-0.429071
0.958571
-0.233723
1.00142
0.352322
1.12997
0.54767
1.17282
0.87157
0.629627
0.795321
0.510528
0.719072
0.391429
1.1
-0.48
0.456946
2
0.79
0.19
0.424264
1.5
0.904028
1.14279
0.313847
1.2
0.145
0.675
0.7
1
-0.100607
1.39975
0.523928
0.5
1.58018
1.28209
0.463249
0.5
0
0.309559
-0.337768
0.14
0.6475
-0.558747
-0.0346118
-0.335
1.2525
-0.4975
1.5875
-0.1
1.3175
-0.2175
1.6625
0.36
1.375
0.2325
1.6675
1.0075
1.195
1.785
1.4825
0.9375
0.165
0.3725
-0.3
0.9275
-0.61
1.22564
-0.579306
-0.270834
0.156265
-0.506539
0.312668
-0.429437
0.940482
-0.233383
0.980132
0.35478
1.09908
0.550834
1.13873
0.865841
0.590223
0.78764
0.472371
0.709438
0.354518
1.0675
-0.55
0.456946
2
0.7975
0.135
0.424264
1.5
0.884514
1.1164
0.313847
1.2
0.14
0.6475
0.7
1
-0.0937388
1.37629
0.523928
0.5
1.53759
1.31604
0.463249
0.5
0
0.29191
-0.367613
0.135
0.62
-0.57512
-0.0508648
-0.335
1.25
-0.495
1.59
-0.095
1.31
-0.215
1.66
0.365
1.36
0.235
1.67
0.975
1.17
1.755
1.5
0.915
0.12
0.395
-0.36
0.905
-0.68
1.20256
-0.641851
-0.283998
0.135351
-0.51721
0.29566
-0.429803
0.922392
-0.233043
0.958843
0.357237
1.0682
0.553997
1.10465
0.860113
0.550819
0.779959
0.434213
0.699804
0.317608
1.035
-0.62
0.456946
2
0.805
0.08
0.424264
1.5
0.865
1.09
0.313847
1.2
0.135
0.62
0.7
1
-0.0868705
1.35283
0.523928
0.5
1.495
1.35
0.463249
0.5
0
0.272683
-0.37821
0.13
0.6
-0.58889
-0.0610735
-0.3325
1.245
-0.4925
1.5875
-0.0925
1.3025
-0.215
1.66
0.3625
1.35
0.2375
1.67
0.965
1.1525
1.72
1.4975
0.902996
0.0896869
0.376725
-0.383147
0.882239
-0.709893
1.18021
-0.67576
-0.295367
0.12116
-0.526339
0.284549
-0.430534
0.909881
-0.233354
0.943673
0.358187
1.04505
0.555367
1.07884
0.853923
0.521091
0.772229
0.405605
0.690535
0.290119
1.0275
-0.655
0.456946
2
0.7675
-0.015
0.424264
1.5
0.8275
0.8575
0.313847
1.2
0.13
0.6
0.7
1
-0.0819341
1.33555
0.523928
0.5
1.4
1.32
0.463249
0.5
0
0.253455
-0.388806
0.125
0.58
-0.60266
-0.0712823
-0.33
1.24
-0.49
1.585
-0.09
1.295
-0.215
1.66
0.36
1.34
0.24
1.67
0.955
1.135
1.685
1.495
0.890992
0.0593739
0.358451
-0.406294
0.859478
-0.739786
1.15786
-0.709669
-0.306736
0.106969
-0.535469
0.273437
-0.431265
0.89737
-0.233665
0.928502
0.359136
1.0219
0.556736
1.05303
0.847734
0.491362
0.7645
0.376996
0.681266
0.26263
1.02
-0.69
0.456946
2
0.73
-0.11
0.424264
1.5
0.79
0.625
0.313847
1.2
0.125
0.58
0.7
1
-0.0769978
1.31827
0.523928
0.5
1.305
1.29
0.463249
0.5
0
0.234228
-0.399403
0.12
0.56
-0.61643
-0.081491
-0.3275
1.235
-0.4875
1.5825
-0.0875
1.2875
-0.215
1.66
0.3575
1.33
0.2425
1.67
0.945
1.1175
1.65
1.4925
0.878988
0.0290608
0.340176
-0.429442
0.836717
-0.769678
1.1355
-0.743578
-0.318106
0.0927782
-0.544599
0.262326
-0.431996
0.88486
-0.233976
0.913332
0.360085
0.998749
0.558105
1.02722
0.841544
0.461634
0.756771
0.348387
0.671996
0.235141
1.0125
-0.725
0.456946
2
0.6925
-0.205
0.424264
1.5
0.7525
0.3925
0.313847
1.2
0.12
0.56
0.7
1
-0.0720614
1.301
0.523928
0.5
1.21
1.26
0.463249
0.5
0
0.215
-0.41
0.115
0.54
-0.6302
-0.0916998
-0.325
1.23
-0.485
1.58
-0.085
1.28
-0.215
1.66
0.355
1.32
0.245
1.67
0.935
1.1
1.615
1.49
0.866984
-0.00125223
0.321902
-0.452589
0.813956
-0.799571
1.11315
-0.777487
-0.329475
0.0785871
-0.553728
0.251214
-0.432727
0.872349
-0.234287
0.898161
0.361034
0.9756
0.559475
1.00141
0.835355
0.431905
0.749041
0.319778
0.662727
0.207652
1.005
-0.76
0.456946
2
0.655
-0.3
0.260427
1.5
0.715
0.16
0.313847
1.2
0.115
0.54
0.7
1
-0.067125
1.28372
0.523928
0.5
1.115
1.23
0.519711
0.5
0
0.1925
-0.4125
0.1075
0.5225
-0.64717
-0.0973332
-0.325
1.2275
-0.4825
1.58
-0.08
1.28
-0.215
1.66
0.355
1.3175
0.2425
1.67
0.9125
1.085
1.5425
1.5
0.848988
-0.0434392
0.322676
-0.516942
0.799217
-0.879678
1.09861
-0.862252
-0.343938
0.0682039
-0.565406
0.244235
-0.434812
0.863204
-0.236062
0.885922
0.360188
0.954077
0.558937
0.976796
0.825844
0.403265
0.737829
0.29253
0.649813
0.181796
0.985
-0.8375
0.456946
2
0.635
-0.37
0.260427
1.5
0.715
0.1225
0.313847
1.2
0.1075
0.5225
0.7
1
-0.0540938
1.29779
0.523928
0.5
1.075
1.235
0.519711
0.5
0
0.17
-0.415
0.1
0.505
-0.664139
-0.102967
-0.325
1.225
-0.48
1.58
-0.075
1.28
-0.215
1.66
0.355
1.315
0.24
1.67
0.89
1.07
1.47
1.51
0.830992
-0.0856261
0.323451
-0.581294
0.784478
-0.959786
1.08408
-0.947016
-0.358401
0.0578207
-0.577084
0.237256
-0.436897
0.854059
-0.237838
0.873683
0.359341
0.932555
0.5584
0.952179
0.816333
0.374625
0.726616
0.265283
0.636898
0.155941
0.965
-0.915
0.456946
2
0.615
-0.44
0.260427
1.5
0.715
0.085
0.313847
1.2
0.1
0.505
0.7
1
-0.0410625
1.31186
0.523928
0.5
1.035
1.24
0.519711
0.5
0
0.1475
-0.4175
0.0925
0.4875
-0.681109
-0.1086
-0.325
1.2225
-0.4775
1.58
-0.07
1.28
-0.215
1.66
0.355
1.3125
0.2375
1.67
0.8675
1.055
1.3975
1.52
0.812996
-0.127813
0.324225
-0.645647
0.769739
-1.03989
1.06955
-1.03178
-0.372863
0.0474375
-0.588762
0.230277
-0.438982
0.844914
-0.239613
0.861443
0.358494
0.911032
0.557863
0.927562
0.806822
0.345985
0.715403
0.238035
0.623983
0.130086
0.945
-0.9925
0.456946
2
0.595
-0.51
0.260427
1.5
0.715
0.0475
0.313847
1.2
0.0925
0.4875
0.7
1
-0.0280313
1.32593
0.523928
0.5
0.995
1.245
0.519711
0.5
0
0.125
-0.42
0.085
0.47
-0.698078
-0.114233
-0.325
1.22
-0.475
1.58
-0.065
1.28
-0.215
1.66
0.355
1.31
0.235
1.67
0.845
1.04
1.325
1.53
0.795
-0.17
0.325
-0.71
0.755
-1.12
1.05501
-1.11655
-0.387326
0.0370544
-0.60044
0.223298
-0.441067
0.835769
-0.241389
0.849204
0.357647
0.88951
0.557325
0.902945
0.797312
0.317345
0.70419
0.210788
0.611068
0.104231
0.925
-1.07
0.456946
2
0.575
-0.58
0.32573
1.5
0.715
0.01
0.27074
1.2
0.085
0.47
0.7
1
-0.015
1.34
0.475924
0.5
0.955
1.25
0.488365
0.5
0
0.105
-0.435
0.08
0.435
-0.713639
-0.134559
-0.32
1.22
-0.475
1.58
-0.065
1.275
-0.215
1.66
0.36
1.29
0.235
1.675
0.81
1.045
1.17
1.555
0.805
-0.22
0.355
-0.855
0.745
-1.27
1.04498
-1.2721
-0.400187
0.0109308
-0.609787
0.201058
-0.439133
0.810387
-0.239269
0.820123
0.360322
0.849332
0.560186
0.859069
0.789261
0.269214
0.694198
0.164414
0.599134
0.0596136
0.895
-1.22
0.456946
2
0.6
-0.675
0.32573
1.5
0.71
-0.065
0.27074
1.2
0.08
0.435
0.7
1
-0.00387145
1.30657
0.475924
0.5
0.964155
1.19866
0.488365
0.5
0
0.085
-0.45
0.075
0.4
-0.7292
-0.154885
-0.315
1.22
-0.475
1.58
-0.065
1.27
-0.215
1.66
0.365
1.27
0.235
1.68
0.775
1.05
1.015
1.58
0.815
-0.27
0.385
-1
0.735
-1.42
1.03495
-1.42765
-0.413047
-0.0151927
-0.619134
0.178818
-0.437198
0.785004
-0.23715
0.791041
0.362998
0.809155
0.563046
0.815192
0.781211
0.221083
0.684205
0.11804
0.587199
0.0149963
0.865
-1.37
0.456946
2
0.625
-0.77
0.404969
1.5
0.705
-0.14
0.342345
1.2
0.075
0.4
0.7
1
0.0072571
1.27315
0.475924
0.5
0.973311
1.14731
0.488365
0.5
0
0.0625
-0.585
0.055
0.4025
-0.75315
-0.146164
-0.35
1.21
-0.485
1.58
-0.105
1.26
-0.2275
1.665
0.36
1.25
0.245
1.655
0.7375
1.095
0.915
1.6075
0.79375
-0.2675
0.53625
-1.0125
0.86125
-1.4675
1.1612
-1.47177
-0.436035
-0.00889456
-0.640601
0.186614
-0.454149
0.791253
-0.254112
0.795781
0.345998
0.809366
0.546035
0.813894
0.759658
0.218313
0.661904
0.11603
0.564149
0.0137472
0.9875
-1.425
0.456946
2
0.7
-0.7975
0.404969
1.5
0.7075
-0.155
0.342345
1.2
0.055
0.4025
0.7
1
-0.0783072
1.29986
0.475924
0.5
0.848733
1.20798
0.488365
0.5
0
0.04
-0.72
0.035
0.405
-0.7771
-0.137443
-0.385
1.2
-0.495
1.58
-0.145
1.25
-0.24
1.67
0.355
1.23
0.255
1.63
0.7
1.14
0.815
1.635
0.7725
-0.265
0.6875
-1.025
0.9875
-1.515
1.28745
-1.51589
-0.459024
-0.00259637
-0.662067
0.194409
-0.471099
0.797502
-0.271075
0.800521
0.328999
0.809577
0.529023
0.812596
0.738105
0.215542
0.639603
0.11402
0.5411
0.0124981
1.11
-1.48
0.456946
2
0.775
-0.825
0.404969
1.5
0.71
-0.17
0.342345
1.2
0.035
0.405
0.7
1
-0.163871
1.32657
0.475924
0.5
0.724155
1.26866
0.488365
0.5
0
-0.005
-0.99
-0.005
0.41
-0.825
-0.12
-0.455
1.18
-0.515
1.58
-0.225
1.23
-0.265
1.68
0.345
1.19
0.275
1.58
0.625
1.23
0.615
1.69
0.73
-0.26
0.99
-1.05
1.24
-1.61
1.53994
-1.60412
-0.505
0.01
-0.705
0.21
-0.505
0.81
-0.305
0.81
0.295
0.81
0.495
0.81
0.695
0.21
0.595
0.11
0.495
0.01
1.355
-1.59
0.456946
2
0.925
-0.88
0.39
1.5
0.715
-0.2
0.358469
1.2
-0.005
0.41
0.7
1
-0.335
1.38
0.411461
0.5
0.475
1.39
0.404969
0.5
0
