33
10
15
9
6
-0.005
-0.99
-0.005
0.41
-0.875
-0.09
-0.415
0.96
-0.705
1.17
-0.155
0.96
-0.444021
1.24375
0.445
0.98
0.125
1.2
0.715
0.98
0.395
1.24
0.475
-0.63
0.445
-1.29
1.145
-1.52
1.44494
-1.51412
-0.505
0.01
-0.705
0.21
-0.505
0.81
-0.305
0.81
0.295
0.81
0.495
0.81
0.695
0.21
0.595
0.11
0.495
0.01
1.245
-1.47
0.474236
2
0.645
-1.03
0.434626
1.5
0.545
-0.28
0.411096
1.2
-0.005
0.41
0.7
1
-0.425
1.07
0.411461
0.5
0.425
1.06
0.404969
0.5
0
-0.0955357
-0.585893
-0.005
0.41
-0.921533
0.00130886
-0.356794
0.998996
-0.623884
1.2375
-0.0981289
0.972476
-0.356723
1.28425
0.475
0.89
0.355
1.15
0.705
0.84
0.635
1.17
0.366454
-0.67362
0.269287
-1.32717
0.942232
-1.62739
1.24123
-1.65214
-0.543233
0.0630548
-0.721806
0.282428
-0.461632
0.858947
-0.262659
0.838546
0.33426
0.777346
0.533233
0.756945
0.671005
0.139626
0.561318
0.0503397
0.451632
-0.0389465
1.035
-1.61
0.521536
2
0.445
-1.07
0.436578
1.5
0.495
-0.28
0.392046
1.2
-0.005
0.41
0.7
1
-0.405
1.09
0.411461
0.5
0.535
0.96
0.404969
0.5
0
-0.224038
-0.565716
-0.005
0.41
-0.970619
0.136425
-0.269057
1.04328
-0.499354
1.31752
-0.0168101
0.980069
-0.228227
1.32563
0.555
0.79
0.605
1.07
0.735
0.69
0.835
0.98
0.20784
-0.715687
0.0182744
-1.34871
0.641483
-1.74204
0.933909
-1.80926
-0.58734
0.143488
-0.732751
0.386149
-0.392842
0.919634
-0.198806
0.871009
0.383303
0.725136
0.57734
0.676512
0.625503
0.0457783
0.504172
-0.0269276
0.382842
-0.0996335
0.745
-1.7
0.456946
2
0.285
-1.13
0.408534
1.5
0.325
-0.45
0.460435
1.2
-0.005
0.41
0.7
1
-0.275
1.19
0.411461
0.5
0.685
0.89
0.404969
0.5
0
-0.375
-0.47
-0.005
0.41
-1.00683
0.345715
-0.129926
1.08484
-0.297405
1.40148
0.103434
0.969938
-0.030574
1.35234
0.665
0.68
0.835
0.9
0.765
0.5
0.977253
0.725171
-0.0337947
-0.735569
-0.352398
-1.31469
0.174233
-1.83047
0.446039
-1.95775
-0.630543
0.271953
-0.721664
0.539847
-0.276995
0.989983
-0.0974872
0.901596
0.441036
0.636435
0.620543
0.548047
0.534889
-0.0788625
0.400942
-0.124423
0.266995
-0.169983
0.245
-1.81
0.456946
2
-0.065
-1.13
0.39
1.5
0.185
-0.44
0.358469
1.2
-0.005
0.41
0.7
1
-0.085
1.25
0.411461
0.5
0.745
0.69
0.404969
0.5
0
-0.597205
-0.395787
-0.005
0.41
-0.989442
0.607855
0.0494303
1.09431
-0.0301916
1.44365
0.24504
0.922762
0.214815
1.32694
0.705
0.44
0.965
0.5
0.755
0.23
1.025
0.29
-0.330068
-0.689144
-0.788108
-1.1659
-0.413221
-1.8008
-0.183683
-1.99428
-0.645094
0.438963
-0.663602
0.721393
-0.117252
1.04084
0.0332172
0.908879
0.484625
0.512998
0.635094
0.381037
0.389681
-0.202331
0.248467
-0.211585
0.107252
-0.220839
-0.295
-1.86
0.456946
2
-0.445
-1.16
0.39
1.5
-0.135
-0.59
0.358469
1.2
-0.005
0.41
0.7
1
0.095
1.17
0.411461
0.5
0.785
0.39
0.404969
0.5
0
-0.726582
-0.282329
-0.005
0.41
-0.931561
0.797506
0.182865
1.07041
0.173433
1.42865
0.340986
0.863728
0.390776
1.26604
0.735
0.3
0.995
0.33
0.715
0.04
0.995
0.03
-0.539807
-0.604049
-1.0827
-0.981586
-0.839824
-1.67791
-0.65274
-1.91276
-0.62705
0.564199
-0.589696
0.844816
0.00889149
1.05073
0.130523
0.891741
0.495418
0.414786
0.61705
0.255801
0.261726
-0.26808
0.121417
-0.249403
-0.0188908
-0.230726
-0.735
-1.77
0.456946
2
-0.765
-1.01
0.39
1.5
-0.245
-0.46
0.358469
1.2
-0.005
0.41
0.7
1
0.335
1.19
0.411461
0.5
0.815
0.15
0.404969
0.5
0
-0.726582
-0.282329
-0.005
0.41
-0.931561
0.797506
0.182865
1.07041
0.173433
1.42865
0.340986
0.863728
0.390776
1.26604
0.875
0.28
1.195
0.29
0.855
0.02
1.215
0.01
-0.539807
-0.604049
-1.0827
-0.981586
-0.839824
-1.67791
-0.65274
-1.91276
-0.62705
0.564199
-0.589696
0.844816
0.00889149
1.05073
0.130523
0.891741
0.495418
0.414786
0.61705
0.255801
0.261726
-0.26808
0.121417
-0.249403
-0.0188908
-0.230726
-0.735
-1.77
0.456946
2
-0.765
-1.01
0.39
1.5
-0.245
-0.46
0.374833
1.2
-0.005
0.41
0.7
1
0.335
1.19
0.411461
0.5
0.975
0.16
0.404969
0.5
1
1.245
0.05
0.594391
0.943858
-0.33035
1.2
0.1
1
0
-0.726582
-0.282329
-0.005
0.41
-0.931561
0.797506
0.182865
1.07041
0.173433
1.42865
0.340986
0.863728
0.390776
1.26604
1.06674
0.231518
1.565
0.24
1.105
-0.03
1.585
-0.04
-0.539807
-0.604049
-1.0827
-0.981586
-0.839824
-1.67791
-0.65274
-1.91276
-0.62705
0.564199
-0.589696
0.844816
0.00889149
1.05073
0.130523
0.891741
0.495418
0.414786
0.61705
0.255801
0.261726
-0.26808
0.121417
-0.249403
-0.0188908
-0.230726
-0.735
-1.77
0.456946
2
-0.765
-1.01
0.39
1.5
-0.245
-0.46
0.374833
1.2
-0.005
0.41
0.7
1
0.335
1.19
0.411461
0.5
1.095
0.13
0.46669
0.5
1
1.855
0.1
0.594391
0.943858
-0.33035
1.2
0.1
1
0
-0.726582
-0.282329
-0.005
0.41
-0.931561
0.797506
0.182865
1.07041
0.173433
1.42865
0.340986
0.863728
0.390776
1.26604
1.07143
0.246844
1.765
0.21
1.14833
-0.023024
1.815
-0.05
-0.539807
-0.604049
-1.0827
-0.981586
-0.839824
-1.67791
-0.65274
-1.91276
-0.62705
0.564199
-0.589696
0.844816
0.00889149
1.05073
0.130523
0.891741
0.495418
0.414786
0.61705
0.255801
0.261726
-0.26808
0.121417
-0.249403
-0.0188908
-0.230726
-0.735
-1.77
0.456946
2
-0.765
-1.01
0.39
1.5
-0.245
-0.46
0.374833
1.2
-0.005
0.41
0.7
1
0.335
1.19
0.411461
0.5
1.215
0.11
0.551453
0.5
1
2.045
0.03
0.594391
0.943858
-0.33035
1.2
0.1
1
0
-0.677673
-0.32994
-0.005
0.41
-0.96018
0.720725
0.128423
1.08361
0.0898156
1.43993
0.302886
0.890479
0.319718
1.29556
1.02151
0.37354
1.70848
0.43976
1.16069
0.144093
1.76629
0.223727
-0.455421
-0.644396
-0.985
-1.14
-0.595
-1.73
-0.389369
-1.94885
-0.637625
0.512992
-0.623268
0.795754
-0.0433883
1.04981
0.0908141
0.901244
0.493422
0.455567
0.627625
0.307008
0.31615
-0.24416
0.174769
-0.236981
0.0333888
-0.229803
-0.554934
-1.82252
0.456946
2
-0.646797
-1.0674
0.39
1.5
-0.173304
-0.476775
0.374833
1.2
-0.005
0.41
0.7
1
0.27032
1.21522
0.411461
0.5
1.23736
0.310917
0.551453
0.5
0
-0.665678
-0.340172
-0.005
0.41
-0.96534
0.702664
0.115744
1.08564
0.0705035
1.441
0.293698
0.895908
0.302948
1.30103
1.00738
0.405155
1.68761
0.49232
1.14427
0.17307
1.75097
0.267795
-0.435411
-0.6521
-0.9625
-1.185
-0.53
-1.735
-0.310215
-1.93556
-0.639122
0.5011
-0.630059
0.783939
-0.0553194
1.04865
0.0815685
0.902702
0.492234
0.464851
0.629122
0.3189
0.328158
-0.237715
0.186739
-0.233184
0.0453199
-0.228652
-0.477451
-1.81189
0.456946
2
-0.591347
-1.06555
0.39
1.5
-0.138728
-0.472581
0.374833
1.2
-0.005
0.41
0.7
1
0.255085
1.21982
0.411461
0.5
1.23837
0.334202
0.551453
0.5
0
-0.653684
-0.350405
-0.005
0.41
-0.9705
0.684602
0.103064
1.08768
0.0511913
1.44208
0.284511
0.901336
0.286178
1.3065
0.993255
0.43677
1.66674
0.54488
1.12785
0.202047
1.73564
0.311864
-0.4154
-0.659804
-0.94
-1.23
-0.465
-1.74
-0.231061
-1.92227
-0.640618
0.489207
-0.63685
0.772123
-0.0672505
1.0475
0.072323
0.90416
0.491045
0.474135
0.630618
0.330793
0.340166
-0.23127
0.198709
-0.229386
0.057251
-0.227502
-0.399967
-1.80126
0.456946
2
-0.535898
-1.0637
0.39
1.5
-0.104152
-0.468387
0.374833
1.2
-0.005
0.41
0.7
1
0.23985
1.22442
0.411461
0.5
1.23938
0.357487
0.551453
0.5
0
-0.64169
-0.360637
-0.005
0.41
-0.975661
0.666541
0.0903853
1.08972
0.0318791
1.44315
0.275323
0.906765
0.269408
1.31197
0.979128
0.468385
1.64587
0.59744
1.11142
0.231023
1.72032
0.355932
-0.39539
-0.667508
-0.9175
-1.275
-0.4
-1.745
-0.151907
-1.90898
-0.642115
0.477314
-0.643641
0.760307
-0.0791817
1.04635
0.0630774
0.905618
0.489856
0.483419
0.632115
0.342686
0.352174
-0.224826
0.210678
-0.225589
0.0691821
-0.226351
-0.322484
-1.79063
0.456946
2
-0.480449
-1.06185
0.39
1.5
-0.0695759
-0.464194
0.374833
1.2
-0.005
0.41
0.7
1
0.224616
1.22902
0.411461
0.5
1.24039
0.380772
0.551453
0.5
0
-0.629695
-0.370869
-0.005
0.41
-0.980821
0.64848
0.0777062
1.09176
0.0125669
1.44423
0.266135
0.912194
0.252638
1.31744
0.965
0.5
1.625
0.65
1.095
0.26
1.705
0.4
-0.37538
-0.675212
-0.895
-1.32
-0.335
-1.75
-0.0727528
-1.89569
-0.643611
0.465422
-0.650431
0.748491
-0.0911128
1.0452
0.0538318
0.907077
0.488667
0.492703
0.633611
0.354578
0.364182
-0.218381
0.222648
-0.221791
0.0811131
-0.225201
-0.245
-1.78
0.478539
2
-0.425
-1.06
0.39
1.5
-0.035
-0.46
0.374833
1.2
-0.005
0.41
0.7
1
0.209381
1.23362
0.411461
0.5
1.2414
0.404058
0.551453
0.5
0
-0.616075
-0.381026
-0.005
0.41
-0.984574
0.630346
0.0650924
1.09283
-0.00649733
1.44387
0.256705
0.916859
0.235752
1.32159
0.942389
0.521323
1.60307
0.698713
1.08365
0.291909
1.68301
0.444995
-0.355145
-0.681322
-0.841676
-1.34625
-0.257406
-1.75439
0.0133427
-1.87552
-0.644212
0.453621
-0.656243
0.736379
-0.102758
1.0432
0.0446359
0.907834
0.486819
0.501743
0.634213
0.366379
0.375516
-0.211167
0.234137
-0.217182
0.0927583
-0.223197
-0.160169
-1.77219
0.478539
2
-0.397643
-1.06677
0.39
1.5
-0.018953
-0.459981
0.374833
1.2
-0.005
0.41
0.7
1
0.194067
1.23703
0.411461
0.5
1.24069
0.427023
0.551453
0.5
0
-0.602455
-0.391182
-0.005
0.41
-0.988326
0.612213
0.0524786
1.09391
-0.0255616
1.44351
0.247275
0.921524
0.218866
1.32574
0.919778
0.542647
1.58115
0.747425
1.0723
0.323818
1.66102
0.489991
-0.334909
-0.687432
-0.788353
-1.3725
-0.179811
-1.75878
0.0994382
-1.85535
-0.644814
0.44182
-0.662055
0.724266
-0.114403
1.0412
0.03544
0.908591
0.484971
0.510783
0.634814
0.37818
0.38685
-0.203953
0.245626
-0.212573
0.104404
-0.221193
-0.0753373
-1.76437
0.478539
2
-0.370287
-1.07354
0.39
1.5
-0.00290599
-0.459962
0.374833
1.2
-0.005
0.41
0.7
1
0.178753
1.24043
0.411461
0.5
1.23998
0.449988
0.551453
0.5
0
-0.575215
-0.411496
-0.005
0.41
-0.99583
0.575946
0.027251
1.09606
-0.0636901
1.4428
0.228416
0.930854
0.185093
1.33404
0.874555
0.585294
1.53729
0.84485
1.04961
0.387636
1.61703
0.579981
-0.294439
-0.699653
-0.681705
-1.42501
-0.0246224
-1.76756
0.271629
-1.81501
-0.646017
0.418217
-0.673678
0.700041
-0.137694
1.03719
0.0170482
0.910105
0.481275
0.528863
0.636017
0.401782
0.409517
-0.189525
0.268605
-0.203355
0.127694
-0.217186
0.0943253
-1.74874
0.478539
2
-0.315574
-1.08709
0.39
1.5
0.029188
-0.459924
0.374833
1.2
-0.005
0.41
0.7
1
0.148126
1.24725
0.411461
0.5
1.23856
0.495919
0.551453
0.5
0
-0.538177
-0.434869
-0.005
0.41
-1.00195
0.522413
-0.0095847
1.09587
-0.118843
1.43677
0.199866
0.941899
0.13507
1.34164
0.806912
0.638329
1.44257
0.931659
1.00406
0.455743
1.53614
0.674236
-0.21954
-0.710648
-0.504571
-1.48555
0.1545
-1.7369
0.452637
-1.76262
-0.644664
0.383862
-0.687343
0.663415
-0.170915
1.02833
-0.00979916
0.909888
0.473549
0.554576
0.634664
0.436138
0.440468
-0.165647
0.300691
-0.186986
0.160915
-0.208325
0.269663
-1.72437
0.478539
2
-0.185287
-1.11354
0.39
1.5
0.0756857
-0.45566
0.374833
1.2
-0.005
0.41
0.7
1
0.102854
1.25311
0.411461
0.5
1.23048
0.562284
0.551453
0.5
0
-0.501139
-0.458243
-0.005
0.41
-1.00806
0.468879
-0.0464204
1.09568
-0.173996
1.43074
0.171317
0.952945
0.0850464
1.34923
0.73927
0.691364
1.34784
1.01847
0.958504
0.523851
1.45524
0.768491
-0.144642
-0.721643
-0.327436
-1.54609
0.333622
-1.70625
0.633644
-1.71024
-0.643312
0.349506
-0.701008
0.62679
-0.204136
1.01947
-0.0366466
0.909671
0.465822
0.580288
0.633312
0.470494
0.47142
-0.141768
0.332778
-0.170616
0.194136
-0.199464
0.445
-1.7
0.478539
2
-0.055
-1.14
0.39
1.5
0.122183
-0.451397
0.374833
1.2
-0.005
0.41
0.7
1
0.0575827
1.25897
0.411461
0.5
1.22241
0.628649
0.551453
0.5
0
-0.501139
-0.458243
-0.005
0.41
-1.00806
0.468879
-0.0464204
1.09568
-0.173996
1.43074
0.171317
0.952945
0.0850464
1.34923
0.697135
0.690682
1.24142
1.03923
0.921752
0.531925
1.39012
0.809245
-0.169821
-0.700822
-0.286218
-1.52805
0.364311
-1.66812
0.664333
-1.67212
-0.643312
0.349506
-0.701008
0.62679
-0.204136
1.01947
-0.0366466
0.909671
0.465822
0.580288
0.633312
0.470494
0.47142
-0.141768
0.332778
-0.170616
0.194136
-0.199464
0.465
-1.655
0.478539
2
-0.055
-1.14
0.39
1.5
0.122183
-0.451397
0.374833
1.2
-0.005
0.41
0.7
1
0.0575827
1.25897
0.411461
0.5
1.0887
0.699325
0.551453
0.5
0
-0.501139
-0.458243
-0.005
0.41
-1.00806
0.468879
-0.0464204
1.09568
-0.173996
1.43074
0.171317
0.952945
0.0850464
1.34923
0.655
0.69
1.135
1.06
0.885
0.54
1.325
0.85
-0.195
-0.68
-0.245
-1.51
0.395
-1.63
0.695021
-1.63399
-0.643312
0.349506
-0.701008
0.62679
-0.204136
1.01947
-0.0366466
0.909671
0.465822
0.580288
0.633312
0.470494
0.47142
-0.141768
0.332778
-0.170616
0.194136
-0.199464
0.485
-1.61
0.478539
2
-0.055
-1.14
0.39
1.5
0.122183
-0.451397
0.374833
1.2
-0.005
0.41
0.7
1
0.0575827
1.25897
0.411461
0.5
0.955
0.77
0.450999
0.5
0
-0.446433
-0.485219
-0.005
0.41
-1.0075
0.400677
-0.0926721
1.08976
-0.242362
1.41466
0.133744
0.962423
0.0210253
1.35107
0.6211
0.746939
0.961475
1.15764
0.845352
0.611165
1.18127
0.988946
-0.150506
-0.651672
-0.127383
-1.52948
0.513313
-1.53555
0.812244
-1.51921
-0.636318
0.306548
-0.712532
0.578667
-0.244511
1.00321
-0.0703447
0.90526
0.452153
0.611404
0.626318
0.513451
0.506628
-0.106998
0.370569
-0.145105
0.23451
-0.183211
0.623401
-1.5217
0.478539
2
0.0497416
-1.09604
0.39
1.5
0.179947
-0.438874
0.374833
1.2
-0.005
0.41
0.7
1
-0.000200417
1.25936
0.411461
0.5
0.89607
0.869636
0.450999
0.5
0
-0.391727
-0.512194
-0.005
0.41
-1.00694
0.332474
-0.138924
1.08385
-0.310728
1.39858
0.0961713
0.971901
-0.0429957
1.35291
0.587201
0.803878
0.787949
1.25529
0.805704
0.682331
1.03754
1.12789
-0.106011
-0.623343
-0.00976519
-1.54897
0.631627
-1.4411
0.929466
-1.40442
-0.629325
0.263591
-0.724057
0.530544
-0.284885
0.986962
-0.104043
0.900849
0.438483
0.642519
0.619325
0.556408
0.541837
-0.0722272
0.40836
-0.119593
0.274884
-0.166959
0.761801
-1.4334
0.478539
2
0.154483
-1.05208
0.39
1.5
0.237711
-0.426351
0.374833
1.2
-0.005
0.41
0.7
1
-0.0579836
1.25975
0.411461
0.5
0.837141
0.969272
0.450999
0.5
0
-0.331939
-0.532924
-0.005
0.41
-0.994245
0.252114
-0.192444
1.06871
-0.388544
1.36756
0.050175
0.976457
-0.118846
1.34379
0.5461
0.861939
0.621475
1.31764
0.770352
0.776165
0.856268
1.22395
-0.00550573
-0.596672
0.0926174
-1.52448
0.733313
-1.38055
1.02628
-1.32007
-0.613499
0.214148
-0.729166
0.47174
-0.329649
0.960669
-0.143019
0.889703
0.416869
0.676815
0.603499
0.605852
0.57724
-0.0249987
0.448444
-0.0828319
0.319648
-0.140665
0.905642
-1.35968
0.478539
2
0.271451
-1.02981
0.39
1.5
0.303646
-0.401392
0.374833
1.2
-0.005
0.41
0.7
1
-0.126219
1.25001
0.411461
0.5
0.726071
1.04964
0.450999
0.5
0
-0.272152
-0.553654
-0.005
0.41
-0.981552
0.171754
-0.245964
1.05357
-0.466361
1.33654
0.00417861
0.981012
-0.194696
1.33466
0.505
0.92
0.455
1.38
0.735
0.87
0.675
1.32
0.095
-0.57
0.195
-1.5
0.835
-1.32
1.12309
-1.23572
-0.597672
0.164704
-0.734275
0.412937
-0.374413
0.934376
-0.181995
0.878557
0.395256
0.711111
0.587673
0.655295
0.612644
0.0222297
0.488528
-0.0460709
0.364412
-0.114372
1.04948
-1.28596
0.478539
2
0.388419
-1.00755
0.39
1.5
0.369582
-0.376432
0.374833
1.2
-0.005
0.41
0.7
1
-0.194455
1.24028
0.411461
0.5
0.615
1.13
0.450999
0.5
0
-0.208576
-0.526827
-0.005
0.41
-0.962981
0.111875
-0.285105
1.03611
-0.522272
1.30427
-0.0314027
0.979397
-0.251531
1.31931
0.471299
0.949795
0.365
1.355
0.70353
0.914304
0.595
1.335
0.08
-0.55
0.265
-1.49
0.865
-1.295
1.14674
-1.19311
-0.580133
0.128749
-0.731665
0.367527
-0.405641
0.909371
-0.210485
0.865745
0.374979
0.734874
0.570133
0.691251
0.634418
0.0621638
0.515028
-0.0136016
0.39564
-0.0893672
1.05224
-1.23798
0.478539
2
0.401709
-0.998776
0.39
1.5
0.357291
-0.348216
0.374833
1.2
-0.005
0.41
0.7
1
-0.245415
1.2253
0.411461
0.5
0.567805
1.16584
0.450999
0.5
0
-0.145
-0.5
-0.005
0.41
-0.94441
0.0519959
-0.324245
1.01864
-0.578183
1.272
-0.0669839
0.977782
-0.308366
1.30396
0.437597
0.97959
0.275
1.33
0.672061
0.958608
0.515
1.35
0.065
-0.53
0.335
-1.48
0.895
-1.27
1.17039
-1.15049
-0.562593
0.0927943
-0.729054
0.322118
-0.43687
0.884367
-0.238976
0.852932
0.354701
0.758637
0.552593
0.727206
0.656191
0.102098
0.541529
0.0188676
0.426868
-0.0643627
1.055
-1.19
0.478539
2
0.415
-0.99
0.39
1.5
0.345
-0.32
0.374833
1.2
-0.005
0.41
0.7
1
-0.296375
1.21033
0.411461
0.5
0.52061
1.20168
0.450999
0.5
0
-0.1275
-0.56125
-0.005
0.41
-0.935734
0.0342464
-0.335589
1.01131
-0.594035
1.25925
-0.0779859
0.975559
-0.325323
1.29644
0.438523
0.979641
0.25625
1.31375
0.677428
0.961282
0.49625
1.33875
0.11625
-0.5425
0.34875
-1.45625
0.92625
-1.30125
1.20471
-1.19595
-0.555394
0.082445
-0.726048
0.308103
-0.445386
0.875071
-0.247229
0.847565
0.347239
0.765058
0.545394
0.737555
0.661042
0.115586
0.548213
0.0302592
0.435384
-0.0550674
1.0925
-1.24
0.478539
2
0.47875
-0.97625
0.39
1.5
0.39125
-0.305
0.374833
1.2
-0.005
0.41
0.7
1
-0.301203
1.23154
0.411461
0.5
0.514908
1.22522
0.450999
0.5
0
-0.11
-0.6225
-0.005
0.41
-0.927057
0.0164969
-0.346934
1.00398
-0.609887
1.2465
-0.088988
0.973336
-0.34228
1.28891
0.439448
0.979693
0.2375
1.2975
0.682796
0.963956
0.4775
1.3275
0.1675
-0.555
0.3625
-1.4325
0.9575
-1.3325
1.23903
-1.2414
-0.548195
0.0720957
-0.723041
0.294088
-0.453902
0.865775
-0.255482
0.842199
0.339776
0.771478
0.538195
0.747904
0.665893
0.129073
0.554897
0.0416507
0.443901
-0.045772
1.13
-1.29
0.478539
2
0.5425
-0.9625
0.39
1.5
0.4375
-0.29
0.374833
1.2
-0.005
0.41
0.7
1
-0.306031
1.25275
0.411461
0.5
0.509207
1.24876
0.450999
0.5
0
-0.0925
-0.68375
-0.005
0.41
-0.918381
-0.00125258
-0.358278
0.996652
-0.625739
1.23375
-0.09999
0.971114
-0.359237
1.28138
0.440373
0.979744
0.21875
1.28125
0.688163
0.96663
0.45875
1.31625
0.21875
-0.5675
0.37625
-1.40875
0.98875
-1.36375
1.27335
-1.28685
-0.540996
0.0617464
-0.720034
0.280074
-0.462418
0.856479
-0.263735
0.836832
0.332313
0.777898
0.530996
0.758253
0.670744
0.142561
0.561581
0.0530423
0.452417
-0.0364767
1.1675
-1.34
0.478539
2
0.60625
-0.94875
0.39
1.5
0.48375
-0.275
0.374833
1.2
-0.005
0.41
0.7
1
-0.310859
1.27396
0.411461
0.5
0.503506
1.2723
0.450999
0.5
0
-0.075
-0.745
-0.005
0.41
-0.909705
-0.0190021
-0.369622
0.989322
-0.641592
1.221
-0.110992
0.968891
-0.376193
1.27386
0.441299
0.979795
0.2
1.265
0.69353
0.969304
0.44
1.305
0.27
-0.58
0.39
-1.385
1.02
-1.395
1.30767
-1.33231
-0.533796
0.0513971
-0.717027
0.266059
-0.470935
0.847183
-0.271988
0.831466
0.324851
0.784319
0.523797
0.768603
0.675596
0.156049
0.568264
0.0644338
0.460934
-0.0271814
1.205
-1.39
0.478539
2
0.67
-0.935
0.39
1.5
0.53
-0.26
0.374833
1.2
-0.005
0.41
0.7
1
-0.315687
1.29517
0.411461
0.5
0.497805
1.29584
0.450999
0.5
0
-0.04
-0.8675
-0.005
0.41
-0.892352
-0.054501
-0.392311
0.974661
-0.673296
1.1955
-0.132996
0.964445
-0.410107
1.2588
0.443149
0.979897
0.1625
1.2325
0.704265
0.974652
0.4025
1.2825
0.3725
-0.605
0.4175
-1.3375
1.0825
-1.4575
1.3763
-1.42321
-0.519398
0.0306986
-0.711014
0.238029
-0.487967
0.828592
-0.288494
0.820733
0.309925
0.797159
0.509398
0.789301
0.685298
0.183024
0.581632
0.0872169
0.477967
-0.00859068
1.28
-1.49
0.478539
2
0.7975
-0.9075
0.39
1.5
0.6225
-0.23
0.374833
1.2
-0.005
0.41
0.7
1
-0.325344
1.33758
0.411461
0.5
0.486402
1.34292
0.450999
0.5
0
-0.005
-0.99
-0.005
0.41
-0.875
-0.09
-0.415
0.96
-0.705
1.17
-0.155
0.96
-0.444021
1.24375
0.445
0.98
0.125
1.2
0.715
0.98
0.365
1.26
0.475
-0.63
0.445
-1.29
1.145
-1.52
1.44494
-1.51412
-0.505
0.01
-0.705
0.21
-0.505
0.81
-0.305
0.81
0.295
0.81
0.495
0.81
0.695
0.21
0.595
0.11
0.495
0.01
1.355
-1.59
0.456946
2
0.925
-0.88
0.39
1.5
0.715
-0.2
0.358469
1.2
-0.005
0.41
0.7
1
-0.335
1.38
0.411461
0.5
0.475
1.39
0.404969
0.5
0
