43
10
15
9
6
-0.005
-0.99
-0.005
0.41
-0.825
-0.12
-0.455
1.18
-0.515
1.58
-0.225
1.23
-0.265
1.68
0.345
1.19
0.275
1.58
0.625
1.23
0.595
1.68
0.73
-0.26
0.99
-1.05
1.24
-1.61
1.53994
-1.60412
-0.505
0.01
-0.705
0.21
-0.505
0.81
-0.305
0.81
0.295
0.81
0.495
0.81
0.695
0.21
0.595
0.11
0.495
0.01
1.355
-1.59
0.456946
2
0.925
-0.88
0.39
1.5
0.715
-0.2
0.358469
1.2
-0.005
0.41
0.7
1
-0.335
1.38
0.411461
0.5
0.475
1.39
0.404969
0.5
0
-0.005
-0.99
-0.005
0.41
-0.825
-0.12
-0.455
1.18
-0.515
1.58
-0.225
1.23
-0.265
1.68
0.345
1.19
0.275
1.58
0.625
1.23
0.595
1.68
0.7775
-0.31
0.9025
-1.315
1.2175
-1.68
1.51744
-1.67412
-0.505
0.01
-0.705
0.21
-0.505
0.81
-0.305
0.81
0.295
0.81
0.495
0.81
0.695
0.21
0.595
0.11
0.495
0.01
1.32
-1.635
0.456946
2
0.885
-0.91
0.39
1.5
0.715
-0.2
0.358469
1.2
-0.005
0.41
0.7
1
-0.335
1.38
0.411461
0.5
0.475
1.39
0.404969
0.5
0
-0.005
-0.99
-0.005
0.41
-0.825
-0.12
-0.455
1.18
-0.515
1.58
-0.225
1.23
-0.265
1.68
0.345
1.19
0.275
1.58
0.625
1.23
0.595
1.68
0.825
-0.36
0.815
-1.58
1.195
-1.75
1.49494
-1.74412
-0.505
0.01
-0.705
0.21
-0.505
0.81
-0.305
0.81
0.295
0.81
0.495
0.81
0.695
0.21
0.595
0.11
0.495
0.01
1.285
-1.68
0.521536
2
0.845
-0.94
0.414849
1.5
0.715
-0.2
0.417732
1.2
-0.005
0.41
0.7
1
-0.335
1.38
0.411461
0.5
0.475
1.39
0.404969
0.5
0
-0.005
-0.99
-0.005
0.41
-0.825
-0.12
-0.455
1.18
-0.515
1.58
-0.225
1.23
-0.265
1.68
0.345
1.19
0.275
1.58
0.625
1.23
0.595
1.68
0.82
-0.54
0.735
-1.685
1.22
-1.815
1.51749
-1.78489
-0.505
0.01
-0.705
0.21
-0.505
0.81
-0.305
0.81
0.295
0.81
0.495
0.81
0.695
0.21
0.595
0.11
0.495
0.01
1.285
-1.73
0.521536
2
0.805
-1.025
0.414849
1.5
0.71
-0.25
0.417732
1.2
-0.005
0.41
0.7
1
-0.335
1.38
0.411461
0.5
0.475
1.39
0.404969
0.5
0
-0.005
-0.99
-0.005
0.41
-0.825
-0.12
-0.455
1.18
-0.515
1.58
-0.225
1.23
-0.265
1.68
0.345
1.19
0.275
1.58
0.625
1.23
0.595
1.68
0.815
-0.72
0.655
-1.79
1.245
-1.88
1.54004
-1.82565
-0.505
0.01
-0.705
0.21
-0.505
0.81
-0.305
0.81
0.295
0.81
0.495
0.81
0.695
0.21
0.595
0.11
0.495
0.01
1.285
-1.78
0.521536
2
0.765
-1.11
0.429535
1.5
0.705
-0.3
0.417732
1.2
-0.005
0.41
0.7
1
-0.335
1.38
0.411461
0.5
0.475
1.39
0.404969
0.5
0
-0.005
-0.99
-0.005
0.41
-0.825
-0.12
-0.455
1.18
-0.515
1.58
-0.225
1.23
-0.265
1.68
0.345
1.19
0.275
1.58
0.625
1.23
0.595
1.68
0.85
-0.91
0.62
-1.87
1.325
-1.865
1.60749
-1.77238
-0.505
0.01
-0.705
0.21
-0.505
0.81
-0.305
0.81
0.295
0.81
0.495
0.81
0.695
0.21
0.595
0.11
0.495
0.01
1.38
-1.765
0.521536
2
0.79
-1.16
0.429535
1.5
0.7
-0.335
0.417732
1.2
-0.005
0.41
0.7
1
-0.335
1.38
0.411461
0.5
0.475
1.39
0.404969
0.5
0
-0.005
-0.99
-0.005
0.41
-0.825
-0.12
-0.455
1.18
-0.515
1.58
-0.225
1.23
-0.265
1.68
0.345
1.19
0.275
1.58
0.625
1.23
0.595
1.68
0.885
-1.1
0.585
-1.95
1.405
-1.85
1.67494
-1.71912
-0.505
0.01
-0.705
0.21
-0.505
0.81
-0.305
0.81
0.295
0.81
0.495
0.81
0.695
0.21
0.595
0.11
0.495
0.01
1.475
-1.75
0.521536
2
0.815
-1.21
0.458803
1.5
0.695
-0.37
0.450999
1.2
-0.005
0.41
0.7
1
-0.335
1.38
0.411461
0.5
0.475
1.39
0.404969
0.5
0
-0.005
-0.99
-0.005
0.41
-0.825
-0.12
-0.455
1.18
-0.515
1.58
-0.225
1.23
-0.265
1.68
0.345
1.19
0.275
1.58
0.625
1.23
0.595
1.68
0.6
-1.28
0.675
-2.075
1.465
-1.775
1.72203
-1.62237
-0.505
0.01
-0.705
0.21
-0.505
0.81
-0.305
0.81
0.295
0.81
0.495
0.81
0.695
0.21
0.595
0.11
0.495
0.01
1.56
-1.68
0.521536
2
0.79
-1.35
0.458803
1.5
0.635
-0.43
0.450999
1.2
-0.005
0.41
0.7
1
-0.335
1.38
0.411461
0.5
0.475
1.39
0.404969
0.5
0
-0.005
-0.99
-0.005
0.41
-0.825
-0.12
-0.455
1.18
-0.515
1.58
-0.225
1.23
-0.265
1.68
0.345
1.19
0.275
1.58
0.625
1.23
0.595
1.68
0.315
-1.46
0.765
-2.2
1.525
-1.7
1.76912
-1.52563
-0.505
0.01
-0.705
0.21
-0.505
0.81
-0.305
0.81
0.295
0.81
0.495
0.81
0.695
0.21
0.595
0.11
0.495
0.01
1.645
-1.61
0.521536
2
0.765
-1.49
0.54231
1.5
0.575
-0.49
0.547449
1.2
-0.005
0.41
0.7
1
-0.335
1.38
0.411461
0.5
0.475
1.39
0.404969
0.5
0
-0.005
-0.99
-0.005
0.41
-0.825
-0.12
-0.455
1.18
-0.515
1.58
-0.225
1.23
-0.265
1.68
0.345
1.19
0.275
1.58
0.625
1.23
0.595
1.68
0.215
-1.54
0.775
-2.26
1.985
-1.47
2.22912
-1.29563
-0.505
0.01
-0.705
0.21
-0.505
0.81
-0.305
0.81
0.295
0.81
0.495
0.81
0.695
0.21
0.595
0.11
0.495
0.01
2.045
-1.4
0.521536
2
1.015
-1.45
0.653911
1.5
0.575
-0.49
0.547449
1.2
-0.005
0.41
0.7
1
-0.335
1.38
0.411461
0.5
0.475
1.39
0.404969
0.5
0
-0.005
-0.99
-0.005
0.41
-0.825
-0.12
-0.455
1.18
-0.515
1.58
-0.225
1.23
-0.265
1.68
0.345
1.19
0.275
1.58
0.625
1.23
0.595
1.68
-0.135
-1.47
0.665
-2.4
2.605
-1.02
2.84912
-0.845628
-0.505
0.01
-0.705
0.21
-0.505
0.81
-0.305
0.81
0.295
0.81
0.495
0.81
0.695
0.21
0.595
0.11
0.495
0.01
2.645
-1.02
0.600167
2
1.655
-1.54
0.518652
1.5
0.755
-1.43
0.547449
1.2
-0.005
0.41
0.7
1
0.035
1.25
0.745252
0.5
0.335
-0.57
0.522015
0.5
1
3.075
-0.64
0.95021
0.995037
0.0995037
1.7
0.1
1.18
0
-0.005
-0.99
-0.005
0.41
-0.825
-0.12
-0.455
1.18
-0.515
1.58
-0.225
1.23
-0.265
1.68
0.345
1.19
0.275
1.58
0.625
1.23
0.595
1.68
-0.05
-1.475
0.825
-2.455
2.91
-0.785
3.15412
-0.610628
-0.505
0.01
-0.705
0.21
-0.505
0.81
-0.305
0.81
0.295
0.81
0.495
0.81
0.695
0.21
0.595
0.11
0.495
0.01
2.915
-0.805
0.600167
2
1.945
-1.415
0.518652
1.5
0.945
-1.465
0.547449
1.2
-0.005
0.41
0.7
1
0.035
1.25
0.745252
0.5
0.4
-0.615
0.522015
0.5
1
3.245
-0.57
0.95021
0.995037
0.0995037
1.7
0.1
1.18
0
-0.005
-0.99
-0.005
0.41
-0.825
-0.12
-0.455
1.18
-0.515
1.58
-0.225
1.23
-0.265
1.68
0.345
1.19
0.275
1.58
0.625
1.23
0.595
1.68
0.035
-1.48
0.985
-2.51
3.215
-0.55
3.45912
-0.375629
-0.505
0.01
-0.705
0.21
-0.505
0.81
-0.305
0.81
0.295
0.81
0.495
0.81
0.695
0.21
0.595
0.11
0.495
0.01
3.185
-0.59
0.663702
2
2.235
-1.29
0.572713
1.5
1.135
-1.5
0.600333
1.2
-0.005
0.41
0.7
1
0.035
1.25
0.745252
0.5
0.465
-0.66
0.573149
0.5
1
3.565
-0.29
0.95021
0.995037
0.0995037
1.7
0.1
1.18
0
-0.005
-0.99
-0.005
0.41
-0.825
-0.12
-0.455
1.18
-0.515
1.58
-0.225
1.23
-0.265
1.68
0.345
1.19
0.275
1.58
0.625
1.23
0.595
1.68
0.035
-1.48
0.985
-2.51
3.435
-0.37
3.6763
-0.191813
-0.505
0.01
-0.705
0.21
-0.505
0.81
-0.305
0.81
0.295
0.81
0.495
0.81
0.695
0.21
0.595
0.11
0.495
0.01
3.46
-0.35
0.663702
2
2.475
-1.105
0.572713
1.5
1.305
-1.46
0.600333
1.2
-0.005
0.41
0.7
1
0.035
1.25
0.745252
0.5
0.51
-0.69
0.573149
0.5
1
3.845
-0.05
0.95021
0.995037
0.0995037
1.7
0.1
1.18
0
-0.005
-0.99
-0.005
0.41
-0.825
-0.12
-0.455
1.18
-0.515
1.58
-0.225
1.23
-0.265
1.68
0.345
1.19
0.275
1.58
0.625
1.23
0.595
1.68
0.035
-1.48
0.985
-2.51
3.865
0
4.10349
0.182002
-0.505
0.01
-0.705
0.21
-0.505
0.81
-0.305
0.81
0.295
0.81
0.495
0.81
0.695
0.21
0.595
0.11
0.495
0.01
3.995
0.03
0.663702
2
2.895
-0.73
0.691159
1.5
1.675
-1.35
0.720069
1.2
-0.005
0.41
0.780577
1
0.035
1.25
0.745252
0.5
0.535
-0.81
0.711758
0.5
1
4.275
0.34
0.95021
0.995037
0.0995037
1.7
0.1
1.18
0
-0.005
-0.99
-0.005
0.41
-0.825
-0.12
-0.455
1.18
-0.515
1.58
-0.225
1.23
-0.265
1.68
0.345
1.19
0.275
1.58
0.625
1.23
0.595
1.68
0.025
-1.56
1.195
-2.57
3.735
0.07
3.92878
0.299016
-0.505
0.01
-0.705
0.21
-0.505
0.81
-0.305
0.81
0.295
0.81
0.495
0.81
0.695
0.21
0.595
0.11
0.495
0.01
3.835
0.18
0.663702
2
2.895
-0.73
0.691159
1.5
1.675
-1.35
0.720069
1.2
-0.005
0.41
0.780577
1
0.035
1.25
0.745252
0.5
0.535
-0.81
0.711758
0.5
0
-0.005
-0.99
-0.005
0.41
-0.825
-0.12
-0.455
1.18
-0.515
1.58
-0.225
1.23
-0.265
1.68
0.345
1.19
0.275
1.58
0.625
1.23
0.595
1.68
0.0575
-1.5875
1.3375
-2.59
3.6825
0.0275
3.86642
0.263574
-0.505
0.01
-0.705
0.21
-0.505
0.81
-0.305
0.81
0.295
0.81
0.495
0.81
0.695
0.21
0.595
0.11
0.495
0.01
3.7575
0.0975
0.663702
2
2.85
-0.8275
0.691159
1.5
1.67
-1.3875
0.720069
1.2
-0.005
0.41
0.780577
1
0.035
1.25
0.745252
0.5
0.5825
-0.8075
0.711758
0.5
0
-0.005
-0.99
-0.005
0.41
-0.825
-0.12
-0.455
1.18
-0.515
1.58
-0.225
1.23
-0.265
1.68
0.345
1.19
0.275
1.58
0.625
1.23
0.595
1.68
0.09
-1.615
1.48
-2.61
3.63
-0.015
3.80407
0.228132
-0.505
0.01
-0.705
0.21
-0.505
0.81
-0.305
0.81
0.295
0.81
0.495
0.81
0.695
0.21
0.595
0.11
0.495
0.01
3.68
0.015
0.663702
2
2.805
-0.925
0.691159
1.5
1.665
-1.425
0.720069
1.2
-0.005
0.41
0.780577
1
0.035
1.25
0.745252
0.5
0.63
-0.805
0.711758
0.5
0
-0.005
-0.99
-0.005
0.41
-0.825
-0.12
-0.455
1.18
-0.515
1.58
-0.225
1.23
-0.265
1.68
0.345
1.19
0.275
1.58
0.625
1.23
0.595
1.68
0.155
-1.67
1.765
-2.65
3.525
-0.1
3.67935
0.157248
-0.505
0.01
-0.705
0.21
-0.505
0.81
-0.305
0.81
0.295
0.81
0.495
0.81
0.695
0.21
0.595
0.11
0.495
0.01
3.525
-0.15
0.720902
2
2.715
-1.12
0.575673
1.5
1.655
-1.5
0.619112
1.2
-0.005
0.41
0.780577
1
0.035
1.25
0.745252
0.5
0.725
-0.8
0.711758
0.5
0
-0.005
-0.99
-0.005
0.41
-0.825
-0.12
-0.455
1.18
-0.515
1.58
-0.225
1.23
-0.265
1.68
0.345
1.19
0.275
1.58
0.625
1.23
0.595
1.68
0.1975
-1.6475
1.7575
-2.56
3.505
-0.1775
3.66994
0.0720634
-0.505
0.01
-0.705
0.21
-0.505
0.81
-0.305
0.81
0.295
0.81
0.495
0.81
0.695
0.21
0.595
0.11
0.495
0.01
3.51
-0.225
0.720902
2
2.6725
-1.145
0.575673
1.5
1.61
-1.5025
0.619112
1.2
-0.005
0.41
0.780577
1
0.035
1.25
0.745252
0.5
0.7375
-0.7575
0.711758
0.5
0
-0.005
-0.99
-0.005
0.41
-0.825
-0.12
-0.455
1.18
-0.515
1.58
-0.225
1.23
-0.265
1.68
0.345
1.19
0.275
1.58
0.625
1.23
0.595
1.68
0.24
-1.625
1.75
-2.47
3.485
-0.255
3.66053
-0.0131211
-0.505
0.01
-0.705
0.21
-0.505
0.81
-0.305
0.81
0.295
0.81
0.495
0.81
0.695
0.21
0.595
0.11
0.495
0.01
3.495
-0.3
0.720902
2
2.63
-1.17
0.575673
1.5
1.565
-1.505
0.619112
1.2
-0.005
0.41
0.780577
1
0.035
1.25
0.745252
0.5
0.75
-0.715
0.711758
0.5
0
-0.005
-0.99
-0.005
0.41
-0.825
-0.12
-0.455
1.18
-0.515
1.58
-0.225
1.23
-0.265
1.68
0.345
1.19
0.275
1.58
0.625
1.23
0.595
1.68
0.325
-1.58
1.735
-2.29
3.445
-0.41
3.64171
-0.18349
-0.505
0.01
-0.705
0.21
-0.505
0.81
-0.305
0.81
0.295
0.81
0.495
0.81
0.695
0.21
0.595
0.11
0.495
0.01
3.465
-0.45
0.630714
2
2.545
-1.22
0.53
1.5
1.475
-1.51
0.631981
1.2
-0.005
0.41
0.780577
1
0.035
1.25
0.745252
0.5
0.775
-0.63
0.560892
0.5
0
-0.005
-0.99
-0.005
0.41
-0.825
-0.12
-0.455
1.18
-0.515
1.58
-0.225
1.23
-0.265
1.68
0.345
1.19
0.275
1.58
0.625
1.23
0.595
1.68
0.3475
-1.5425
1.725
-2.245
3.3875
-0.505
3.59087
-0.285052
-0.505
0.01
-0.705
0.21
-0.505
0.81
-0.305
0.81
0.295
0.81
0.495
0.81
0.695
0.21
0.595
0.11
0.495
0.01
3.445
-0.5125
0.630714
2
2.515
-1.26
0.53
1.5
1.4475
-1.47
0.631981
1.2
-0.005
0.41
0.780577
1
0.035
1.25
0.745252
0.5
0.775
-0.63
0.560892
0.5
0
-0.005
-0.99
-0.005
0.41
-0.825
-0.12
-0.455
1.18
-0.515
1.58
-0.225
1.23
-0.265
1.68
0.345
1.19
0.275
1.58
0.625
1.23
0.595
1.68
0.37
-1.505
1.715
-2.2
3.33
-0.6
3.54004
-0.386613
-0.505
0.01
-0.705
0.21
-0.505
0.81
-0.305
0.81
0.295
0.81
0.495
0.81
0.695
0.21
0.595
0.11
0.495
0.01
3.425
-0.575
0.630714
2
2.485
-1.3
0.53
1.5
1.42
-1.43
0.631981
1.2
-0.005
0.41
0.780577
1
0.035
1.25
0.745252
0.5
0.775
-0.63
0.560892
0.5
0
-0.005
-0.99
-0.005
0.41
-0.825
-0.12
-0.455
1.18
-0.515
1.58
-0.225
1.23
-0.265
1.68
0.345
1.19
0.275
1.58
0.625
1.23
0.595
1.68
0.415
-1.43
1.695
-2.11
3.215
-0.79
3.43837
-0.589737
-0.505
0.01
-0.705
0.21
-0.505
0.81
-0.305
0.81
0.295
0.81
0.495
0.81
0.695
0.21
0.595
0.11
0.495
0.01
3.385
-0.7
0.630714
2
2.425
-1.38
0.53
1.5
1.365
-1.35
0.523259
1.2
-0.005
0.41
0.780577
1
0.035
1.25
0.745252
0.5
0.775
-0.63
0.572189
0.5
0
-0.005
-0.99
-0.005
0.41
-0.825
-0.12
-0.455
1.18
-0.515
1.58
-0.225
1.23
-0.265
1.68
0.345
1.19
0.275
1.58
0.625
1.23
0.595
1.68
0.435
-1.3325
1.6075
-2.03
3.1575
-0.8575
3.38298
-0.659697
-0.505
0.01
-0.705
0.21
-0.505
0.81
-0.305
0.81
0.295
0.81
0.495
0.81
0.695
0.21
0.595
0.11
0.495
0.01
3.3125
-0.77
0.630714
2
2.3875
-1.3675
0.53
1.5
1.365
-1.3225
0.523259
1.2
-0.005
0.41
0.780577
1
0.035
1.25
0.745252
0.5
0.775
-0.6025
0.572189
0.5
0
-0.005
-0.99
-0.005
0.41
-0.825
-0.12
-0.455
1.18
-0.515
1.58
-0.225
1.23
-0.265
1.68
0.345
1.19
0.275
1.58
0.625
1.23
0.595
1.68
0.455
-1.235
1.52
-1.95
3.1
-0.925
3.32759
-0.729657
-0.505
0.01
-0.705
0.21
-0.505
0.81
-0.305
0.81
0.295
0.81
0.495
0.81
0.695
0.21
0.595
0.11
0.495
0.01
3.24
-0.84
0.630714
2
2.35
-1.355
0.53
1.5
1.365
-1.295
0.523259
1.2
-0.005
0.41
0.780577
1
0.035
1.25
0.745252
0.5
0.775
-0.575
0.572189
0.5
0
-0.005
-0.99
-0.005
0.41
-0.825
-0.12
-0.455
1.18
-0.515
1.58
-0.225
1.23
-0.265
1.68
0.345
1.19
0.275
1.58
0.625
1.23
0.595
1.68
0.495
-1.04
1.345
-1.79
2.985
-1.06
3.21682
-0.869578
-0.505
0.01
-0.705
0.21
-0.505
0.81
-0.305
0.81
0.295
0.81
0.495
0.81
0.695
0.21
0.595
0.11
0.495
0.01
3.095
-0.98
0.488365
2
2.275
-1.33
0.471699
1.5
1.365
-1.24
0.446878
1.2
-0.005
0.41
0.780577
1
0.035
1.25
0.745252
0.5
0.775
-0.52
0.509608
0.5
0
-0.005
-0.99
-0.005
0.41
-0.825
-0.12
-0.455
1.18
-0.515
1.58
-0.225
1.23
-0.265
1.68
0.345
1.19
0.275
1.58
0.625
1.23
0.595
1.68
0.495
-0.9475
1.27
-1.76
2.9275
-1.11
3.16659
-0.930163
-0.505
0.01
-0.705
0.21
-0.505
0.81
-0.305
0.81
0.295
0.81
0.495
0.81
0.695
0.21
0.595
0.11
0.495
0.01
3.0575
-1.0275
0.488365
2
2.2225
-1.34
0.471699
1.5
1.335
-1.215
0.446878
1.2
-0.005
0.41
0.780577
1
0.035
1.25
0.745252
0.5
0.775
-0.52
0.509608
0.5
0
-0.005
-0.99
-0.005
0.41
-0.825
-0.12
-0.455
1.18
-0.515
1.58
-0.225
1.23
-0.265
1.68
0.345
1.19
0.275
1.58
0.625
1.23
0.595
1.68
0.495
-0.855
1.195
-1.73
2.87
-1.16
3.11636
-0.990748
-0.505
0.01
-0.705
0.21
-0.505
0.81
-0.305
0.81
0.295
0.81
0.495
0.81
0.695
0.21
0.595
0.11
0.495
0.01
3.02
-1.075
0.488365
2
2.17
-1.35
0.471699
1.5
1.305
-1.19
0.446878
1.2
-0.005
0.41
0.780577
1
0.035
1.25
0.745252
0.5
0.775
-0.52
0.509608
0.5
0
-0.005
-0.99
-0.005
0.41
-0.825
-0.12
-0.455
1.18
-0.515
1.58
-0.225
1.23
-0.265
1.68
0.345
1.19
0.275
1.58
0.625
1.23
0.595
1.68
0.495
-0.67
1.045
-1.67
2.755
-1.26
3.01591
-1.11192
-0.505
0.01
-0.705
0.21
-0.505
0.81
-0.305
0.81
0.295
0.81
0.495
0.81
0.695
0.21
0.595
0.11
0.495
0.01
2.945
-1.17
0.488365
2
2.065
-1.37
0.471699
1.5
1.245
-1.14
0.446878
1.2
-0.005
0.41
0.780577
1
0.035
1.25
0.745252
0.5
0.775
-0.52
0.509608
0.5
0
-0.005
-0.99
-0.005
0.41
-0.825
-0.12
-0.455
1.18
-0.515
1.58
-0.225
1.23
-0.265
1.68
0.345
1.19
0.275
1.58
0.625
1.23
0.595
1.68
0.5225
-0.6375
1.025
-1.62
2.6975
-1.2925
2.96497
-1.15973
-0.505
0.01
-0.705
0.21
-0.505
0.81
-0.305
0.81
0.295
0.81
0.495
0.81
0.695
0.21
0.595
0.11
0.495
0.01
2.875
-1.225
0.488365
2
2.03
-1.3775
0.471699
1.5
1.245
-1.14
0.446878
1.2
-0.005
0.41
0.780577
1
0.035
1.25
0.745252
0.5
0.775
-0.52
0.509608
0.5
0
-0.005
-0.99
-0.005
0.41
-0.825
-0.12
-0.455
1.18
-0.515
1.58
-0.225
1.23
-0.265
1.68
0.345
1.19
0.275
1.58
0.625
1.23
0.595
1.68
0.55
-0.605
1.005
-1.57
2.64
-1.325
2.91403
-1.20755
-0.505
0.01
-0.705
0.21
-0.505
0.81
-0.305
0.81
0.295
0.81
0.495
0.81
0.695
0.21
0.595
0.11
0.495
0.01
2.805
-1.28
0.488365
2
1.995
-1.385
0.471699
1.5
1.245
-1.14
0.446878
1.2
-0.005
0.41
0.780577
1
0.035
1.25
0.745252
0.5
0.775
-0.52
0.509608
0.5
0
-0.005
-0.99
-0.005
0.41
-0.825
-0.12
-0.455
1.18
-0.515
1.58
-0.225
1.23
-0.265
1.68
0.345
1.19
0.275
1.58
0.625
1.23
0.595
1.68
0.605
-0.54
0.965
-1.47
2.525
-1.39
2.81216
-1.30318
-0.505
0.01
-0.705
0.21
-0.505
0.81
-0.305
0.81
0.295
0.81
0.495
0.81
0.695
0.21
0.595
0.11
0.495
0.01
2.665
-1.39
0.488365
2
1.925
-1.4
0.394081
1.5
1.245
-1.14
0.382099
1.2
-0.005
0.41
0.780577
1
0.035
1.25
0.745252
0.5
0.775
-0.52
0.432897
0.5
0
-0.005
-0.99
-0.005
0.41
-0.825
-0.12
-0.455
1.18
-0.515
1.58
-0.225
1.23
-0.265
1.68
0.345
1.19
0.275
1.58
0.625
1.23
0.595
1.68
0.63
-0.5175
0.9575
-1.455
2.4475
-1.43
2.73466
-1.34318
-0.505
0.01
-0.705
0.21
-0.505
0.81
-0.305
0.81
0.295
0.81
0.495
0.81
0.695
0.21
0.595
0.11
0.495
0.01
2.5725
-1.4175
0.488365
2
1.8125
-1.37
0.394081
1.5
1.1825
-1.07
0.382099
1.2
-0.005
0.41
0.780577
1
0.035
1.25
0.745252
0.5
0.7575
-0.4525
0.432897
0.5
0
-0.005
-0.99
-0.005
0.41
-0.825
-0.12
-0.455
1.18
-0.515
1.58
-0.225
1.23
-0.265
1.68
0.345
1.19
0.275
1.58
0.625
1.23
0.595
1.68
0.655
-0.495
0.95
-1.44
2.37
-1.47
2.65716
-1.38318
-0.505
0.01
-0.705
0.21
-0.505
0.81
-0.305
0.81
0.295
0.81
0.495
0.81
0.695
0.21
0.595
0.11
0.495
0.01
2.48
-1.445
0.488365
2
1.7
-1.34
0.394081
1.5
1.12
-1
0.382099
1.2
-0.005
0.41
0.780577
1
0.035
1.25
0.745252
0.5
0.74
-0.385
0.432897
0.5
0
-0.005
-0.99
-0.005
0.41
-0.825
-0.12
-0.455
1.18
-0.515
1.58
-0.225
1.23
-0.265
1.68
0.345
1.19
0.275
1.58
0.625
1.23
0.595
1.68
0.705
-0.45
0.935
-1.41
2.215
-1.55
2.50216
-1.46318
-0.505
0.01
-0.705
0.21
-0.505
0.81
-0.305
0.81
0.295
0.81
0.495
0.81
0.695
0.21
0.595
0.11
0.495
0.01
2.295
-1.5
0.488365
2
1.475
-1.28
0.394081
1.5
0.995
-0.86
0.382099
1.2
-0.005
0.41
0.780577
1
0.035
1.25
0.745252
0.5
0.705
-0.25
0.432897
0.5
0
-0.005
-0.99
-0.005
0.41
-0.825
-0.12
-0.455
1.18
-0.515
1.58
-0.225
1.23
-0.265
1.68
0.345
1.19
0.275
1.58
0.625
1.23
0.595
1.68
0.7225
-0.4375
0.9375
-1.39
2.1375
-1.575
2.42657
-1.49595
-0.505
0.01
-0.705
0.21
-0.505
0.81
-0.305
0.81
0.295
0.81
0.495
0.81
0.695
0.21
0.595
0.11
0.495
0.01
2.23
-1.5275
0.488365
2
1.475
-1.28
0.394081
1.5
0.995
-0.86
0.382099
1.2
-0.005
0.41
0.780577
1
0.035
1.25
0.745252
0.5
0.705
-0.25
0.432897
0.5
0
-0.005
-0.99
-0.005
0.41
-0.825
-0.12
-0.455
1.18
-0.515
1.58
-0.225
1.23
-0.265
1.68
0.345
1.19
0.275
1.58
0.625
1.23
0.595
1.68
0.74
-0.425
0.94
-1.37
2.06
-1.6
2.35097
-1.52871
-0.505
0.01
-0.705
0.21
-0.505
0.81
-0.305
0.81
0.295
0.81
0.495
0.81
0.695
0.21
0.595
0.11
0.495
0.01
2.165
-1.555
0.488365
2
1.475
-1.28
0.394081
1.5
0.995
-0.86
0.382099
1.2
-0.005
0.41
0.780577
1
0.035
1.25
0.745252
0.5
0.705
-0.25
0.432897
0.5
0
-0.005
-0.99
-0.005
0.41
-0.825
-0.12
-0.455
1.18
-0.515
1.58
-0.225
1.23
-0.265
1.68
0.345
1.19
0.275
1.58
0.625
1.23
0.595
1.68
0.775
-0.4
0.945
-1.33
1.905
-1.65
2.19977
-1.59423
-0.505
0.01
-0.705
0.21
-0.505
0.81
-0.305
0.81
0.295
0.81
0.495
0.81
0.695
0.21
0.595
0.11
0.495
0.01
2.035
-1.61
0.488365
2
1.475
-1.28
0.394081
1.5
0.995
-0.86
0.382099
1.2
-0.005
0.41
0.780577
1
0.035
1.25
0.745252
0.5
0.705
-0.25
0.432897
0.5
0
-0.005
-0.99
-0.005
0.41
-0.825
-0.12
-0.455
1.18
-0.515
1.58
-0.225
1.23
-0.265
1.68
0.345
1.19
0.275
1.58
0.625
1.23
0.595
1.68
0.76375
-0.365
0.95625
-1.26
1.73875
-1.64
2.03481
-1.5967
-0.505
0.01
-0.705
0.21
-0.505
0.81
-0.305
0.81
0.295
0.81
0.495
0.81
0.695
0.21
0.595
0.11
0.495
0.01
1.865
-1.605
0.488365
2
1.3375
-1.18
0.394081
1.5
0.795
-0.48
0.424853
1.2
-0.005
0.41
0.780577
1
-0.345
1.4
0.479753
0.5
0.425
1.37
0.432897
0.5
0
-0.005
-0.99
-0.005
0.41
-0.825
-0.12
-0.455
1.18
-0.515
1.58
-0.225
1.23
-0.265
1.68
0.345
1.19
0.275
1.58
0.625
1.23
0.595
1.68
0.7525
-0.33
0.9675
-1.19
1.5725
-1.63
1.86986
-1.59918
-0.505
0.01
-0.705
0.21
-0.505
0.81
-0.305
0.81
0.295
0.81
0.495
0.81
0.695
0.21
0.595
0.11
0.495
0.01
1.695
-1.6
0.488365
2
1.2
-1.08
0.394081
1.5
0.855
-0.53
0.382099
1.2
-0.005
0.41
0.780577
1
-0.415
1.33
0.468028
0.5
0.375
1.41
0.432897
0.5
0
-0.005
-0.99
-0.005
0.41
-0.825
-0.12
-0.455
1.18
-0.515
1.58
-0.225
1.23
-0.265
1.68
0.345
1.19
0.275
1.58
0.625
1.23
0.595
1.68
0.73
-0.26
0.99
-1.05
1.24
-1.61
1.53994
-1.60412
-0.505
0.01
-0.705
0.21
-0.505
0.81
-0.305
0.81
0.295
0.81
0.495
0.81
0.695
0.21
0.595
0.11
0.495
0.01
1.355
-1.59
0.456946
2
0.925
-0.88
0.39
1.5
0.715
-0.2
0.358469
1.2
-0.005
0.41
0.7
1
-0.335
1.38
0.411461
0.5
0.475
1.39
0.404969
0.5
0
