35
10
15
9
6
-0.005
-0.99
-0.005
0.41
-0.825
-0.12
-0.455
1.18
-0.515
1.58
-0.225
1.23
-0.265
1.68
0.345
1.19
0.275
1.58
0.625
1.23
0.605
1.66
0.775
-1.41
2.315
-2.4
3.415
-1.2
3.53393
-0.924581
-0.505
0.01
-0.705
0.21
-0.505
0.81
-0.305
0.81
0.295
0.81
0.495
0.81
0.695
0.21
0.595
0.11
0.495
0.01
3.305
-1.19
0.621289
2
2.005
-1.54
0.723395
1.5
0.975
-0.6
0.703847
1.2
-0.005
0.41
0.7
1
-0.335
1.38
0.436578
0.5
0.505
1.35
0.440114
0.5
0
-0.005
-0.99
-0.005
0.41
-0.825
-0.12
-0.455
1.18
-0.515
1.58
-0.225
1.23
-0.265
1.68
0.345
1.19
0.275
1.58
0.625
1.23
0.605
1.66
0.7775
-1.4
2.4225
-2.4025
3.3375
-1.1625
3.41276
-0.882243
-0.505
0.01
-0.705
0.21
-0.505
0.81
-0.305
0.81
0.295
0.81
0.495
0.81
0.695
0.21
0.595
0.11
0.495
0.01
3.215
-1.135
0.621289
2
1.975
-1.5025
0.723395
1.5
0.9575
-0.5525
0.703847
1.2
-0.005
0.41
0.7
1
-0.335
1.38
0.436578
0.5
0.505
1.35
0.440114
0.5
0
-0.005
-0.99
-0.005
0.41
-0.825
-0.12
-0.455
1.18
-0.515
1.58
-0.225
1.23
-0.265
1.68
0.345
1.19
0.275
1.58
0.625
1.23
0.605
1.66
0.78
-1.39
2.53
-2.405
3.26
-1.125
3.29158
-0.839905
-0.505
0.01
-0.705
0.21
-0.505
0.81
-0.305
0.81
0.295
0.81
0.495
0.81
0.695
0.21
0.595
0.11
0.495
0.01
3.125
-1.08
0.621289
2
1.945
-1.465
0.723395
1.5
0.94
-0.505
0.703847
1.2
-0.005
0.41
0.7
1
-0.335
1.38
0.436578
0.5
0.505
1.35
0.440114
0.5
0
-0.005
-0.99
-0.005
0.41
-0.825
-0.12
-0.455
1.18
-0.515
1.58
-0.225
1.23
-0.265
1.68
0.345
1.19
0.275
1.58
0.625
1.23
0.605
1.66
0.7825
-1.38
2.6375
-2.4075
3.1825
-1.0875
3.17041
-0.797567
-0.505
0.01
-0.705
0.21
-0.505
0.81
-0.305
0.81
0.295
0.81
0.495
0.81
0.695
0.21
0.595
0.11
0.495
0.01
3.035
-1.025
0.621289
2
1.915
-1.4275
0.723395
1.5
0.9225
-0.4575
0.703847
1.2
-0.005
0.41
0.7
1
-0.335
1.38
0.436578
0.5
0.505
1.35
0.440114
0.5
0
-0.005
-0.99
-0.005
0.41
-0.825
-0.12
-0.455
1.18
-0.515
1.58
-0.225
1.23
-0.265
1.68
0.345
1.19
0.275
1.58
0.625
1.23
0.605
1.66
0.785
-1.37
2.745
-2.41
3.105
-1.05
3.04923
-0.755229
-0.505
0.01
-0.705
0.21
-0.505
0.81
-0.305
0.81
0.295
0.81
0.495
0.81
0.695
0.21
0.595
0.11
0.495
0.01
2.945
-0.97
0.621289
2
1.885
-1.39
0.723395
1.5
0.905
-0.41
0.703847
1.2
-0.005
0.41
0.7
1
-0.335
1.38
0.436578
0.5
0.505
1.35
0.440114
0.5
0
-0.005
-0.99
-0.005
0.41
-0.825
-0.12
-0.455
1.18
-0.515
1.58
-0.225
1.23
-0.265
1.68
0.345
1.19
0.275
1.58
0.625
1.23
0.605
1.66
0.945
-1.635
3
-2.12
3.02
-0.885
2.87417
-0.644941
-0.505
0.01
-0.705
0.21
-0.505
0.81
-0.305
0.81
0.295
0.81
0.495
0.81
0.695
0.21
0.595
0.11
0.495
0.01
2.835
-0.905
0.621289
2
1.81
-1.315
0.723395
1.5
0.905
-0.41
0.703847
1.2
-0.005
0.41
0.7
1
-0.335
1.38
0.436578
0.5
0.505
1.35
0.440114
0.5
0
-0.005
-0.99
-0.005
0.41
-0.825
-0.12
-0.455
1.18
-0.515
1.58
-0.225
1.23
-0.265
1.68
0.345
1.19
0.275
1.58
0.625
1.23
0.605
1.66
1.105
-1.9
3.255
-1.83
2.935
-0.72
2.6991
-0.534654
-0.505
0.01
-0.705
0.21
-0.505
0.81
-0.305
0.81
0.295
0.81
0.495
0.81
0.695
0.21
0.595
0.11
0.495
0.01
2.725
-0.84
0.621289
2
1.735
-1.24
0.616847
1.5
0.905
-0.41
0.631506
1.2
-0.005
0.41
0.7
1
-0.335
1.38
0.436578
0.5
0.505
1.35
0.440114
0.5
0
-0.005
-0.99
-0.005
0.41
-0.825
-0.12
-0.455
1.18
-0.515
1.58
-0.225
1.23
-0.265
1.68
0.345
1.19
0.275
1.58
0.625
1.23
0.605
1.66
1.345
-1.935
3.35
-1.63
2.85
-0.61
2.59097
-0.46638
-0.505
0.01
-0.705
0.21
-0.505
0.81
-0.305
0.81
0.295
0.81
0.495
0.81
0.695
0.21
0.595
0.11
0.495
0.01
2.62
-0.81
0.621289
2
1.67
-1.14
0.616847
1.5
0.875
-0.335
0.631506
1.2
-0.005
0.41
0.7
1
-0.335
1.38
0.436578
0.5
0.505
1.35
0.440114
0.5
0
-0.005
-0.99
-0.005
0.41
-0.825
-0.12
-0.455
1.18
-0.515
1.58
-0.225
1.23
-0.265
1.68
0.345
1.19
0.275
1.58
0.625
1.23
0.605
1.66
1.465
-1.9525
3.3975
-1.53
2.8075
-0.555
2.5369
-0.432243
-0.505
0.01
-0.705
0.21
-0.505
0.81
-0.305
0.81
0.295
0.81
0.495
0.81
0.695
0.21
0.595
0.11
0.495
0.01
2.5675
-0.795
0.621289
2
1.6375
-1.09
0.616847
1.5
0.86
-0.2975
0.631506
1.2
-0.005
0.41
0.7
1
-0.335
1.38
0.436578
0.5
0.505
1.35
0.440114
0.5
0
-0.005
-0.99
-0.005
0.41
-0.825
-0.12
-0.455
1.18
-0.515
1.58
-0.225
1.23
-0.265
1.68
0.345
1.19
0.275
1.58
0.625
1.23
0.605
1.66
1.585
-1.97
3.445
-1.43
2.765
-0.5
2.48283
-0.398107
-0.505
0.01
-0.705
0.21
-0.505
0.81
-0.305
0.81
0.295
0.81
0.495
0.81
0.695
0.21
0.595
0.11
0.495
0.01
2.515
-0.78
0.621289
2
1.605
-1.04
0.490408
1.5
0.845
-0.26
0.572451
1.2
-0.005
0.41
0.7
1
-0.335
1.38
0.436578
0.5
0.505
1.35
0.440114
0.5
0
-0.005
-0.99
-0.005
0.41
-0.825
-0.12
-0.455
1.18
-0.515
1.58
-0.225
1.23
-0.265
1.68
0.345
1.19
0.275
1.58
0.625
1.23
0.605
1.66
1.565
-1.9
3.035
-1.45
2.765
-0.5
2.68378
-0.211205
-0.505
0.01
-0.705
0.21
-0.505
0.81
-0.305
0.81
0.295
0.81
0.495
0.81
0.695
0.21
0.595
0.11
0.495
0.01
2.555
-0.55
0.621289
2
1.655
-1.05
0.62586
1.5
0.845
-0.26
0.572451
1.2
-0.005
0.41
0.7
1
-0.335
1.38
0.436578
0.5
0.505
1.35
0.440114
0.5
1
2.855
0.4
2.04039
0.894427
-0.447214
0.7
0.4
1.1
0
-0.005
-0.99
-0.005
0.41
-0.825
-0.12
-0.455
1.18
-0.515
1.58
-0.225
1.23
-0.265
1.68
0.345
1.19
0.275
1.58
0.625
1.23
0.605
1.66
1.45
-1.73
2.7
-1.48
2.765
-0.5
2.78675
-0.219181
-0.505
0.01
-0.705
0.21
-0.505
0.81
-0.305
0.81
0.295
0.81
0.495
0.81
0.695
0.21
0.595
0.11
0.495
0.01
2.595
-0.53
0.621289
2
1.63
-1.045
0.62586
1.5
0.845
-0.26
0.572451
1.2
-0.005
0.41
0.7
1
-0.335
1.38
0.436578
0.5
0.505
1.35
0.440114
0.5
1
2.855
0.4
2.04039
0.894427
-0.447214
0.7
0.4
1.1
0
-0.005
-0.99
-0.005
0.41
-0.825
-0.12
-0.455
1.18
-0.515
1.58
-0.225
1.23
-0.265
1.68
0.345
1.19
0.275
1.58
0.625
1.23
0.605
1.66
1.335
-1.56
2.365
-1.51
2.765
-0.5
2.88973
-0.227158
-0.505
0.01
-0.705
0.21
-0.505
0.81
-0.305
0.81
0.295
0.81
0.495
0.81
0.695
0.21
0.595
0.11
0.495
0.01
2.635
-0.51
0.621289
2
1.605
-1.04
0.61
1.5
0.845
-0.26
0.572451
1.2
-0.005
0.41
0.7
1
-0.335
1.38
0.436578
0.5
0.505
1.35
0.440114
0.5
0
-0.005
-0.99
-0.005
0.41
-0.825
-0.12
-0.455
1.18
-0.515
1.58
-0.225
1.23
-0.265
1.68
0.345
1.19
0.275
1.58
0.625
1.23
0.605
1.66
1.46
-1.57
2.16
-1.345
2.765
-0.5
2.9747
-0.335412
-0.505
0.01
-0.705
0.21
-0.505
0.81
-0.305
0.81
0.295
0.81
0.495
0.81
0.695
0.21
0.595
0.11
0.495
0.01
2.675
-0.505
0.621289
2
1.665
-0.96
0.61
1.5
0.845
-0.26
0.572451
1.2
-0.005
0.41
0.7
1
-0.335
1.38
0.436578
0.5
0.505
1.35
0.440114
0.5
0
-0.005
-0.99
-0.005
0.41
-0.825
-0.12
-0.455
1.18
-0.515
1.58
-0.225
1.23
-0.265
1.68
0.345
1.19
0.275
1.58
0.625
1.23
0.605
1.66
1.585
-1.58
1.955
-1.18
2.765
-0.5
3.05966
-0.443667
-0.505
0.01
-0.705
0.21
-0.505
0.81
-0.305
0.81
0.295
0.81
0.495
0.81
0.695
0.21
0.595
0.11
0.495
0.01
2.715
-0.5
0.621289
2
1.725
-0.88
0.61
1.5
0.845
-0.26
0.572451
1.2
-0.005
0.41
0.7
1
-0.335
1.38
0.436578
0.5
0.505
1.35
0.440114
0.5
0
-0.005
-0.99
-0.005
0.41
-0.825
-0.12
-0.455
1.18
-0.515
1.58
-0.225
1.23
-0.265
1.68
0.345
1.19
0.275
1.58
0.625
1.23
0.605
1.66
1.585
-1.535
1.93
-0.815
2.765
-0.5
3.03296
-0.560992
-0.505
0.01
-0.705
0.21
-0.505
0.81
-0.305
0.81
0.295
0.81
0.495
0.81
0.695
0.21
0.595
0.11
0.495
0.01
2.725
-0.525
0.621289
2
1.705
-0.775
0.61
1.5
0.845
-0.26
0.572451
1.2
-0.005
0.41
0.7
1
-0.335
1.38
0.436578
0.5
0.505
1.35
0.440114
0.5
0
-0.005
-0.99
-0.005
0.41
-0.825
-0.12
-0.455
1.18
-0.515
1.58
-0.225
1.23
-0.265
1.68
0.345
1.19
0.275
1.58
0.625
1.23
0.605
1.66
1.585
-1.49
1.905
-0.45
2.765
-0.5
3.00625
-0.678317
-0.505
0.01
-0.705
0.21
-0.505
0.81
-0.305
0.81
0.295
0.81
0.495
0.81
0.695
0.21
0.595
0.11
0.495
0.01
2.735
-0.55
0.621289
2
1.685
-0.67
0.497695
1.5
0.845
-0.26
0.572451
1.2
-0.005
0.41
0.7
1
-0.335
1.38
0.436578
0.5
0.505
1.35
0.440114
0.5
0
-0.005
-0.99
-0.005
0.41
-0.825
-0.12
-0.455
1.18
-0.515
1.58
-0.225
1.23
-0.265
1.68
0.345
1.19
0.275
1.58
0.625
1.23
0.605
1.66
1.635
-1.37
2.585
0.23
2.765
-0.5
2.75711
-0.799896
-0.505
0.01
-0.705
0.21
-0.505
0.81
-0.305
0.81
0.295
0.81
0.495
0.81
0.695
0.21
0.595
0.11
0.495
0.01
2.545
-0.67
0.521728
2
1.685
-0.51
0.413401
1.5
0.845
-0.26
0.572451
1.2
-0.005
0.41
0.7
1
-0.335
1.38
0.436578
0.5
0.505
1.35
0.440114
0.5
0
-0.005
-0.99
-0.005
0.41
-0.825
-0.12
-0.455
1.18
-0.515
1.58
-0.225
1.23
-0.265
1.68
0.345
1.19
0.275
1.58
0.625
1.23
0.605
1.66
1.605
-1.165
3.045
0.48
2.765
-0.5
2.63925
-0.737494
-0.505
0.01
-0.705
0.21
-0.505
0.81
-0.305
0.81
0.295
0.81
0.495
0.81
0.695
0.21
0.595
0.11
0.495
0.01
2.565
-0.54
0.521728
2
1.725
-0.375
0.413401
1.5
0.89
-0.17
0.572451
1.2
-0.005
0.41
0.7
1
-0.335
1.38
0.436578
0.5
0.505
1.35
0.440114
0.5
0
-0.005
-0.99
-0.005
0.41
-0.825
-0.12
-0.455
1.18
-0.515
1.58
-0.225
1.23
-0.265
1.68
0.345
1.19
0.275
1.58
0.625
1.23
0.605
1.66
1.575
-0.96
3.505
0.73
2.765
-0.5
2.5214
-0.675091
-0.505
0.01
-0.705
0.21
-0.505
0.81
-0.305
0.81
0.295
0.81
0.495
0.81
0.695
0.21
0.595
0.11
0.495
0.01
2.585
-0.41
0.521728
2
1.765
-0.24
0.413401
1.5
0.935
-0.08
0.49679
1.2
-0.005
0.41
0.7
1
-0.335
1.38
0.436578
0.5
0.505
1.35
0.440114
0.5
0
-0.005
-0.99
-0.005
0.41
-0.825
-0.12
-0.455
1.18
-0.515
1.58
-0.225
1.23
-0.265
1.68
0.345
1.19
0.275
1.58
0.625
1.23
0.605
1.66
1.515
-0.47
4.405
0.43
2.775
-0.5
2.48214
-0.434921
-0.505
0.01
-0.705
0.21
-0.505
0.81
-0.305
0.81
0.295
0.81
0.495
0.81
0.695
0.21
0.595
0.11
0.495
0.01
2.755
-0.28
0.562228
2
1.825
-0.08
0.424264
1.5
0.935
-0.08
0.49679
1.2
-0.005
0.41
0.7
1
-0.335
1.38
0.436578
0.5
0.505
1.35
0.440114
0.5
0
-0.005
-0.99
-0.005
0.41
-0.825
-0.12
-0.455
1.18
-0.515
1.58
-0.225
1.23
-0.265
1.68
0.345
1.19
0.275
1.58
0.625
1.23
0.605
1.66
2.45
0.315
4.345
-0.395
2.775
-0.5
2.60595
-0.319176
-0.505
0.01
-0.705
0.21
-0.505
0.81
-0.305
0.81
0.295
0.81
0.495
0.81
0.695
0.21
0.595
0.11
0.495
0.01
2.91
-0.29
0.562228
2
1.985
0.135
0.424264
1.5
1.035
0.09
0.49679
1.2
-0.005
0.41
0.7
1
-0.335
1.38
0.436578
0.5
0.505
1.35
0.440114
0.5
0
-0.005
-0.99
-0.005
0.41
-0.825
-0.12
-0.455
1.18
-0.515
1.58
-0.225
1.23
-0.265
1.68
0.345
1.19
0.275
1.58
0.625
1.23
0.605
1.66
3.385
1.1
4.285
-1.22
2.775
-0.5
2.72976
-0.203431
-0.505
0.01
-0.705
0.21
-0.505
0.81
-0.305
0.81
0.295
0.81
0.495
0.81
0.695
0.21
0.595
0.11
0.495
0.01
3.065
-0.3
0.562228
2
2.145
0.35
0.516624
1.5
1.135
0.26
0.49679
1.2
-0.005
0.41
0.7
1
-0.335
1.38
0.436578
0.5
0.505
1.35
0.440114
0.5
0
-0.005
-0.99
-0.005
0.41
-0.825
-0.12
-0.455
1.18
-0.515
1.58
-0.225
1.23
-0.265
1.68
0.345
1.19
0.275
1.58
0.625
1.23
0.605
1.66
1.885
-1.13
3.055
-1.42
2.81
-0.54
2.71242
-0.261787
-0.505
0.01
-0.705
0.21
-0.505
0.81
-0.305
0.81
0.295
0.81
0.495
0.81
0.695
0.21
0.595
0.11
0.495
0.01
2.585
-0.5
0.562228
2
1.635
-0.67
0.516624
1.5
0.835
-0.17
0.49679
1.2
-0.005
0.41
0.7
1
-0.335
1.38
0.436578
0.5
0.505
1.35
0.440114
0.5
0
-0.005
-0.99
-0.005
0.41
-0.825
-0.12
-0.455
1.18
-0.515
1.58
-0.225
1.23
-0.265
1.68
0.345
1.19
0.275
1.58
0.625
1.23
0.605
1.66
1.525
-1.9
3.085
-1.49
2.845
-0.58
2.69508
-0.320144
-0.505
0.01
-0.705
0.21
-0.505
0.81
-0.305
0.81
0.295
0.81
0.495
0.81
0.695
0.21
0.595
0.11
0.495
0.01
2.535
-0.69
0.61131
2
1.565
-1.01
0.52811
1.5
0.845
-0.26
0.572451
1.2
-0.005
0.41
0.7
1
-0.335
1.38
0.436578
0.5
0.505
1.35
0.440114
0.5
0
-0.005
-0.99
-0.005
0.41
-0.825
-0.12
-0.455
1.18
-0.515
1.58
-0.225
1.23
-0.265
1.68
0.345
1.19
0.275
1.58
0.625
1.23
0.605
1.66
1.425
-1.77
2.895
-1.49
2.985
-0.66
2.96311
-0.3608
-0.505
0.01
-0.705
0.21
-0.505
0.81
-0.305
0.81
0.295
0.81
0.495
0.81
0.695
0.21
0.595
0.11
0.495
0.01
2.765
-0.65
0.61131
2
1.685
-1.01
0.636396
1.5
0.845
-0.26
0.572451
1.2
-0.005
0.41
0.7
1
-0.335
1.38
0.436578
0.5
0.505
1.35
0.440114
0.5
0
-0.005
-0.99
-0.005
0.41
-0.825
-0.12
-0.455
1.18
-0.515
1.58
-0.225
1.23
-0.265
1.68
0.345
1.19
0.275
1.58
0.625
1.23
0.605
1.65
1.415
-1.58
2.825
-1.42
3.185
-0.82
3.33011
-0.557428
-0.505
0.01
-0.705
0.21
-0.505
0.81
-0.305
0.81
0.295
0.81
0.495
0.81
0.695
0.21
0.595
0.11
0.495
0.01
2.945
-0.73
0.668506
2
1.805
-1.01
0.636396
1.5
0.885
-0.28
0.61327
1.2
-0.005
0.41
0.7
1
-0.335
1.38
0.436578
0.5
0.505
1.35
0.440114
0.5
0
-0.005
-0.99
-0.005
0.41
-0.825
-0.12
-0.455
1.18
-0.515
1.58
-0.225
1.23
-0.265
1.68
0.345
1.19
0.275
1.58
0.625
1.23
0.605
1.66
0.985
-1.1
2.555
-1.34
3.075
-1.12
3.30021
-0.921812
-0.505
0.01
-0.705
0.21
-0.505
0.81
-0.305
0.81
0.295
0.81
0.495
0.81
0.695
0.21
0.595
0.11
0.495
0.01
2.985
-0.97
0.604401
2
1.805
-1.01
0.580517
1.5
0.885
-0.28
0.61327
1.2
-0.005
0.41
0.7
1
-0.335
1.38
0.436578
0.5
0.505
1.35
0.440114
0.5
0
-0.005
-0.99
-0.005
0.41
-0.825
-0.12
-0.455
1.18
-0.515
1.58
-0.225
1.23
-0.265
1.68
0.345
1.19
0.275
1.58
0.625
1.23
0.605
1.66
0.945
-1.07
2.355
-1.455
2.935
-1.29
3.18991
-1.14347
-0.505
0.01
-0.705
0.21
-0.505
0.81
-0.305
0.81
0.295
0.81
0.495
0.81
0.695
0.21
0.595
0.11
0.495
0.01
2.94
-1.185
0.604401
2
1.76
-1.09
0.580517
1.5
0.87
-0.35
0.61327
1.2
-0.005
0.41
0.7
1
-0.335
1.38
0.436578
0.5
0.505
1.35
0.440114
0.5
0
-0.005
-0.99
-0.005
0.41
-0.825
-0.12
-0.455
1.18
-0.515
1.58
-0.225
1.23
-0.265
1.68
0.345
1.19
0.275
1.58
0.625
1.23
0.605
1.66
0.905
-1.04
2.155
-1.57
2.795
-1.46
3.07961
-1.36513
-0.505
0.01
-0.705
0.21
-0.505
0.81
-0.305
0.81
0.295
0.81
0.495
0.81
0.695
0.21
0.595
0.11
0.495
0.01
2.895
-1.4
0.604401
2
1.715
-1.17
0.580517
1.5
0.855
-0.42
0.61327
1.2
-0.005
0.41
0.7
1
-0.335
1.38
0.436578
0.5
0.505
1.35
0.440114
0.5
0
-0.005
-0.99
-0.005
0.41
-0.825
-0.12
-0.455
1.18
-0.515
1.58
-0.225
1.23
-0.265
1.68
0.345
1.19
0.275
1.58
0.625
1.23
0.605
1.66
0.755
-0.99
1.745
-1.73
2.415
-1.7
2.715
-1.7
-0.505
0.01
-0.705
0.21
-0.505
0.81
-0.305
0.81
0.295
0.81
0.495
0.81
0.695
0.21
0.595
0.11
0.495
0.01
2.475
-1.63
0.604401
2
1.495
-1.26
0.580517
1.5
0.855
-0.42
0.61327
1.2
-0.005
0.41
0.7
1
-0.335
1.38
0.436578
0.5
0.505
1.35
0.440114
0.5
0
-0.005
-0.99
-0.005
0.41
-0.825
-0.12
-0.455
1.18
-0.515
1.58
-0.225
1.23
-0.265
1.68
0.345
1.19
0.275
1.58
0.625
1.23
0.605
1.66
0.755
-0.99
1.395
-1.79
1.925
-1.89
2.22424
-1.91137
-0.505
0.01
-0.705
0.21
-0.505
0.81
-0.305
0.81
0.295
0.81
0.495
0.81
0.695
0.21
0.595
0.11
0.495
0.01
1.925
-1.85
0.604401
2
1.145
-1.23
0.477074
1.5
0.725
-0.37
0.52345
1.2
-0.005
0.41
0.7
1
-0.335
1.38
0.436578
0.5
0.505
1.35
0.440114
0.5
0
-0.005
-0.99
-0.005
0.41
-0.825
-0.12
-0.455
1.18
-0.515
1.58
-0.225
1.23
-0.265
1.68
0.345
1.19
0.275
1.58
0.625
1.23
0.605
1.665
0.7425
-0.625
1.1925
-1.42
1.5825
-1.75
1.85262
-1.88053
-0.505
0.01
-0.705
0.21
-0.505
0.81
-0.305
0.81
0.295
0.81
0.495
0.81
0.695
0.21
0.595
0.11
0.495
0.01
1.64
-1.72
0.604401
2
1.035
-1.055
0.477074
1.5
0.72
-0.285
0.52345
1.2
-0.005
0.41
0.7
1
-0.335
1.38
0.436578
0.5
0.49
1.37
0.440114
0.5
0
-0.005
-0.99
-0.005
0.41
-0.825
-0.12
-0.455
1.18
-0.515
1.58
-0.225
1.23
-0.265
1.68
0.345
1.19
0.275
1.58
0.625
1.23
0.605
1.6675
0.73625
-0.4425
1.09125
-1.235
1.41125
-1.68
1.69628
-1.74232
-0.505
0.01
-0.705
0.21
-0.505
0.81
-0.305
0.81
0.295
0.81
0.495
0.81
0.695
0.21
0.595
0.11
0.495
0.01
1.4975
-1.655
0.604401
2
0.98
-0.9675
0.477074
1.5
0.7175
-0.2425
0.52345
1.2
-0.005
0.41
0.7
1
-0.335
1.38
0.436578
0.5
0.4825
1.38
0.440114
0.5
0
-0.005
-0.99
-0.005
0.41
-0.825
-0.12
-0.455
1.18
-0.515
1.58
-0.225
1.23
-0.265
1.68
0.345
1.19
0.275
1.58
0.625
1.23
0.605
1.67
0.73
-0.26
0.99
-1.05
1.24
-1.61
1.53994
-1.60412
-0.505
0.01
-0.705
0.21
-0.505
0.81
-0.305
0.81
0.295
0.81
0.495
0.81
0.695
0.21
0.595
0.11
0.495
0.01
1.355
-1.59
0.456946
2
0.925
-0.88
0.39
1.5
0.715
-0.2
0.358469
1.2
-0.005
0.41
0.7
1
-0.335
1.38
0.411461
0.5
0.475
1.39
0.404969
0.5
0
