38
10
15
9
6
-0.005
-0.99
-0.005
0.41
-0.825
-0.12
-0.455
1.18
-0.515
1.58
-0.225
1.23
-0.265
1.68
0.345
1.19
0.275
1.58
0.625
1.23
0.605
1.68
0.73
-0.26
0.99
-1.05
1.24
-1.61
1.53994
-1.60412
-0.505
0.01
-0.705
0.21
-0.505
0.81
-0.305
0.81
0.295
0.81
0.495
0.81
0.695
0.21
0.595
0.11
0.495
0.01
1.355
-1.59
0.456946
2
0.925
-0.88
0.39
1.5
0.715
-0.2
0.358469
1.2
-0.005
0.41
0.7
1
-0.335
1.38
0.411461
0.5
0.475
1.39
0.404969
0.5
0
-0.005
-0.99
-0.005
0.41
-0.825
-0.12
-0.455
1.18
-0.515
1.58
-0.225
1.23
-0.265
1.68
0.345
1.19
0.275
1.58
0.6775
1.0125
0.65
1.47
0.59875
-0.44
0.76875
-1.4175
1.16125
-1.67
1.46119
-1.66412
-0.505
0.01
-0.705
0.21
-0.505
0.81
-0.305
0.81
0.295
0.81
0.495
0.81
0.695
0.21
0.595
0.11
0.495
0.01
1.295
-1.665
0.456946
2
0.7825
-1.0525
0.39
1.5
0.6625
-0.2975
0.358469
1.2
-0.005
0.41
0.7
1
-0.335
1.38
0.411461
0.5
0.4825
1.285
0.404969
0.5
0
-0.005
-0.99
-0.005
0.41
-0.825
-0.12
-0.455
1.18
-0.515
1.58
-0.225
1.23
-0.265
1.68
0.345
1.19
0.275
1.58
0.695
0.94
0.665
1.4
0.555
-0.5
0.695
-1.54
1.135
-1.69
1.43494
-1.68412
-0.505
0.01
-0.705
0.21
-0.505
0.81
-0.305
0.81
0.295
0.81
0.495
0.81
0.695
0.21
0.595
0.11
0.495
0.01
1.275
-1.69
0.47676
2
0.735
-1.11
0.402492
1.5
0.645
-0.33
0.396232
1.2
-0.005
0.41
0.7
1
-0.335
1.38
0.411461
0.5
0.485
1.25
0.419762
0.5
0
-0.005
-0.99
-0.005
0.41
-0.825
-0.12
-0.455
1.18
-0.515
1.58
-0.225
1.23
-0.265
1.68
0.345
1.19
0.275
1.58
0.75
0.82
0.75
1.28
0.5
-0.635
0.605
-1.61
1.11
-1.79
1.40994
-1.78412
-0.505
0.01
-0.705
0.21
-0.505
0.81
-0.305
0.81
0.295
0.81
0.495
0.81
0.695
0.21
0.595
0.11
0.495
0.01
1.23
-1.765
0.47676
2
0.675
-1.155
0.402492
1.5
0.6
-0.355
0.396232
1.2
-0.005
0.41
0.7
1
-0.335
1.38
0.411461
0.5
0.5
1.19
0.419762
0.5
0
-0.005
-0.99
-0.005
0.41
-0.825
-0.12
-0.455
1.18
-0.515
1.58
-0.225
1.23
-0.265
1.68
0.345
1.19
0.275
1.58
0.805
0.7
0.835
1.16
0.445
-0.77
0.515
-1.68
1.085
-1.89
1.38494
-1.88412
-0.505
0.01
-0.705
0.21
-0.505
0.81
-0.305
0.81
0.295
0.81
0.495
0.81
0.695
0.21
0.595
0.11
0.495
0.01
1.185
-1.84
0.47676
2
0.615
-1.2
0.438634
1.5
0.555
-0.38
0.382099
1.2
-0.005
0.41
0.7
1
-0.335
1.38
0.411461
0.5
0.515
1.13
0.502195
0.5
0
-0.005
-0.99
-0.005
0.41
-0.825
-0.12
-0.455
1.18
-0.515
1.58
-0.225
1.23
-0.265
1.68
0.345
1.19
0.275
1.58
0.765
0.57
1.125
0.8
0.445
-0.77
0.515
-1.68
0.895
-1.98
1.19494
-1.97412
-0.505
0.01
-0.705
0.21
-0.505
0.81
-0.305
0.81
0.295
0.81
0.495
0.81
0.695
0.21
0.595
0.11
0.495
0.01
0.995
-1.94
0.47676
2
0.615
-1.2
0.438634
1.5
0.555
-0.38
0.382099
1.2
-0.005
0.41
0.7
1
-0.125
1.3
0.642884
0.5
0.925
0.78
0.410488
0.5
0
-0.005
-0.99
-0.005
0.41
-0.825
-0.12
-0.455
1.18
-0.515
1.58
-0.225
1.23
-0.265
1.68
0.345
1.19
0.275
1.58
0.8
0.53
1.23
0.565
0.46
-0.745
0.31
-1.5
0.725
-1.89
1.02494
-1.88412
-0.505
0.01
-0.705
0.21
-0.505
0.81
-0.305
0.81
0.295
0.81
0.495
0.81
0.695
0.21
0.595
0.11
0.495
0.01
0.825
-1.82
0.47676
2
0.49
-1.1
0.438634
1.5
0.535
-0.345
0.382099
1.2
-0.005
0.41
0.7
1
-0.125
1.3
0.642884
0.5
0.985
0.64
0.410488
0.5
0
-0.005
-0.99
-0.005
0.41
-0.825
-0.12
-0.455
1.18
-0.515
1.58
-0.225
1.23
-0.265
1.68
0.345
1.19
0.275
1.58
0.835
0.49
1.335
0.33
0.475
-0.72
0.105
-1.32
0.555
-1.8
0.85494
-1.79412
-0.505
0.01
-0.705
0.21
-0.505
0.81
-0.305
0.81
0.295
0.81
0.495
0.81
0.695
0.21
0.595
0.11
0.495
0.01
0.655
-1.7
0.47676
2
0.365
-1
0.350143
1.5
0.515
-0.31
0.382099
1.2
-0.005
0.41
0.7
1
-0.125
1.3
0.642884
0.5
1.045
0.5
0.410488
0.5
0
-0.005
-0.99
-0.005
0.41
-0.825
-0.12
-0.455
1.18
-0.515
1.58
-0.225
1.23
-0.265
1.68
0.345
1.19
0.275
1.58
0.909943
0.376615
1.495
-0.08
0.395
-0.63
-0.115
-1.32
0.365
-1.78
0.66494
-1.77412
-0.505
0.01
-0.705
0.21
-0.505
0.81
-0.305
0.81
0.295
0.81
0.495
0.81
0.695
0.21
0.595
0.11
0.495
0.01
0.515
-1.68
0.47676
2
0.225
-1.03
0.411096
1.5
0.425
-0.31
0.382099
1.2
-0.005
0.41
0.7
1
-0.125
1.3
0.642884
0.5
1.105
0.17
0.436807
0.5
1
1.765
-0.21
0.600083
0.573462
-0.819232
1.3
0.35
0.85
0
-0.005
-0.99
-0.005
0.41
-0.825
-0.12
-0.455
1.18
-0.515
1.58
-0.225
1.23
-0.265
1.68
0.345
1.19
0.275
1.58
0.919478
0.386165
1.645
-0.05
0.47
-0.685
-0.28
-1.35
0.22
-1.8
0.51994
-1.79412
-0.505
0.01
-0.705
0.21
-0.505
0.81
-0.305
0.81
0.295
0.81
0.495
0.81
0.695
0.21
0.595
0.11
0.495
0.01
0.375
-1.69
0.47676
2
0.225
-1.03
0.411096
1.5
0.425
-0.31
0.382099
1.2
-0.005
0.41
0.7
1
-0.125
1.3
0.642884
0.5
1.165
0.22
0.436807
0.5
1
1.765
-0.21
0.600083
0.573462
-0.819232
1.3
0.35
0.85
0
-0.005
-0.99
-0.005
0.41
-0.825
-0.12
-0.455
1.18
-0.515
1.58
-0.225
1.23
-0.265
1.68
0.345
1.19
0.275
1.58
0.929013
0.395715
1.795
-0.02
0.545
-0.74
-0.445
-1.38
0.075
-1.82
0.374941
-1.81412
-0.505
0.01
-0.705
0.21
-0.505
0.81
-0.305
0.81
0.295
0.81
0.495
0.81
0.695
0.21
0.595
0.11
0.495
0.01
0.235
-1.7
0.47676
2
0.225
-1.03
0.411096
1.5
0.425
-0.31
0.382099
1.2
-0.005
0.41
0.7
1
-0.125
1.3
0.642884
0.5
1.225
0.27
0.492443
0.5
1
1.925
-0.06
0.600083
0.573462
-0.819232
1.3
0.35
0.85
0
-0.005
-0.99
-0.005
0.41
-0.825
-0.12
-0.455
1.18
-0.515
1.58
-0.225
1.23
-0.265
1.68
0.345
1.19
0.275
1.58
1.0403
0.559699
2.02743
0.399816
0.605
-0.78
-0.615
-1.33
-0.165
-1.66
0.134941
-1.65412
-0.505
0.01
-0.705
0.21
-0.505
0.81
-0.305
0.81
0.295
0.81
0.495
0.81
0.695
0.21
0.595
0.11
0.495
0.01
-0.005
-1.52
0.47676
2
0.195
-0.79
0.411096
1.5
0.505
-0.23
0.407922
1.2
-0.005
0.41
0.7
1
-0.125
1.3
0.642884
0.5
1.255
0.54
0.580086
0.5
1
2.135
0.34
0.600083
0.573462
-0.819232
1.3
0.35
0.85
0
-0.005
-0.99
-0.005
0.41
-0.825
-0.12
-0.455
1.18
-0.515
1.58
-0.225
1.23
-0.265
1.68
0.345
1.19
0.275
1.58
1.09238
0.753996
2.07498
0.956754
0.295
-0.58
-0.795
-1.25
-0.425
-1.58
-0.125116
-1.57167
-0.505
0.01
-0.705
0.21
-0.505
0.81
-0.305
0.81
0.295
0.81
0.495
0.81
0.695
0.21
0.595
0.11
0.495
0.01
-0.215
-1.46
0.47676
2
-0.055
-0.8
0.411096
1.5
0.485
-0.21
0.407922
1.2
-0.005
0.41
0.7
1
-0.125
1.3
0.642884
0.5
1.305
0.77
0.580086
0.5
1
2.205
0.94
0.600083
0.573462
-0.819232
1.3
0.35
0.85
0
-0.005
-0.99
-0.005
0.41
-0.825
-0.12
-0.455
1.18
-0.515
1.58
-0.225
1.23
-0.265
1.68
0.345
1.19
0.275
1.58
1.06769
0.988965
1.95774
1.44482
0.485
-0.52
-0.965
-0.95
-0.565
-1.33
-0.266128
-1.35599
-0.505
0.01
-0.705
0.21
-0.505
0.81
-0.305
0.81
0.295
0.81
0.495
0.81
0.695
0.21
0.595
0.11
0.495
0.01
-0.405
-1.3
0.47676
2
-0.125
-0.69
0.411096
1.5
0.415
-0.22
0.407922
1.2
-0.005
0.41
0.7
1
-0.125
1.3
0.642884
0.5
1.195
1.06
0.580086
0.5
1
2.105
1.39
0.600083
0.573462
-0.819232
1.3
0.35
0.85
0
-0.005
-0.99
-0.005
0.41
-0.825
-0.12
-0.455
1.18
-0.515
1.58
-0.225
1.23
-0.265
1.68
0.345
1.19
0.275
1.58
1.06769
0.988965
1.675
1.48
0.305
-0.62
-1.145
-0.63
-0.605
-1.15
-0.30584
-1.17244
-0.505
0.01
-0.705
0.21
-0.505
0.81
-0.305
0.81
0.295
0.81
0.495
0.81
0.695
0.21
0.595
0.11
0.495
0.01
-0.495
-1.04
0.47676
2
-0.045
-0.52
0.333766
1.5
0.445
-0.12
0.344384
1.2
-0.005
0.41
0.7
1
-0.125
1.3
0.642884
0.5
1.145
1.14
0.580086
0.5
0
-0.005
-0.99
-0.005
0.41
-0.825
-0.12
-0.455
1.18
-0.515
1.58
-0.225
1.23
-0.265
1.68
0.345
1.19
0.275
1.58
1.01634
0.929483
1.575
1.46
0.445
-0.46
-1.065
-0.37
-0.525
-0.86
-0.225
-0.86
-0.505
0.01
-0.705
0.21
-0.505
0.81
-0.305
0.81
0.295
0.81
0.495
0.81
0.695
0.21
0.595
0.11
0.495
0.01
-0.345
-0.76
0.47676
2
0.115
-0.4
0.333766
1.5
0.535
-0.15
0.344384
1.2
-0.005
0.41
0.7
1
-0.125
1.3
0.642884
0.5
1.105
1.14
0.580086
0.5
0
-0.005
-0.99
-0.005
0.41
-0.825
-0.12
-0.455
1.18
-0.515
1.58
-0.225
1.23
-0.265
1.68
0.345
1.19
0.275
1.58
0.965
0.87
1.475
1.44
0.385
-0.42
-1.055
-0.15
-0.525
-0.71
-0.225089
-0.717315
-0.505
0.01
-0.705
0.21
-0.505
0.81
-0.305
0.81
0.295
0.81
0.495
0.81
0.695
0.21
0.595
0.11
0.495
0.01
-0.385
-0.64
0.47676
2
0.095
-0.31
0.333766
1.5
0.535
-0.15
0.344384
1.2
-0.005
0.41
0.7
1
-0.125
1.3
0.642884
0.5
1.065
1.14
0.580086
0.5
0
-0.005
-0.99
-0.005
0.41
-0.825
-0.12
-0.455
1.18
-0.515
1.58
-0.225
1.23
-0.265
1.68
0.345
1.19
0.275
1.58
0.945
0.825
1.435
1.45
0.415
-0.33
-1.095
-0.13
-0.335
-0.58
-0.0354886
-0.562885
-0.505
0.01
-0.705
0.21
-0.505
0.81
-0.305
0.81
0.295
0.81
0.495
0.81
0.695
0.21
0.595
0.11
0.495
0.01
-0.145
-0.58
0.401995
2
-0.375
-0.32
0.333766
1.5
0.375
0.06
0.344384
1.2
-0.005
0.41
0.7
1
-0.125
1.3
0.642884
0.5
1.045
1.115
0.580086
0.5
0
-0.005
-0.99
-0.005
0.41
-0.825
-0.12
-0.455
1.18
-0.515
1.58
-0.225
1.23
-0.265
1.68
0.345
1.19
0.275
1.58
0.925
0.78
1.395
1.46
0.585
0.01
-0.685
-0.25
-0.155
-0.48
0.14466
-0.46573
-0.505
0.01
-0.705
0.21
-0.505
0.81
-0.305
0.81
0.295
0.81
0.495
0.81
0.695
0.21
0.595
0.11
0.495
0.01
-0.015
-0.41
0.47676
2
-0.035
-0.13
0.333766
1.5
0.545
0.13
0.344384
1.2
-0.005
0.41
0.7
1
-0.125
1.3
0.642884
0.5
1.025
1.09
0.580086
0.5
0
-0.005
-0.99
-0.005
0.41
-0.825
-0.12
-0.455
1.18
-0.515
1.58
-0.225
1.23
-0.265
1.68
0.345
1.19
0.275
1.58
0.93
0.72
1.305
1.365
1.275
-0.26
-0.835
0.07
0.015
-0.47
0.315
-0.47
-0.505
0.01
-0.705
0.21
-0.505
0.81
-0.305
0.81
0.295
0.81
0.495
0.81
0.695
0.21
0.595
0.11
0.495
0.01
0.165
-0.44
0.47676
2
0.005
-0.14
0.333766
1.5
0.465
0.14
0.344384
1.2
-0.005
0.41
0.7
1
-0.125
1.3
0.642884
0.5
1.025
1.04
0.580086
0.5
0
-0.005
-0.99
-0.005
0.41
-0.825
-0.12
-0.455
1.18
-0.515
1.58
-0.225
1.23
-0.265
1.68
0.345
1.19
0.275
1.58
0.935
0.66
1.215
1.27
1.225
-0.23
-0.735
0.22
0.155
-0.6
0.454937
-0.593879
-0.505
0.01
-0.705
0.21
-0.505
0.81
-0.305
0.81
0.295
0.81
0.495
0.81
0.695
0.21
0.595
0.11
0.495
0.01
0.325
-0.55
0.47676
2
0.045
-0.26
0.333766
1.5
0.555
-0.04
0.344384
1.2
-0.005
0.41
0.7
1
-0.125
1.3
0.642884
0.5
1.025
0.99
0.550818
0.5
0
-0.005
-0.99
-0.005
0.41
-0.825
-0.12
-0.455
1.18
-0.515
1.58
-0.225
1.23
-0.265
1.68
0.345
1.19
0.275
1.58
0.9
0.58
1.15
1.155
0.605
-0.17
-0.105
-0.35
0.265
-0.77
0.563352
-0.738595
-0.505
0.01
-0.705
0.21
-0.505
0.81
-0.305
0.81
0.295
0.81
0.495
0.81
0.695
0.21
0.595
0.11
0.495
0.01
0.315
-0.64
0.47676
2
0.44
-0.415
0.333766
1.5
0.58
-0.04
0.344384
1.2
-0.005
0.41
0.7
1
-0.125
1.3
0.642884
0.5
0.98
0.895
0.550818
0.5
0
-0.005
-0.99
-0.005
0.41
-0.825
-0.12
-0.455
1.18
-0.515
1.58
-0.225
1.23
-0.265
1.68
0.345
1.19
0.275
1.58
0.865
0.5
1.085
1.04
0.685
-0.15
0.025
-0.39
0.305
-0.89
0.603044
-0.855798
-0.505
0.01
-0.705
0.21
-0.505
0.81
-0.305
0.81
0.295
0.81
0.495
0.81
0.695
0.21
0.595
0.11
0.495
0.01
0.375
-0.74
0.47676
2
0.225
-0.42
0.333766
1.5
0.605
-0.04
0.344384
1.2
-0.005
0.41
0.7
1
-0.125
1.3
0.642884
0.5
0.935
0.8
0.470425
0.5
0
-0.005
-0.99
-0.005
0.41
-0.825
-0.12
-0.455
1.18
-0.515
1.58
-0.225
1.23
-0.265
1.68
0.345
1.19
0.275
1.58
0.815
0.485
1
0.975
0.795
-0.26
-0.035
-0.46
0.355
-0.91
0.654787
-0.898687
-0.505
0.01
-0.705
0.21
-0.505
0.81
-0.305
0.81
0.295
0.81
0.495
0.81
0.695
0.21
0.595
0.11
0.495
0.01
0.505
-0.8
0.47676
2
0.585
-0.475
0.333766
1.5
0.615
-0.045
0.344384
1.2
-0.005
0.41
0.7
1
-0.125
1.3
0.642884
0.5
0.935
0.8
0.470425
0.5
0
-0.005
-0.99
-0.005
0.41
-0.825
-0.12
-0.455
1.18
-0.515
1.58
-0.225
1.23
-0.265
1.68
0.345
1.19
0.275
1.58
0.765
0.47
0.915
0.91
0.795
-0.25
0.035
-0.51
0.515
-1
0.814862
-0.990913
-0.505
0.01
-0.705
0.21
-0.505
0.81
-0.305
0.81
0.295
0.81
0.495
0.81
0.695
0.21
0.595
0.11
0.495
0.01
0.615
-0.91
0.47676
2
0.345
-0.57
0.333766
1.5
0.625
-0.05
0.344384
1.2
-0.005
0.41
0.7
1
-0.125
1.3
0.642884
0.5
0.935
0.8
0.470425
0.5
0
-0.005
-0.99
-0.005
0.41
-0.825
-0.12
-0.455
1.18
-0.515
1.58
-0.225
1.23
-0.265
1.68
0.345
1.19
0.275
1.58
0.745
0.51
0.87
0.965
0.745
-0.32
-0.005
-0.57
0.585
-1.13
0.883964
-1.10509
-0.505
0.01
-0.705
0.21
-0.505
0.81
-0.305
0.81
0.295
0.81
0.495
0.81
0.695
0.21
0.595
0.11
0.495
0.01
0.725
-1.08
0.47676
2
0.285
-0.66
0.333766
1.5
0.565
-0.12
0.344384
1.2
-0.005
0.41
0.7
1
-0.125
1.3
0.642884
0.5
0.875
0.805
0.470425
0.5
0
-0.005
-0.99
-0.005
0.41
-0.825
-0.12
-0.455
1.18
-0.515
1.58
-0.225
1.23
-0.265
1.68
0.345
1.19
0.275
1.58
0.725
0.55
0.825
1.02
0.735
-0.46
-0.035
-0.92
0.685
-1.25
0.983124
-1.2165
-0.505
0.01
-0.705
0.21
-0.505
0.81
-0.305
0.81
0.295
0.81
0.495
0.81
0.695
0.21
0.595
0.11
0.495
0.01
0.875
-1.23
0.434166
2
0.445
-0.8
0.342345
1.5
0.575
-0.19
0.344384
1.2
-0.005
0.41
0.7
1
-0.125
1.3
0.642884
0.5
0.815
0.81
0.364005
0.5
0
-0.005
-0.99
-0.005
0.41
-0.825
-0.12
-0.455
1.18
-0.515
1.58
-0.225
1.23
-0.265
1.68
0.345
1.19
0.275
1.58
0.69
0.59
0.775
1.075
0.825
-0.49
0.055
-0.9
0.755
-1.33
1.05302
-1.29561
-0.505
0.01
-0.705
0.21
-0.505
0.81
-0.305
0.81
0.295
0.81
0.495
0.81
0.695
0.21
0.595
0.11
0.495
0.01
0.905
-1.3
0.432897
2
0.535
-0.9
0.342345
1.5
0.585
-0.23
0.344384
1.2
-0.005
0.41
0.7
1
-0.125
1.3
0.642884
0.5
0.745
0.845
0.364005
0.5
0
-0.005
-0.99
-0.005
0.41
-0.825
-0.12
-0.455
1.18
-0.515
1.58
-0.225
1.23
-0.265
1.68
0.345
1.19
0.275
1.58
0.655
0.63
0.725
1.13
0.875
-0.55
0.075
-0.99
0.825
-1.35
1.12424
-1.32863
-0.505
0.01
-0.705
0.21
-0.505
0.81
-0.305
0.81
0.295
0.81
0.495
0.81
0.695
0.21
0.595
0.11
0.495
0.01
0.945
-1.36
0.451774
2
0.525
-0.82
0.39
1.5
0.655
-0.15
0.360139
1.2
-0.005
0.41
0.7
1
-0.125
1.3
0.642884
0.5
0.675
0.88
0.364005
0.5
0
-0.005
-0.99
-0.005
0.41
-0.825
-0.12
-0.455
1.18
-0.515
1.58
-0.225
1.23
-0.265
1.68
0.345
1.19
0.275
1.58
0.655
0.69
0.665
1.22
0.945
-0.63
0.145
-1.17
0.885
-1.41
1.18324
-1.37758
-0.505
0.01
-0.705
0.21
-0.505
0.81
-0.305
0.81
0.295
0.81
0.495
0.81
0.695
0.21
0.595
0.11
0.495
0.01
1.025
-1.39
0.440454
2
0.575
-0.88
0.39
1.5
0.675
-0.18
0.38
1.2
-0.005
0.41
0.7
1
-0.265
1.34
0.642884
0.5
0.56
1.01
0.364005
0.5
0
-0.005
-0.99
-0.005
0.41
-0.825
-0.12
-0.455
1.18
-0.515
1.58
-0.225
1.23
-0.265
1.68
0.345
1.19
0.275
1.58
0.655
0.75
0.615
1.29
0.965
-0.5
0.115
-1.07
0.875
-1.49
1.17382
-1.46344
-0.505
0.01
-0.705
0.21
-0.505
0.81
-0.305
0.81
0.295
0.81
0.495
0.81
0.695
0.21
0.595
0.11
0.495
0.01
0.985
-1.4
0.458803
2
0.625
-0.84
0.39
1.5
0.635
-0.11
0.375766
1.2
-0.005
0.41
0.7
1
-0.405
1.38
0.442832
0.5
0.445
1.14
0.41
0.5
0
-0.005
-0.99
-0.005
0.41
-0.825
-0.12
-0.455
1.18
-0.515
1.58
-0.225
1.23
-0.265
1.68
0.345
1.19
0.275
1.58
0.63
0.815
0.59
1.36
1.035
-0.46
0.045
-1.47
0.915
-1.54
1.21479
-1.52869
-0.505
0.01
-0.705
0.21
-0.505
0.81
-0.305
0.81
0.295
0.81
0.495
0.81
0.695
0.21
0.595
0.11
0.495
0.01
1.035
-1.51
0.458803
2
0.615
-1.03
0.39
1.5
0.685
-0.26
0.360555
1.2
-0.005
0.41
0.7
1
-0.405
1.38
0.442832
0.5
0.425
1.185
0.41
0.5
0
-0.005
-0.99
-0.005
0.41
-0.825
-0.12
-0.455
1.18
-0.515
1.58
-0.225
1.23
-0.265
1.68
0.345
1.19
0.275
1.58
0.605
0.88
0.565
1.43
0.775
-0.59
0.085
-1.37
0.935
-1.61
1.23499
-1.60717
-0.505
0.01
-0.705
0.21
-0.505
0.81
-0.305
0.81
0.295
0.81
0.495
0.81
0.695
0.21
0.595
0.11
0.495
0.01
1.025
-1.59
0.520865
2
0.525
-1.06
0.390512
1.5
0.585
-0.27
0.439659
1.2
-0.005
0.41
0.7
1
-0.405
1.38
0.442832
0.5
0.405
1.23
0.481664
0.5
0
-0.005
-0.99
-0.005
0.41
-0.825
-0.12
-0.455
1.18
-0.515
1.58
-0.225
1.23
-0.265
1.68
0.345
1.19
0.275
1.58
0.61
0.95
0.565
1.435
0.625
-0.67
0.285
-1.39
0.935
-1.74
1.2344
-1.75901
-0.505
0.01
-0.705
0.21
-0.505
0.81
-0.305
0.81
0.295
0.81
0.495
0.81
0.695
0.21
0.595
0.11
0.495
0.01
0.575
-1.15
0.458803
2
1.055
-1.75
0.462709
1.5
0.615
-0.34
0.439659
1.2
-0.005
0.41
0.7
1
-0.405
1.38
0.442832
0.5
0.405
1.23
0.481664
0.5
0
-0.005
-0.99
-0.005
0.41
-0.825
-0.12
-0.455
1.18
-0.515
1.58
-0.225
1.23
-0.265
1.68
0.345
1.19
0.275
1.58
0.61375
1.02
0.575
1.49875
0.65125
-0.5675
0.46125
-1.305
1.01125
-1.7075
1.31078
-1.72029
-0.505
0.01
-0.705
0.21
-0.505
0.81
-0.305
0.81
0.295
0.81
0.495
0.81
0.695
0.21
0.595
0.11
0.495
0.01
1.215
-1.67
0.458803
2
0.725
-1.08
0.462709
1.5
0.64
-0.305
0.439659
1.2
-0.005
0.41
0.7
1
-0.3875
1.38
0.442832
0.5
0.4225
1.27
0.481664
0.5
0
-0.005
-0.99
-0.005
0.41
-0.825
-0.12
-0.455
1.18
-0.515
1.58
-0.225
1.23
-0.265
1.68
0.345
1.19
0.275
1.58
0.6175
1.09
0.585
1.5625
0.6775
-0.465
0.6375
-1.22
1.0875
-1.675
1.38717
-1.68156
-0.505
0.01
-0.705
0.21
-0.505
0.81
-0.305
0.81
0.295
0.81
0.495
0.81
0.695
0.21
0.595
0.11
0.495
0.01
0.765
-0.89
0.458803
2
1.155
-1.58
0.462709
1.5
0.665
-0.27
0.439659
1.2
-0.005
0.41
0.7
1
-0.37
1.38
0.442832
0.5
0.44
1.31
0.481664
0.5
0
-0.005
-0.99
-0.005
0.41
-0.825
-0.12
-0.455
1.18
-0.515
1.58
-0.225
1.23
-0.265
1.68
0.345
1.19
0.275
1.58
0.62125
1.16
0.595
1.62625
0.70375
-0.3625
0.81375
-1.135
1.16375
-1.6425
1.46355
-1.64284
-0.505
0.01
-0.705
0.21
-0.505
0.81
-0.305
0.81
0.295
0.81
0.495
0.81
0.695
0.21
0.595
0.11
0.495
0.01
1.245
-1.52
0.458803
2
0.905
-0.89
0.462709
1.5
0.69
-0.235
0.439659
1.2
-0.005
0.41
0.7
1
-0.3525
1.38
0.442832
0.5
0.4575
1.35
0.481664
0.5
0
-0.005
-0.99
-0.005
0.41
-0.825
-0.12
-0.455
1.18
-0.515
1.58
-0.225
1.23
-0.265
1.68
0.345
1.19
0.275
1.58
0.625
1.23
0.605
1.69
0.73
-0.26
0.99
-1.05
1.24
-1.61
1.53994
-1.60412
-0.505
0.01
-0.705
0.21
-0.505
0.81
-0.305
0.81
0.295
0.81
0.495
0.81
0.695
0.21
0.595
0.11
0.495
0.01
1.355
-1.59
0.456946
2
0.925
-0.88
0.39
1.5
0.715
-0.2
0.358469
1.2
-0.005
0.41
0.7
1
-0.335
1.38
0.411461
0.5
0.475
1.39
0.404969
0.5
0
