50
10
15
9
6
-0.135
2.09
0.115
1.26
1.10175
1.49005
0.533332
0.721418
0.705
0.6
0.30183
0.71972
0.436992
0.531763
-0.224394
0.748438
-0.0828099
0.573125
-0.452787
0.737206
-0.334248
0.514041
-0.855
1.53
-1.255
1.54
-1.555
1.54
-1.85501
1.54364
0.615428
1.66268
0.816624
1.46262
0.617706
0.86017
0.41708
0.859601
-0.184801
0.857892
-0.385428
0.857323
-0.587764
1.45863
-0.487735
1.55923
-0.387706
1.65983
-1.725
1.48
0.456946
2
-1.145
1.55
0.39
1.5
-0.595
1.66
0.401123
1.2
0.115
1.26
0.7
1
0.377752
0.578608
0.411461
0.5
-0.374656
0.596536
0.404969
0.5
0
-0.135
2.09
0.115
1.26
1.10175
1.49005
0.533332
0.721418
0.67
0.58
0.30183
0.71972
0.410996
0.530882
-0.224394
0.748438
-0.100857
0.564844
-0.452787
0.737206
-0.351936
0.513031
-0.855
1.53
-1.255
1.5175
-1.56
1.485
-1.83997
1.4367
0.615428
1.66268
0.816624
1.46262
0.617706
0.86017
0.41708
0.859601
-0.184801
0.857892
-0.385428
0.857323
-0.587764
1.45863
-0.487735
1.55923
-0.387706
1.65983
-1.72
1.4275
0.456946
2
-1.145
1.55
0.39
1.5
-0.595
1.66
0.401123
1.2
0.115
1.26
0.7
1
0.377752
0.578608
0.411461
0.5
-0.374656
0.596536
0.404969
0.5
0
-0.135
2.09
0.115
1.26
1.10175
1.49005
0.533332
0.721418
0.635
0.56
0.30183
0.71972
0.385
0.53
-0.224394
0.748438
-0.118905
0.556563
-0.452787
0.737206
-0.369624
0.51202
-0.855
1.53
-1.255
1.495
-1.565
1.43
-1.82492
1.32975
0.615428
1.66268
0.816624
1.46262
0.617706
0.86017
0.41708
0.859601
-0.184801
0.857892
-0.385428
0.857323
-0.587764
1.45863
-0.487735
1.55923
-0.387706
1.65983
-1.715
1.375
0.456946
2
-1.145
1.55
0.39
1.5
-0.595
1.66
0.401123
1.2
0.115
1.26
0.7
1
0.377752
0.578608
0.411461
0.5
-0.374656
0.596536
0.404969
0.5
0
-0.135
2.09
0.115
1.26
1.10175
1.49005
0.514166
0.740709
0.624013
0.572886
0.303415
0.74486
0.395
0.54
-0.224394
0.748438
-0.136952
0.548281
-0.452787
0.737206
-0.387312
0.51101
-0.855
1.53
-1.255
1.4725
-1.57
1.375
-1.80988
1.22281
0.615428
1.66268
0.816624
1.46262
0.617706
0.86017
0.41708
0.859601
-0.184801
0.857892
-0.385428
0.857323
-0.587764
1.45863
-0.487735
1.55923
-0.387706
1.65983
-1.71
1.3225
0.456946
2
-1.145
1.55
0.39
1.5
-0.595
1.66
0.401123
1.2
0.115
1.26
0.7
1
0.377752
0.578608
0.411461
0.5
-0.374656
0.596536
0.404969
0.5
0
-0.135
2.09
0.115
1.26
1.10175
1.49005
0.495
0.76
0.613026
0.585772
0.305
0.77
0.405
0.55
-0.224394
0.748438
-0.155
0.54
-0.452787
0.737206
-0.405
0.51
-0.855
1.53
-1.255
1.45
-1.575
1.32
-1.79484
1.11586
0.615428
1.66268
0.816624
1.46262
0.617706
0.86017
0.41708
0.859601
-0.184801
0.857892
-0.385428
0.857323
-0.587764
1.45863
-0.487735
1.55923
-0.387706
1.65983
-1.705
1.27
0.456946
2
-1.145
1.55
0.39
1.5
-0.595
1.66
0.401123
1.2
0.115
1.26
0.7
1
0.377752
0.578608
0.411461
0.5
-0.374656
0.596536
0.404969
0.5
0
-0.135
2.09
0.115
1.26
1.10175
1.49005
0.505
0.765
0.574013
0.577886
0.31
0.77
0.37
0.555
-0.229546
0.751328
-0.19
0.5475
-0.45584
0.740404
-0.4325
0.52
-0.855
1.53
-1.2325
1.4425
-1.5375
1.275
-1.72987
1.05212
0.615428
1.66268
0.816624
1.46262
0.617706
0.86017
0.41708
0.859601
-0.184801
0.857892
-0.385428
0.857323
-0.587764
1.45863
-0.487735
1.55923
-0.387706
1.65983
-1.66
1.2025
0.456946
2
-1.1525
1.515
0.39
1.5
-0.595
1.66
0.401123
1.2
0.115
1.26
0.7
1
0.377752
0.578608
0.411461
0.5
-0.374656
0.596536
0.404969
0.5
0
-0.135
2.09
0.115
1.26
1.10175
1.49005
0.515
0.77
0.535
0.57
0.315
0.77
0.335
0.56
-0.234697
0.754219
-0.225
0.555
-0.458894
0.743603
-0.46
0.53
-0.855
1.53
-1.21
1.435
-1.5
1.23
-1.6649
0.988371
0.615428
1.66268
0.816624
1.46262
0.617706
0.86017
0.41708
0.859601
-0.184801
0.857892
-0.385428
0.857323
-0.587764
1.45863
-0.487735
1.55923
-0.387706
1.65983
-1.615
1.135
0.456946
2
-1.16
1.48
0.39
1.5
-0.595
1.66
0.401123
1.2
0.115
1.26
0.7
1
0.377752
0.578608
0.411461
0.5
-0.374656
0.596536
0.404969
0.5
0
-0.135
2.09
0.115
1.26
1.10175
1.49005
0.52
0.775
0.525
0.58
0.325
0.765
0.325
0.575
-0.239848
0.75711
-0.26
0.5625
-0.461947
0.746801
-0.4875
0.54
-0.855
1.53
-1.1875
1.4275
-1.4625
1.185
-1.59993
0.924624
0.615428
1.66268
0.816624
1.46262
0.617706
0.86017
0.41708
0.859601
-0.184801
0.857892
-0.385428
0.857323
-0.587764
1.45863
-0.487735
1.55923
-0.387706
1.65983
-1.57
1.0675
0.456946
2
-1.1675
1.445
0.39
1.5
-0.595
1.66
0.401123
1.2
0.115
1.26
0.7
1
0.377752
0.578608
0.411461
0.5
-0.374656
0.596536
0.404969
0.5
0
-0.135
2.09
0.115
1.26
1.10175
1.49005
0.525
0.78
0.515
0.59
0.335
0.76
0.315
0.59
-0.245
0.76
-0.295
0.57
-0.465
0.75
-0.515
0.55
-0.855
1.53
-1.165
1.42
-1.425
1.14
-1.53496
0.860877
0.615428
1.66268
0.816624
1.46262
0.617706
0.86017
0.41708
0.859601
-0.184801
0.857892
-0.385428
0.857323
-0.587764
1.45863
-0.487735
1.55923
-0.387706
1.65983
-1.525
1
0.456946
2
-1.175
1.41
0.39
1.5
-0.595
1.66
0.401123
1.2
0.115
1.26
0.7
1
0.377752
0.578608
0.411461
0.5
-0.374656
0.596536
0.404969
0.5
0
-0.135
2.09
0.115
1.26
1.10175
1.49005
0.52
0.79
0.485
0.6
0.325
0.78
0.275
0.61
-0.265
0.765
-0.315
0.59
-0.48
0.765
-0.53
0.585
-0.855
1.53
-1.16
1.375
-1.355
1.11
-1.44203
0.823904
0.615428
1.66268
0.816624
1.46262
0.617706
0.86017
0.41708
0.859601
-0.184801
0.857892
-0.385428
0.857323
-0.587764
1.45863
-0.487735
1.55923
-0.387706
1.65983
-1.43
0.935
0.456946
2
-1.115
1.415
0.39
1.5
-0.61
1.63
0.401123
1.2
0.115
1.26
0.7
1
0.377752
0.578608
0.411461
0.5
-0.374656
0.596536
0.404969
0.5
0
-0.135
2.09
0.115
1.26
1.10175
1.49005
0.515
0.8
0.455
0.61
0.315
0.8
0.235
0.63
-0.285
0.77
-0.335
0.61
-0.495
0.78
-0.545
0.62
-0.855
1.53
-1.155
1.33
-1.285
1.08
-1.34911
0.78693
0.615428
1.66268
0.816624
1.46262
0.617706
0.86017
0.41708
0.859601
-0.184801
0.857892
-0.385428
0.857323
-0.587764
1.45863
-0.487735
1.55923
-0.387706
1.65983
-1.335
0.87
0.456946
2
-1.055
1.42
0.39
1.5
-0.625
1.6
0.401123
1.2
0.115
1.26
0.7
1
0.377752
0.578608
0.411461
0.5
-0.374656
0.596536
0.404969
0.5
0
-0.135
2.09
0.115
1.26
1.10175
1.49005
0.515
0.8
0.47
0.625
0.315
0.8
0.255
0.635
-0.285
0.77
-0.33
0.625
-0.495
0.78
-0.545
0.635
-0.87
1.51
-1.175
1.325
-1.295
1.065
-1.32705
0.773465
0.615428
1.66268
0.816624
1.46262
0.617706
0.86017
0.41708
0.859601
-0.184801
0.857892
-0.385428
0.857323
-0.587764
1.45863
-0.487735
1.55923
-0.387706
1.65983
-1.335
0.87
0.456946
2
-1.055
1.42
0.39
1.5
-0.625
1.6
0.401123
1.2
0.115
1.26
0.7
1
0.377752
0.578608
0.411461
0.5
-0.374656
0.596536
0.404969
0.5
0
-0.135
2.09
0.115
1.26
1.10175
1.49005
0.515
0.8
0.485
0.64
0.315
0.8
0.275
0.64
-0.285
0.77
-0.325
0.64
-0.495
0.78
-0.545
0.65
-0.885
1.49
-1.195
1.32
-1.305
1.05
-1.305
0.76
0.615428
1.66268
0.816624
1.46262
0.617706
0.86017
0.41708
0.859601
-0.184801
0.857892
-0.385428
0.857323
-0.587764
1.45863
-0.487735
1.55923
-0.387706
1.65983
-1.335
0.87
0.456946
2
-1.055
1.42
0.39
1.5
-0.625
1.6
0.401123
1.2
0.115
1.26
0.7
1
0.377752
0.578608
0.411461
0.5
-0.374656
0.596536
0.404969
0.5
0
-0.135
2.09
0.115
1.26
1.10175
1.49005
0.5275
0.8
0.53
0.6375
0.3325
0.79
0.3225
0.63
-0.285
0.77
-0.325
0.64
-0.495
0.78
-0.545
0.65
-0.89
1.4925
-1.2125
1.315
-1.335
1.0175
-1.335
0.7275
0.615428
1.66268
0.816624
1.46262
0.617706
0.86017
0.41708
0.859601
-0.184801
0.857892
-0.385428
0.857323
-0.587764
1.45863
-0.487735
1.55923
-0.387706
1.65983
-1.35
0.865
0.456946
2
-1.055
1.42
0.39
1.5
-0.625
1.6
0.401123
1.2
0.115
1.26
0.7
1
0.377752
0.578608
0.411461
0.5
-0.374656
0.596536
0.404969
0.5
0
-0.135
2.09
0.115
1.26
1.10175
1.49005
0.54
0.8
0.575
0.635
0.35
0.78
0.37
0.62
-0.285
0.77
-0.325
0.64
-0.495
0.78
-0.545
0.65
-0.895
1.495
-1.23
1.31
-1.365
0.985
-1.365
0.695
0.615428
1.66268
0.816624
1.46262
0.617706
0.86017
0.41708
0.859601
-0.184801
0.857892
-0.385428
0.857323
-0.587764
1.45863
-0.487735
1.55923
-0.387706
1.65983
-1.365
0.86
0.456946
2
-1.055
1.42
0.39
1.5
-0.625
1.6
0.401123
1.2
0.115
1.26
0.7
1
0.377752
0.578608
0.411461
0.5
-0.374656
0.596536
0.404969
0.5
0
-0.135
2.09
0.115
1.26
1.10175
1.49005
0.5525
0.8
0.62
0.6325
0.3675
0.77
0.4175
0.61
-0.285
0.77
-0.325
0.64
-0.495
0.78
-0.545
0.65
-0.9
1.4975
-1.2475
1.305
-1.395
0.9525
-1.395
0.6625
0.615428
1.66268
0.816624
1.46262
0.617706
0.86017
0.41708
0.859601
-0.184801
0.857892
-0.385428
0.857323
-0.587764
1.45863
-0.487735
1.55923
-0.387706
1.65983
-1.38
0.855
0.456946
2
-1.055
1.42
0.39
1.5
-0.625
1.6
0.401123
1.2
0.115
1.26
0.7
1
0.377752
0.578608
0.411461
0.5
-0.374656
0.596536
0.404969
0.5
0
-0.135
2.09
0.115
1.26
1.10175
1.49005
0.565
0.8
0.665
0.63
0.385
0.76
0.465
0.6
-0.355
0.64
-0.445
0.36
-0.555
0.68
-0.685
0.42
-0.905
1.5
-1.265
1.3
-1.425
0.92
-1.425
0.63
0.615428
1.66268
0.816624
1.46262
0.617706
0.86017
0.41708
0.859601
-0.184801
0.857892
-0.385428
0.857323
-0.587764
1.45863
-0.487735
1.55923
-0.387706
1.65983
-1.395
0.85
0.456946
2
-1.055
1.42
0.39
1.5
-0.625
1.6
0.401123
1.2
0.115
1.26
0.7
1
0.377752
0.578608
0.411461
0.5
-0.374656
0.596536
0.404969
0.5
1
-0.585
0.2
0.637887
-0.447214
-0.894427
0.6
0
1
0
-0.135
2.09
0.115
1.26
1.10175
1.49005
0.565
0.8
0.665
0.63
0.385
0.76
0.465
0.6
-0.485
0.42
-0.655
0.03
-0.685
0.48
-0.885
0.08
-0.905
1.5
-1.295
1.23
-1.355
0.83
-1.355
0.54
0.615428
1.66268
0.816624
1.46262
0.617706
0.86017
0.41708
0.859601
-0.184801
0.857892
-0.385428
0.857323
-0.587764
1.45863
-0.487735
1.55923
-0.387706
1.65983
-1.395
0.85
0.456946
2
-1.055
1.42
0.39
1.5
-0.625
1.6
0.401123
1.2
0.115
1.26
0.7
1
0.377752
0.578608
0.411461
0.5
-0.615
0.41
0.451221
0.5
1
-0.705
-0.04
0.637887
-0.447214
-0.894427
0.6
0
1
0
-0.135
2.09
0.115
1.26
1.10175
1.49005
0.565
0.8
0.665
0.63
0.385
0.76
0.465
0.6
-0.532863
0.369166
-0.865
-0.23
-0.753037
0.383125
-1.135
-0.15
-0.905
1.5
-1.395
1.23
-1.375
0.79
-1.30004
0.499517
0.615428
1.66268
0.816624
1.46262
0.617706
0.86017
0.41708
0.859601
-0.184801
0.857892
-0.385428
0.857323
-0.587764
1.45863
-0.487735
1.55923
-0.387706
1.65983
-1.215
0.83
0.545894
2
-0.825
1.42
0.39
1.5
-0.875
-0.01
0.401123
1.2
0.115
1.26
0.7
1
0.377752
0.578608
0.411461
0.5
-0.505
0.52
0.404969
0.5
1
-0.835
-0.12
0.637887
-0.447214
-0.894427
0.6
0
1
0
-0.135
2.09
0.115
1.26
1.10175
1.49005
0.565
0.8
0.665
0.63
0.385
0.76
0.465
0.6
-0.445
0.59
-0.685
0.1
-0.625
0.64
-0.905
0.15
-0.905
1.5
-1.395
1.23
-1.375
0.79
-1.30004
0.499517
0.615428
1.66268
0.816624
1.46262
0.617706
0.86017
0.41708
0.859601
-0.184801
0.857892
-0.385428
0.857323
-0.587764
1.45863
-0.487735
1.55923
-0.387706
1.65983
-1.215
0.83
0.545894
2
-0.825
1.42
0.39
1.5
-0.695
0.21
0.401123
1.2
0.115
1.26
0.7
1
0.377752
0.578608
0.411461
0.5
-0.435
0.61
0.404969
0.5
0
-0.135
2.09
0.115
1.26
1.10175
1.49005
0.565
0.8
0.665
0.63
0.385
0.76
0.465
0.6
-0.335
0.74
-0.575
0.35
-0.525
0.77
-0.785
0.41
-0.905
1.5
-1.395
1.23
-1.375
0.79
-1.30004
0.499517
0.615428
1.66268
0.816624
1.46262
0.617706
0.86017
0.41708
0.859601
-0.184801
0.857892
-0.385428
0.857323
-0.587764
1.45863
-0.487735
1.55923
-0.387706
1.65983
-1.315
0.63
0.357351
2
-1.275
1.14
0.294279
1.5
-0.535
0.56
0.401123
1.2
0.115
1.26
0.7
1
0.377752
0.578608
0.411461
0.5
-0.765
1.44
0.338378
0.5
0
-0.135
2.09
0.115
1.26
1.10175
1.49005
0.565
0.8
0.665
0.63
0.385
0.76
0.465
0.6
-0.295
0.8
-0.385
0.58
-0.475
0.8
-0.575
0.62
-0.905
1.5
-1.395
1.23
-1.375
0.79
-1.30004
0.499517
0.615428
1.66268
0.816624
1.46262
0.617706
0.86017
0.41708
0.859601
-0.184801
0.857892
-0.385428
0.857323
-0.587764
1.45863
-0.487735
1.55923
-0.387706
1.65983
-1.315
0.63
0.43566
2
-1.275
1.14
0.332415
1.5
-0.405
0.7
0.401123
1.2
0.115
1.26
0.7
1
0.377752
0.578608
0.411461
0.5
-0.765
1.44
0.352278
0.5
0
-0.135
2.09
0.115
1.26
1.10175
1.49005
0.705
0.65
0.895
0.39
0.455
0.58
0.645
0.32
-0.295
0.8
-0.385
0.58
-0.475
0.8
-0.575
0.62
-0.905
1.5
-1.395
1.23
-1.375
0.79
-1.30004
0.499517
0.615428
1.66268
0.816624
1.46262
0.617706
0.86017
0.41708
0.859601
-0.184801
0.857892
-0.385428
0.857323
-0.587764
1.45863
-0.487735
1.55923
-0.387706
1.65983
-1.315
0.63
0.43566
2
-1.275
1.14
0.332415
1.5
-0.405
0.7
0.401123
1.2
0.115
1.26
0.7
1
0.655
0.56
0.411461
0.5
-0.765
1.44
0.352278
0.5
1
0.905
0.15
0.673647
0.447214
-0.894427
0.6
0
1
0
-0.135
2.09
0.115
1.26
1.10175
1.49005
0.795
0.47
1.115
0.07
0.605
0.37
0.885
-0.00999999
-0.295
0.8
-0.385
0.58
-0.475
0.8
-0.575
0.62
-0.905
1.5
-1.395
1.23
-1.375
0.79
-1.30004
0.499517
0.615428
1.66268
0.816624
1.46262
0.617706
0.86017
0.41708
0.859601
-0.184801
0.857892
-0.385428
0.857323
-0.587764
1.45863
-0.487735
1.55923
-0.387706
1.65983
-1.315
0.63
0.43566
2
-1.275
1.14
0.332415
1.5
-0.405
0.7
0.401123
1.2
0.115
1.26
0.7
1
0.755
0.34
0.465725
0.5
-0.765
1.44
0.352278
0.5
1
1.095
-0.18
0.673647
0.447214
-0.894427
0.6
0
1
0
-0.135
2.09
0.115
1.26
1.10175
1.49005
0.917922
0.340679
1.405
-0.3
0.665883
0.313618
1.135
-0.32
-0.295
0.8
-0.385
0.58
-0.475
0.8
-0.575
0.62
-0.905
1.5
-1.395
1.23
-1.375
0.79
-1.30004
0.499517
0.615428
1.66268
0.816624
1.46262
0.617706
0.86017
0.41708
0.859601
-0.184801
0.857892
-0.385428
0.857323
-0.587764
1.45863
-0.487735
1.55923
-0.387706
1.65983
-1.305
0.72
0.490408
2
-0.795
1.32
0.440114
1.5
-0.405
0.7
0.401123
1.2
0.115
1.26
0.7
1
0.755
0.44
0.414367
0.5
1.165
-0.15
0.380789
0.5
1
1.295
-0.44
0.673647
0.447214
-0.894427
0.6
0
1
0
-0.135
2.09
0.115
1.26
1.10175
1.49005
0.805
0.59
1.185
0.07
0.555
0.55
0.885
-0.02
-0.295
0.8
-0.385
0.58
-0.475
0.8
-0.575
0.62
-0.905
1.5
-1.395
1.23
-1.375
0.79
-1.30004
0.499517
0.615428
1.66268
0.816624
1.46262
0.617706
0.86017
0.41708
0.859601
-0.184801
0.857892
-0.385428
0.857323
-0.587764
1.45863
-0.487735
1.55923
-0.387706
1.65983
-1.305
0.72
0.490408
2
-0.795
1.32
0.440114
1.5
-0.405
0.7
0.401123
1.2
0.115
1.26
0.7
1
0.685
0.57
0.33541
0.5
0.955
0.13
0.380789
0.5
0
-0.135
2.09
0.115
1.26
1.10175
1.49005
0.675
0.75
0.925
0.38
0.475
0.7
0.715
0.29
-0.295
0.8
-0.385
0.58
-0.475
0.8
-0.575
0.62
-0.905
1.5
-1.395
1.23
-1.375
0.79
-1.30004
0.499517
0.615428
1.66268
0.816624
1.46262
0.617706
0.86017
0.41708
0.859601
-0.184801
0.857892
-0.385428
0.857323
-0.587764
1.45863
-0.487735
1.55923
-0.387706
1.65983
-1.305
0.72
0.490408
2
-1.175
1.26
0.257099
1.5
-0.405
0.7
0.401123
1.2
0.115
1.26
0.7
1
-0.775
1.5
0.33541
0.5
0.735
0.51
0.32249
0.5
0
-0.135
2.09
0.115
1.26
1.10175
1.49005
0.595
0.77
0.745
0.58
0.425
0.73
0.555
0.56
-0.295
0.8
-0.385
0.58
-0.475
0.8
-0.575
0.62
-0.905
1.5
-1.395
1.23
-1.375
0.79
-1.30004
0.499517
0.615428
1.66268
0.816624
1.46262
0.617706
0.86017
0.41708
0.859601
-0.184801
0.857892
-0.385428
0.857323
-0.587764
1.45863
-0.487735
1.55923
-0.387706
1.65983
-1.305
0.72
0.490408
2
-1.175
1.26
0.257099
1.5
-0.405
0.7
0.401123
1.2
0.115
1.26
0.7
1
-0.775
1.5
0.33541
0.5
0.595
0.67
0.32249
0.5
0
-0.195
1.99
0.105
1.165
1.07338
1.45637
0.61402
0.707189
0.775414
0.527392
0.447208
0.656625
0.587419
0.495489
-0.274386
0.680947
-0.35016
0.456133
-0.453681
0.669596
-0.541939
0.483995
-0.895
1.355
-1.31
1.1
-1.475
0.625
-1.42394
0.330374
0.578074
1.59766
0.791098
1.41107
0.63095
0.798437
0.431146
0.785219
-0.168269
0.745561
-0.368075
0.732343
-0.607537
1.31853
-0.514244
1.42505
-0.420951
1.53156
-1.42
0.5
0.490408
2
-1.225
1.07
0.257099
1.5
-0.377649
0.574402
0.401123
1.2
0.105
1.165
0.7
1
-0.796649
1.34794
0.33541
0.5
0.620326
0.60758
0.32249
0.5
0
-0.255
1.89
0.095
1.07
1.04501
1.4227
0.633039
0.644377
0.805827
0.474784
0.469416
0.58325
0.619839
0.430978
-0.253772
0.561893
-0.31532
0.332266
-0.432362
0.539192
-0.508877
0.347989
-0.885
1.21
-1.225
0.97
-1.575
0.46
-1.54784
0.161232
0.540721
1.53264
0.765572
1.35952
0.644195
0.736705
0.445213
0.710837
-0.151738
0.633231
-0.350721
0.607363
-0.627311
1.17844
-0.540753
1.29087
-0.454195
1.4033
-1.535
0.28
0.490408
2
-1.275
0.88
0.288617
1.5
-0.350298
0.448804
0.401123
1.2
0.095
1.07
0.7
1
-0.818298
1.19587
0.33541
0.5
0.645652
0.545161
0.32249
0.5
0
-0.375
1.73
0.105
0.99
0.880002
1.54135
0.703545
0.681442
0.901969
0.550651
0.557452
0.591707
0.731065
0.473384
-0.135171
0.434779
-0.151165
0.201973
-0.302927
0.379238
-0.340584
0.180625
-0.9
0.94
-1.305
0.645
-1.495
0.145
-1.4411
-0.148863
0.447135
1.5197
0.696376
1.39533
0.696883
0.772484
0.51008
0.710048
-0.0503318
0.522737
-0.237136
0.4603
-0.611251
0.958271
-0.549067
1.08289
-0.486884
1.20752
-1.435
-0.03
0.490408
2
-1.25
0.605
0.288617
1.5
-0.206832
0.30764
0.401123
1.2
0.105
0.99
0.7
1
-0.798516
0.939053
0.33541
0.5
0.734402
0.588244
0.32249
0.5
0
-0.495
1.57
0.115
0.91
0.715
1.66
0.774051
0.718506
0.99811
0.626517
0.645487
0.600164
0.842291
0.515791
-0.016571
0.307665
0.0129894
0.071681
-0.173493
0.219284
-0.172291
0.0132611
-0.915
0.67
-1.385
0.32
-1.415
-0.17
-1.33436
-0.458959
0.353549
1.50676
0.62718
1.43114
0.749572
0.808264
0.574948
0.709259
0.0510741
0.412243
-0.123551
0.313238
-0.595191
0.738102
-0.557382
0.874918
-0.519572
1.01174
-1.335
-0.34
0.490408
2
-1.225
0.33
0.298329
1.5
-0.0633671
0.166476
0.401123
1.2
0.115
0.91
0.7
1
-0.778734
0.682234
0.33541
0.5
0.823151
0.631327
0.32249
0.5
0
-0.619551
1.4509
0.115
0.865
0.52
1.68
0.787206
0.789901
1.02026
0.73826
0.682265
0.653355
0.887571
0.604525
0.0885511
0.25795
0.156951
0.0337618
-0.0489671
0.145729
-0.0131454
-0.0541348
-0.885
0.515
-1.335
0.165
-1.38
-0.405
-1.29113
-0.691404
0.246271
1.48464
0.524709
1.45723
0.748336
0.872946
0.595414
0.747431
0.136649
0.370883
-0.0162729
0.245367
-0.545741
0.578613
-0.532039
0.717832
-0.518336
0.857054
-1.305
-0.525
0.490408
2
-1.18
0.165
0.298329
1.5
0.0668574
0.112971
0.401123
1.2
0.115
0.865
0.7
1
-0.761867
0.541117
0.33541
0.5
0.849551
0.713502
0.32249
0.5
0
-0.744102
1.33181
0.115
0.82
0.325
1.7
0.80036
0.861296
1.04241
0.850004
0.719043
0.706546
0.932851
0.69326
0.193673
0.208235
0.300913
-0.00415742
0.0755589
0.0721741
0.146001
-0.121531
-0.855
0.36
-1.285
0.01
-1.345
-0.64
-1.24789
-0.923849
0.138992
1.46251
0.422239
1.48331
0.7471
0.937628
0.615881
0.785602
0.222225
0.329522
0.0910052
0.177496
-0.496291
0.419123
-0.506696
0.560746
-0.517101
0.702372
-1.275
-0.71
0.490408
2
-1.135
0
0.329848
1.5
0.197082
0.0594673
0.401123
1.2
0.115
0.82
0.7
1
-0.745
0.4
0.33541
0.5
0.87595
0.795677
0.32249
0.5
0
-0.803778
1.17913
0.115
0.82
0.145474
1.70639
0.75768
0.965648
0.991602
0.958753
0.707022
0.783273
0.918925
0.77163
0.334337
0.269118
0.487957
0.122921
0.245279
0.086087
0.361138
-0.0491452
-0.755
0.215
-1.155
-0.24
-1.155
-0.85
-1.03488
-1.12375
0.0129855
1.442
0.281081
1.51712
0.699431
1.05606
0.602946
0.884449
0.313496
0.369616
0.217012
0.198006
-0.394302
0.315843
-0.431866
0.449891
-0.469432
0.583941
-1.1
-0.925
0.490408
2
-0.985
-0.195
0.329848
1.5
0.371041
0.119734
0.401123
1.2
0.115
0.82
0.7
1
-0.655
0.26
0.33541
0.5
0.850475
0.882838
0.32249
0.5
0
-0.863454
1.02646
0.115
0.82
-0.0340515
1.71278
0.715
1.07
0.940796
1.0675
0.695
0.86
0.905
0.85
0.475
0.33
0.675
0.25
0.415
0.1
0.576276
0.0232403
-0.655
0.07
-1.025
-0.49
-0.965
-1.06
-0.821872
-1.32366
-0.113021
1.42148
0.139924
1.55093
0.651762
1.17449
0.590012
0.983296
0.404767
0.40971
0.343018
0.218515
-0.292313
0.212564
-0.357037
0.339036
-0.421763
0.46551
-0.925
-1.14
0.490408
2
-0.835
-0.39
0.329848
1.5
0.545
0.18
0.300666
1.2
0.115
0.82
0.7
1
-0.565
0.12
0.33541
0.5
0.825
0.97
0.32249
0.5
0
-0.868943
0.85073
0.115
0.82
-0.20188
1.64884
0.665
1.165
0.882898
1.21375
0.675
0.94
0.885
0.97
0.575
0.42
0.79
0.41
0.555
0.195
0.745638
0.17662
-0.53
-0.03
-0.84
-0.68
-0.68
-1.235
-0.491189
-1.46049
-0.221096
1.35358
-0.00323227
1.52717
0.561795
1.26502
0.539653
1.0693
0.473234
0.482136
0.451093
0.286414
-0.15821
0.157111
-0.245002
0.266042
-0.331796
0.374975
-0.59
-1.325
0.490408
2
-0.655
-0.58
0.329848
1.5
0.675
0.32
0.300666
1.2
0.115
0.82
0.7
1
-0.43
0.015
0.33541
0.5
0.768029
1.10224
0.32249
0.5
0
-0.874431
0.674997
0.115
0.82
-0.369709
1.5849
0.615
1.26
0.825
1.36
0.655
1.02
0.865
1.09
0.675
0.51
0.905
0.57
0.695
0.29
0.915
0.33
-0.405
-0.13
-0.655
-0.87
-0.395
-1.41
-0.160505
-1.59733
-0.329171
1.28569
-0.146389
1.5034
0.471828
1.35556
0.489294
1.15531
0.5417
0.554563
0.559168
0.354313
-0.0241071
0.101659
-0.132967
0.193049
-0.241829
0.284441
-0.255
-1.51
0.490408
2
-0.475
-0.77
0.374833
1.5
0.805
0.46
0.300666
1.2
0.115
0.82
0.7
1
-0.295
-0.09
0.358729
0.5
0.711058
1.23448
0.32249
0.5
0
-0.814931
0.501352
0.115
0.82
-0.503154
1.45553
0.545
1.34
0.73
1.5
0.62
1.115
0.825
1.26
0.725
0.66
0.935
0.79
0.795
0.45
1.005
0.57
-0.192366
-0.194786
-0.35
-1.06
-0.045
-1.525
0.217338
-1.65738
-0.404184
1.17697
-0.272792
1.42231
0.349295
1.40488
0.406271
1.21651
0.577204
0.651401
0.634182
0.463031
0.126056
0.10373
0.00338116
0.169425
-0.119295
0.235121
0.105
-1.6
0.490408
2
-0.195
-0.855
0.374833
1.5
0.865
0.635
0.300666
1.2
0.115
0.82
0.7
1
-0.105
-0.135
0.358729
0.5
0.648029
1.33724
0.32249
0.5
0
-0.75543
0.327708
0.115
0.82
-0.636599
1.32616
0.475
1.42
0.635
1.64
0.585
1.21
0.785
1.43
0.775
0.81
0.965
1.01
0.895
0.61
1.095
0.81
0.0202673
-0.259573
-0.045
-1.25
0.305
-1.64
0.595181
-1.71743
-0.479198
1.06825
-0.399194
1.34123
0.226762
1.4542
0.323247
1.27771
0.612708
0.748239
0.709196
0.57175
0.276218
0.1058
0.139729
0.145801
0.00323766
0.185802
0.465
-1.69
0.490408
2
0.085
-0.94
0.395601
1.5
0.925
0.81
0.331059
1.2
0.115
0.82
0.7
1
0.085
-0.18
0.39479
0.5
0.585
1.44
0.294723
0.5
0
-0.657538
0.204783
0.115
0.82
-0.715799
1.15808
0.351395
1.46545
0.465088
1.70729
0.496353
1.28318
0.648639
1.53242
0.753627
0.932384
0.899963
1.16048
0.906385
0.761609
1.06237
0.991551
0.177634
-0.284786
0.3
-1.3
0.675
-1.595
0.969288
-1.61605
-0.504192
0.949647
-0.477476
1.22781
0.105568
1.45255
0.231291
1.30011
0.608465
0.842789
0.73419
0.690349
0.402599
0.160738
0.263517
0.174094
0.124432
0.187451
0.825
-1.605
0.490408
2
0.35
-0.93
0.395601
1.5
0.898349
0.960119
0.331059
1.2
0.115
0.82
0.7
1
0.26
-0.17
0.39479
0.5
0.453827
1.50509
0.294723
0.5
0
-0.559646
0.0818582
0.115
0.82
-0.795
0.99
0.22779
1.5109
0.295176
1.77459
0.407706
1.35636
0.512278
1.63484
0.732254
1.05477
0.834925
1.31096
0.917769
0.913217
1.02973
1.1731
0.335
-0.31
0.645
-1.35
1.045
-1.55
1.34339
-1.51467
-0.529185
0.831047
-0.555757
1.1144
-0.015626
1.4509
0.139335
1.32251
0.604221
0.937339
0.759184
0.808949
0.52898
0.215675
0.387304
0.202388
0.245625
0.189101
1.185
-1.52
0.490408
2
0.615
-0.92
0.395601
1.5
0.871699
1.11024
0.331059
1.2
0.115
0.82
0.7
1
0.435
-0.16
0.39479
0.5
0.322653
1.57018
0.294723
0.5
0
-0.44935
0.00544205
0.115
0.82
-0.797962
0.83634
0.0813952
1.49045
0.095088
1.7523
0.286353
1.37318
0.333639
1.65242
0.676937
1.14943
0.734851
1.41542
0.88056
1.04212
0.946909
1.31324
0.514024
-0.243085
0.945
-1.26
1.34
-1.47
1.63563
-1.4198
-0.513385
0.72526
-0.58563
0.996516
-0.115365
1.41226
0.056384
1.31276
0.571633
1.01424
0.743384
0.914737
0.616622
0.299985
0.480995
0.263861
0.345365
0.227737
1.455
-1.415
0.490408
2
0.845
-0.825
0.395601
1.5
0.803487
1.22621
0.331059
1.2
0.115
0.82
0.7
1
0.59
-0.1
0.39479
0.5
0.194135
1.58367
0.294723
0.5
0
-0.339054
-0.0709741
0.115
0.82
-0.800923
0.68268
-0.065
1.47
-0.105
1.73
0.165
1.39
0.155
1.67
0.62162
1.24408
0.634777
1.51989
0.843351
1.17103
0.864083
1.45337
0.693048
-0.17617
1.245
-1.17
1.635
-1.39
1.92786
-1.32492
-0.497584
0.619472
-0.615502
0.878632
-0.215105
1.37363
-0.0265672
1.303
0.539045
1.09114
0.727585
1.02052
0.704264
0.384294
0.574685
0.325334
0.445104
0.266373
1.725
-1.31
0.490408
2
1.075
-0.73
0.395601
1.5
0.735275
1.34219
0.331059
1.2
0.115
0.82
0.7
1
0.745
-0.04
0.39479
0.5
0.0656171
1.59717
0.294723
0.5
0
-0.172027
-0.0654871
0.115
0.82
-0.747758
0.526099
-0.175
1.425
-0.245
1.695
0.0632618
1.38071
0.00438081
1.65008
0.531044
1.31966
0.499889
1.57494
0.749176
1.30051
0.724541
1.57169
0.849757
-0.0430216
1.505
-1.065
1.91
-1.225
2.20485
-1.17074
-0.442929
0.518194
-0.602645
0.748419
-0.301916
1.29807
-0.106946
1.26282
0.47796
1.15706
0.67293
1.1218
0.762139
0.501645
0.647028
0.421787
0.531915
0.341926
2.025
-1.165
0.490408
2
1.32
-0.635
0.395601
1.5
0.623858
1.43462
0.331059
1.2
0.115
0.82
0.7
1
0.87
0.055
0.39479
0.5
-0.0693712
1.56385
0.294723
0.5
0
-0.005
-0.06
0.115
0.82
-0.694592
0.369518
-0.285
1.38
-0.385
1.66
-0.0384764
1.37143
-0.146238
1.63016
0.440468
1.39523
0.365
1.63
0.655
1.43
0.585
1.69
1.00647
0.090127
1.765
-0.96
2.185
-1.06
2.48184
-1.01656
-0.388274
0.416916
-0.589788
0.618205
-0.388726
1.22252
-0.187325
1.22263
0.416874
1.22297
0.618276
1.22308
0.820015
0.618996
0.719371
0.518239
0.618726
0.417479
2.325
-1.02
0.490408
2
1.565
-0.54
0.4531
1.5
0.512441
1.52705
0.331059
1.2
0.115
0.82
0.7
1
0.995
0.15
0.477598
0.5
-0.20436
1.53054
0.294723
0.5
0
-0.005
-0.2925
0.085
0.7175
-0.727194
0.247138
-0.3275
1.33
-0.4175
1.64
-0.0851073
1.33607
-0.175929
1.64262
0.416601
1.34392
0.3425
1.6175
0.6475
1.38
0.5925
1.685
0.937349
0.00259525
1.57125
-0.9825
1.94875
-1.1975
2.24636
-1.16345
-0.417456
0.315187
-0.618591
0.516154
-0.417795
1.11939
-0.216744
1.11947
0.386406
1.11973
0.587457
1.11981
0.788761
0.516747
0.688278
0.416179
0.587795
0.31561
2.0825
-1.1625
0.490408
2
1.405
-0.625
0.4531
1.5
0.935
0.02
0.414005
1.2
0.085
0.7175
0.7
1
-0.245
1.46
0.394081
0.5
0.465
1.49
0.368782
0.5
0
-0.005
-0.525
0.055
0.615
-0.759796
0.124759
-0.37
1.28
-0.45
1.62
-0.131738
1.30071
-0.205619
1.65508
0.392734
1.29261
0.32
1.605
0.64
1.33
0.6
1.68
0.868233
-0.0849365
1.3775
-1.005
1.7125
-1.335
2.01089
-1.31034
-0.446637
0.213458
-0.647394
0.414103
-0.446863
1.01626
-0.246163
1.01631
0.355937
1.01648
0.556638
1.01654
0.757507
0.414498
0.657185
0.31412
0.556863
0.21374
1.84
-1.305
0.490408
2
1.245
-0.71
0.4531
1.5
0.485
1.44
0.331059
1.2
0.055
0.615
0.7
1
0.845
0
0.477598
0.5
-0.265
1.46
0.341321
0.5
0
-0.005
-0.7575
0.025
0.5125
-0.792398
0.00237947
-0.4125
1.23
-0.4825
1.6
-0.178369
1.26536
-0.23531
1.66754
0.368867
1.24131
0.2975
1.5925
0.6325
1.28
0.6075
1.675
0.799116
-0.172468
1.18375
-1.0275
1.47625
-1.4725
1.77541
-1.45723
-0.475819
0.111729
-0.676197
0.312051
-0.475932
0.91313
-0.275581
0.913157
0.325469
0.913242
0.525819
0.91327
0.726254
0.312249
0.626093
0.21206
0.525932
0.11187
1.5975
-1.4475
0.490408
2
1.085
-0.795
0.4531
1.5
0.775
-0.12
0.441022
1.2
0.025
0.5125
0.7
1
0.435
1.36
0.401995
0.5
-0.335
1.45
0.359026
0.5
0
-0.005
-0.99
-0.005
0.41
-0.825
-0.12
-0.455
1.18
-0.515
1.58
-0.225
1.23
-0.265
1.68
0.345
1.19
0.275
1.58
0.625
1.23
0.615
1.67
0.73
-0.26
0.99
-1.05
1.24
-1.61
1.53994
-1.60412
-0.505
0.01
-0.705
0.21
-0.505
0.81
-0.305
0.81
0.295
0.81
0.495
0.81
0.695
0.21
0.595
0.11
0.495
0.01
1.355
-1.59
0.456946
2
0.925
-0.88
0.39
1.5
0.715
-0.2
0.358469
1.2
-0.005
0.41
0.7
1
-0.335
1.38
0.411461
0.5
0.475
1.39
0.404969
0.5
0
