30
10
15
9
6
-0.005
-0.99
-0.005
0.41
-0.825
-0.12
-0.455
1.18
-0.515
1.58
-0.225
1.23
-0.265
1.68
0.345
1.19
0.275
1.58
0.625
1.23
0.595
1.68
0.7275
-0.335
1.0975
-1.35
1.5175
-1.895
1.72281
-2.11374
-0.505
0.01
-0.705
0.21
-0.505
0.81
-0.305
0.81
0.295
0.81
0.495
0.81
0.695
0.21
0.595
0.11
0.495
0.01
1.575
-1.99
0.555698
2
1.055
-1.11
0.525547
1.5
0.715
-0.26
0.443847
1.2
-0.005
0.41
0.7
1
-0.365
1.23
0.411461
0.5
0.465
1.29
0.404969
0.5
0
-0.005
-0.99
-0.005
0.41
-0.825
-0.12
-0.455
1.18
-0.515
1.58
-0.225
1.23
-0.265
1.68
0.345
1.19
0.275
1.58
0.625
1.23
0.595
1.68
0.725
-0.41
1.205
-1.65
1.795
-2.18
2.05286
-2.33332
-0.505
0.01
-0.705
0.21
-0.505
0.81
-0.305
0.81
0.295
0.81
0.495
0.81
0.695
0.21
0.595
0.11
0.495
0.01
1.865
-2.24
0.536004
2
1.205
-1.37
0.563028
1.5
0.745
-0.42
0.531413
1.2
-0.005
0.41
0.7
1
-0.375
1.25
0.411461
0.5
0.455
1.27
0.404969
0.5
0
-0.005
-0.99
-0.005
0.41
-0.825
-0.12
-0.455
1.18
-0.515
1.58
-0.225
1.23
-0.265
1.68
0.345
1.19
0.275
1.58
0.625
1.23
0.595
1.68
0.765
-0.64
1.385
-2.02
2.215
-2.41
2.51212
-2.45146
-0.505
0.01
-0.705
0.21
-0.505
0.81
-0.305
0.81
0.295
0.81
0.495
0.81
0.695
0.21
0.595
0.11
0.495
0.01
2.245
-2.38
0.581378
2
1.325
-1.6
0.626259
1.5
0.805
-0.53
0.555428
1.2
-0.005
0.41
0.7
1
-0.335
1.38
0.411461
0.5
0.475
1.39
0.404969
0.5
0
-0.005
-0.99
-0.005
0.41
-0.825
-0.12
-0.455
1.18
-0.515
1.58
-0.225
1.23
-0.265
1.68
0.345
1.19
0.275
1.58
0.625
1.23
0.595
1.68
0.72
-0.825
1.62
-2.15
2.675
-2.305
2.9639
-2.27277
-0.505
0.01
-0.705
0.21
-0.505
0.81
-0.305
0.81
0.295
0.81
0.495
0.81
0.695
0.21
0.595
0.11
0.495
0.01
2.495
-2.28
0.70406
2
1.445
-1.57
0.710282
1.5
0.845
-0.5
0.576975
1.2
-0.005
0.41
0.7
1
-0.335
1.38
0.411461
0.5
0.475
1.39
0.404969
0.5
0
-0.005
-0.99
-0.005
0.41
-0.825
-0.12
-0.455
1.18
-0.515
1.58
-0.225
1.23
-0.265
1.68
0.345
1.19
0.275
1.58
0.625
1.23
0.595
1.68
0.675
-1.01
1.855
-2.28
3.135
-2.2
3.41568
-2.09408
-0.505
0.01
-0.705
0.21
-0.505
0.81
-0.305
0.81
0.295
0.81
0.495
0.81
0.695
0.21
0.595
0.11
0.495
0.01
3.095
-2.15
0.657343
2
1.875
-1.76
0.655515
1.5
0.875
-0.7
0.73736
1.2
-0.005
0.41
0.7
1
-0.335
1.38
0.411461
0.5
0.475
1.39
0.404969
0.5
0
-0.005
-0.99
-0.005
0.41
-0.825
-0.12
-0.455
1.18
-0.515
1.58
-0.225
1.23
-0.265
1.68
0.345
1.19
0.275
1.58
0.625
1.23
0.595
1.68
0.695
-1.19
2.155
-2.3
3.305
-1.59
3.51713
-1.37787
-0.505
0.01
-0.705
0.21
-0.505
0.81
-0.305
0.81
0.295
0.81
0.495
0.81
0.695
0.21
0.595
0.11
0.495
0.01
3.095
-1.48
0.720278
2
1.785
-1.5
0.693397
1.5
0.855
-0.43
0.68884
1.2
-0.005
0.41
0.7
1
-0.335
1.38
0.411461
0.5
0.475
1.39
0.404969
0.5
0
-0.005
-0.99
-0.005
0.41
-0.825
-0.12
-0.455
1.18
-0.515
1.58
-0.225
1.23
-0.265
1.68
0.345
1.19
0.275
1.58
0.625
1.23
0.595
1.67
0.775
-1.41
2.315
-2.4
3.415
-1.2
3.53393
-0.924581
-0.505
0.01
-0.705
0.21
-0.505
0.81
-0.305
0.81
0.295
0.81
0.495
0.81
0.695
0.21
0.595
0.11
0.495
0.01
3.305
-1.19
0.621289
2
2.005
-1.54
0.723395
1.5
0.975
-0.6
0.703847
1.2
-0.005
0.41
0.7
1
-0.335
1.38
0.436578
0.5
0.505
1.35
0.440114
0.5
0
-0.005
-0.99
-0.005
0.41
-0.825
-0.12
-0.455
1.18
-0.515
1.58
-0.225
1.23
-0.265
1.68
0.345
1.19
0.275
1.58
0.625
1.23
0.595
1.67
0.79
-1.40375
2.375
-2.37
3.42125
-1.1375
3.53688
-0.860838
-0.505
0.01
-0.705
0.21
-0.505
0.81
-0.305
0.81
0.295
0.81
0.495
0.81
0.695
0.21
0.595
0.11
0.495
0.01
3.31125
-1.12875
0.621289
2
2.0275
-1.5125
0.723395
1.5
0.975
-0.6
0.703847
1.2
-0.005
0.41
0.7
1
-0.335
1.38
0.436578
0.5
0.505
1.35
0.440114
0.5
0
-0.005
-0.99
-0.005
0.41
-0.825
-0.12
-0.455
1.18
-0.515
1.58
-0.225
1.23
-0.265
1.68
0.345
1.19
0.275
1.58
0.625
1.23
0.595
1.67
0.805
-1.3975
2.435
-2.34
3.4275
-1.075
3.53984
-0.797094
-0.505
0.01
-0.705
0.21
-0.505
0.81
-0.305
0.81
0.295
0.81
0.495
0.81
0.695
0.21
0.595
0.11
0.495
0.01
3.3175
-1.0675
0.621289
2
2.05
-1.485
0.723395
1.5
0.975
-0.6
0.703847
1.2
-0.005
0.41
0.7
1
-0.335
1.38
0.436578
0.5
0.505
1.35
0.440114
0.5
0
-0.005
-0.99
-0.005
0.41
-0.825
-0.12
-0.455
1.18
-0.515
1.58
-0.225
1.23
-0.265
1.68
0.345
1.19
0.275
1.58
0.625
1.23
0.595
1.67
0.82
-1.39125
2.495
-2.31
3.43375
-1.0125
3.54279
-0.733351
-0.505
0.01
-0.705
0.21
-0.505
0.81
-0.305
0.81
0.295
0.81
0.495
0.81
0.695
0.21
0.595
0.11
0.495
0.01
3.32375
-1.00625
0.621289
2
2.0725
-1.4575
0.723395
1.5
0.975
-0.6
0.703847
1.2
-0.005
0.41
0.7
1
-0.335
1.38
0.436578
0.5
0.505
1.35
0.440114
0.5
0
-0.005
-0.99
-0.005
0.41
-0.825
-0.12
-0.455
1.18
-0.515
1.58
-0.225
1.23
-0.265
1.68
0.345
1.19
0.275
1.58
0.625
1.23
0.595
1.67
0.835
-1.385
2.555
-2.28
3.44
-0.95
3.54574
-0.669607
-0.505
0.01
-0.705
0.21
-0.505
0.81
-0.305
0.81
0.295
0.81
0.495
0.81
0.695
0.21
0.595
0.11
0.495
0.01
3.33
-0.945
0.621289
2
2.095
-1.43
0.723395
1.5
0.975
-0.6
0.703847
1.2
-0.005
0.41
0.7
1
-0.335
1.38
0.436578
0.5
0.505
1.35
0.440114
0.5
0
-0.005
-0.99
-0.005
0.41
-0.825
-0.12
-0.455
1.18
-0.515
1.58
-0.225
1.23
-0.265
1.68
0.345
1.19
0.275
1.58
0.625
1.23
0.595
1.67
0.85
-1.37875
2.615
-2.25
3.44625
-0.8875
3.54869
-0.605864
-0.505
0.01
-0.705
0.21
-0.505
0.81
-0.305
0.81
0.295
0.81
0.495
0.81
0.695
0.21
0.595
0.11
0.495
0.01
3.33625
-0.88375
0.621289
2
2.1175
-1.4025
0.723395
1.5
0.975
-0.6
0.703847
1.2
-0.005
0.41
0.7
1
-0.335
1.38
0.436578
0.5
0.505
1.35
0.440114
0.5
0
-0.005
-0.99
-0.005
0.41
-0.825
-0.12
-0.455
1.18
-0.515
1.58
-0.225
1.23
-0.265
1.68
0.345
1.19
0.275
1.58
0.625
1.23
0.595
1.67
0.865
-1.3725
2.675
-2.22
3.4525
-0.825
3.55165
-0.54212
-0.505
0.01
-0.705
0.21
-0.505
0.81
-0.305
0.81
0.295
0.81
0.495
0.81
0.695
0.21
0.595
0.11
0.495
0.01
3.3425
-0.8225
0.621289
2
2.14
-1.375
0.723395
1.5
0.975
-0.6
0.703847
1.2
-0.005
0.41
0.7
1
-0.335
1.38
0.436578
0.5
0.505
1.35
0.440114
0.5
0
-0.005
-0.99
-0.005
0.41
-0.825
-0.12
-0.455
1.18
-0.515
1.58
-0.225
1.23
-0.265
1.68
0.345
1.19
0.275
1.58
0.625
1.23
0.595
1.67
0.88
-1.36625
2.735
-2.19
3.45875
-0.7625
3.5546
-0.478377
-0.505
0.01
-0.705
0.21
-0.505
0.81
-0.305
0.81
0.295
0.81
0.495
0.81
0.695
0.21
0.595
0.11
0.495
0.01
3.34875
-0.76125
0.621289
2
2.1625
-1.3475
0.723395
1.5
0.975
-0.6
0.703847
1.2
-0.005
0.41
0.7
1
-0.335
1.38
0.436578
0.5
0.505
1.35
0.440114
0.5
0
-0.005
-0.99
-0.005
0.41
-0.825
-0.12
-0.455
1.18
-0.515
1.58
-0.225
1.23
-0.265
1.68
0.345
1.19
0.275
1.58
0.625
1.23
0.595
1.67
0.98375
-1.31219
2.83
-2.0425
3.36031
-0.621875
3.40129
-0.340449
-0.505
0.01
-0.705
0.21
-0.505
0.81
-0.305
0.81
0.295
0.81
0.495
0.81
0.695
0.21
0.595
0.11
0.495
0.01
3.22781
-0.618438
0.621289
2
2.15312
-1.22063
0.723395
1.5
0.9875
-0.52
0.703847
1.2
-0.005
0.41
0.7
1
-0.335
1.38
0.436578
0.5
0.505
1.35
0.440114
0.5
0
-0.005
-0.99
-0.005
0.41
-0.825
-0.12
-0.455
1.18
-0.515
1.58
-0.225
1.23
-0.265
1.68
0.345
1.19
0.275
1.58
0.625
1.23
0.595
1.67
1.0875
-1.25813
2.925
-1.895
3.26187
-0.48125
3.24797
-0.202522
-0.505
0.01
-0.705
0.21
-0.505
0.81
-0.305
0.81
0.295
0.81
0.495
0.81
0.695
0.21
0.595
0.11
0.495
0.01
3.10687
-0.475625
0.621289
2
2.14375
-1.09375
0.723395
1.5
1
-0.44
0.703847
1.2
-0.005
0.41
0.7
1
-0.335
1.38
0.436578
0.5
0.505
1.35
0.440114
0.5
0
-0.005
-0.99
-0.005
0.41
-0.825
-0.12
-0.455
1.18
-0.515
1.58
-0.225
1.23
-0.265
1.68
0.345
1.19
0.275
1.58
0.625
1.23
0.595
1.67
1.19125
-1.20406
3.02
-1.7475
3.16344
-0.340625
3.09466
-0.0645949
-0.505
0.01
-0.705
0.21
-0.505
0.81
-0.305
0.81
0.295
0.81
0.495
0.81
0.695
0.21
0.595
0.11
0.495
0.01
2.98594
-0.332812
0.621289
2
2.13438
-0.966875
0.723395
1.5
1.0125
-0.36
0.703847
1.2
-0.005
0.41
0.7
1
-0.335
1.38
0.436578
0.5
0.505
1.35
0.440114
0.5
0
-0.005
-0.99
-0.005
0.41
-0.825
-0.12
-0.455
1.18
-0.515
1.58
-0.225
1.23
-0.265
1.68
0.345
1.19
0.275
1.58
0.625
1.23
0.595
1.67
1.295
-1.15
3.115
-1.6
3.065
-0.2
2.94135
0.0733324
-0.505
0.01
-0.705
0.21
-0.505
0.81
-0.305
0.81
0.295
0.81
0.495
0.81
0.695
0.21
0.595
0.11
0.495
0.01
2.865
-0.19
0.560446
2
2.125
-0.84
0.621691
1.5
1.025
-0.28
0.703847
1.2
-0.005
0.41
0.7
1
-0.335
1.38
0.436578
0.5
0.505
1.35
0.440114
0.5
0
-0.005
-0.99
-0.005
0.41
-0.825
-0.12
-0.455
1.18
-0.515
1.58
-0.225
1.23
-0.265
1.68
0.345
1.19
0.275
1.58
0.625
1.23
0.595
1.67
1.385
-1.135
3.105
-1.425
2.925
-0.05
2.80135
0.223332
-0.505
0.01
-0.705
0.21
-0.505
0.81
-0.305
0.81
0.295
0.81
0.495
0.81
0.695
0.21
0.595
0.11
0.495
0.01
2.785
-0.005
0.560446
2
2.125
-0.785
0.621691
1.5
1.025
-0.28
0.703847
1.2
-0.005
0.41
0.7
1
-0.335
1.38
0.436578
0.5
0.505
1.35
0.440114
0.5
0
-0.005
-0.99
-0.005
0.41
-0.825
-0.12
-0.455
1.18
-0.515
1.58
-0.225
1.23
-0.265
1.68
0.345
1.19
0.275
1.58
0.625
1.23
0.595
1.67
1.43
-1.1275
3.1
-1.3375
2.855
0.025
2.73135
0.298332
-0.505
0.01
-0.705
0.21
-0.505
0.81
-0.305
0.81
0.295
0.81
0.495
0.81
0.695
0.21
0.595
0.11
0.495
0.01
2.745
0.0875
0.560446
2
2.125
-0.7575
0.621691
1.5
1.025
-0.28
0.703847
1.2
-0.005
0.41
0.7
1
-0.335
1.38
0.436578
0.5
0.505
1.35
0.440114
0.5
0
-0.005
-0.99
-0.005
0.41
-0.825
-0.12
-0.455
1.18
-0.515
1.58
-0.225
1.23
-0.265
1.68
0.345
1.19
0.275
1.58
0.625
1.23
0.595
1.67
1.36875
-1.11563
2.87625
-1.24312
2.5775
0.05375
2.34964
0.248895
-0.505
0.01
-0.705
0.21
-0.505
0.81
-0.305
0.81
0.295
0.81
0.495
0.81
0.695
0.21
0.595
0.11
0.495
0.01
2.545
0.19
0.560446
2
2.025
-0.55
0.621691
1.5
1.045
-0.18
0.572014
1.2
-0.005
0.41
0.7
1
-0.335
1.38
0.436578
0.5
0.505
1.35
0.440114
0.5
0
-0.005
-0.99
-0.005
0.41
-0.825
-0.12
-0.455
1.18
-0.515
1.58
-0.225
1.23
-0.265
1.68
0.345
1.19
0.275
1.58
0.625
1.23
0.595
1.67
1.3075
-1.10375
2.965
-0.9
2.3
0.0825
2.01457
0.174846
-0.505
0.01
-0.705
0.21
-0.505
0.81
-0.305
0.81
0.295
0.81
0.495
0.81
0.695
0.21
0.595
0.11
0.495
0.01
2.175
0.18
0.560446
2
1.745
-0.63
0.563205
1.5
0.785
-0.09
0.514004
1.2
-0.005
0.41
0.7
1
-0.335
1.38
0.436578
0.5
0.505
1.35
0.440114
0.5
0
-0.005
-0.99
-0.005
0.41
-0.825
-0.12
-0.455
1.18
-0.515
1.58
-0.225
1.23
-0.265
1.68
0.345
1.19
0.275
1.58
0.625
1.23
0.595
1.67
1.24625
-1.09188
2.775
-0.43
2.0225
0.11125
1.72698
0.162929
-0.505
0.01
-0.705
0.21
-0.505
0.81
-0.305
0.81
0.295
0.81
0.495
0.81
0.695
0.21
0.595
0.11
0.495
0.01
1.935
0.23
0.560446
2
1.665
-0.38
0.568595
1.5
0.775
-0.11
0.559464
1.2
-0.005
0.41
0.7
1
-0.335
1.38
0.436578
0.5
0.505
1.35
0.440114
0.5
0
-0.005
-0.99
-0.005
0.41
-0.825
-0.12
-0.455
1.18
-0.515
1.58
-0.225
1.23
-0.265
1.68
0.345
1.19
0.275
1.58
0.625
1.23
0.595
1.67
1.21562
-1.08594
2.6
-0.6
1.88375
0.125625
1.64174
0.268156
-0.505
0.01
-0.705
0.21
-0.505
0.81
-0.305
0.81
0.295
0.81
0.495
0.81
0.695
0.21
0.595
0.11
0.495
0.01
1.79
0.235
0.560446
2
1.615
-0.46
0.568595
1.5
0.775
-0.14
0.559464
1.2
-0.005
0.41
0.7
1
-0.335
1.38
0.436578
0.5
0.505
1.35
0.440114
0.5
0
-0.005
-0.99
-0.005
0.41
-0.825
-0.12
-0.455
1.18
-0.515
1.58
-0.225
1.23
-0.265
1.68
0.345
1.19
0.275
1.58
0.625
1.23
0.595
1.67
1.185
-1.08
2.425
-0.77
1.745
0.14
1.5565
0.373382
-0.505
0.01
-0.705
0.21
-0.505
0.81
-0.305
0.81
0.295
0.81
0.495
0.81
0.695
0.21
0.595
0.11
0.495
0.01
1.645
0.24
0.487647
2
1.565
-0.54
0.55109
1.5
0.775
-0.17
0.5001
1.2
-0.005
0.41
0.7
1
-0.335
1.38
0.436578
0.5
0.505
1.35
0.440114
0.5
0
-0.005
-0.99
-0.005
0.41
-0.825
-0.12
-0.455
1.18
-0.515
1.58
-0.225
1.23
-0.265
1.68
0.345
1.19
0.275
1.58
0.625
1.23
0.59875
1.67375
1.12812
-0.9775
2.0725
-0.89
1.705
-0.05
1.59111
0.194817
-0.505
0.01
-0.705
0.21
-0.505
0.81
-0.305
0.81
0.295
0.81
0.495
0.81
0.695
0.21
0.595
0.11
0.495
0.01
1.60875
0.01125
0.487647
2
1.485
-0.5825
0.55109
1.5
0.7675
-0.17375
0.5001
1.2
-0.005
0.41
0.7
1
-0.335
1.38
0.436578
0.5
0.50125
1.355
0.440114
0.5
0
-0.005
-0.99
-0.005
0.41
-0.825
-0.12
-0.455
1.18
-0.515
1.58
-0.225
1.23
-0.265
1.68
0.345
1.19
0.275
1.58
0.625
1.23
0.6025
1.6775
1.07125
-0.875
1.72
-1.01
1.665
-0.24
1.62573
0.0162524
-0.505
0.01
-0.705
0.21
-0.505
0.81
-0.305
0.81
0.295
0.81
0.495
0.81
0.695
0.21
0.595
0.11
0.495
0.01
1.5725
-0.2175
0.487647
2
1.405
-0.625
0.55109
1.5
0.76
-0.1775
0.5001
1.2
-0.005
0.41
0.7
1
-0.335
1.38
0.436578
0.5
0.4975
1.36
0.440114
0.5
0
-0.005
-0.99
-0.005
0.41
-0.825
-0.12
-0.455
1.18
-0.515
1.58
-0.225
1.23
-0.265
1.68
0.345
1.19
0.275
1.58
0.625
1.23
0.61
1.685
0.9575
-0.67
1.235
-1.06
1.585
-0.62
1.69496
-0.340877
-0.505
0.01
-0.705
0.21
-0.505
0.81
-0.305
0.81
0.295
0.81
0.495
0.81
0.695
0.21
0.595
0.11
0.495
0.01
1.5
-0.675
0.487647
2
1.245
-0.71
0.55109
1.5
0.745
-0.185
0.5001
1.2
-0.005
0.41
0.7
1
-0.335
1.38
0.436578
0.5
0.49
1.37
0.440114
0.5
0
-0.005
-0.99
-0.005
0.41
-0.825
-0.12
-0.455
1.18
-0.515
1.58
-0.225
1.23
-0.265
1.68
0.345
1.19
0.275
1.58
0.625
1.23
0.6175
1.6925
0.84375
-0.465
1.1125
-1.055
1.4125
-1.115
1.61745
-0.972499
-0.505
0.01
-0.705
0.21
-0.505
0.81
-0.305
0.81
0.295
0.81
0.495
0.81
0.695
0.21
0.595
0.11
0.495
0.01
1.4275
-1.1325
0.487647
2
1.085
-0.795
0.55109
1.5
0.73
-0.1925
0.5001
1.2
-0.005
0.41
0.7
1
-0.335
1.38
0.436578
0.5
0.4825
1.38
0.440114
0.5
0
-0.005
-0.99
-0.005
0.41
-0.825
-0.12
-0.455
1.18
-0.515
1.58
-0.225
1.23
-0.265
1.68
0.345
1.19
0.275
1.58
0.625
1.23
0.625
1.7
0.73
-0.26
0.99
-1.05
1.24
-1.61
1.53994
-1.60412
-0.505
0.01
-0.705
0.21
-0.505
0.81
-0.305
0.81
0.295
0.81
0.495
0.81
0.695
0.21
0.595
0.11
0.495
0.01
1.355
-1.59
0.456946
2
0.925
-0.88
0.39
1.5
0.715
-0.2
0.358469
1.2
-0.005
0.41
0.7
1
-0.335
1.38
0.411461
0.5
0.475
1.39
0.404969
0.5
0
