19
10
15
9
6
-0.005
-0.99
-0.005
0.41
-0.825
-0.12
-0.455
1.18
-0.515
1.58
-0.225
1.23
-0.265
1.68
0.345
1.19
0.275
1.58
0.885
1.07
1.13783
1.40645
0.73
-0.26
0.975
-1.14
1.375
-1.5
1.67494
-1.49412
-0.505
0.01
-0.705
0.21
-0.505
0.81
-0.305
0.81
0.295
0.81
0.495
0.81
0.695
0.21
0.595
0.11
0.495
0.01
1.355
-1.59
0.456946
2
0.975
-0.96
0.405216
1.5
0.755
-0.25
0.405216
1.2
-0.005
0.41
0.754255
1
-0.335
1.38
0.411461
0.5
0.645
1.28
0.519711
0.5
0
-0.005
-0.99
-0.005
0.41
-0.825
-0.12
-0.455
1.18
-0.515
1.58
-0.225
1.23
-0.265
1.68
0.345
1.19
0.275
1.58
1.09348
0.852748
1.715
1.03
0.73
-0.26
0.99
-1.05
1.505
-1.41
1.80494
-1.40412
-0.505
0.01
-0.705
0.21
-0.505
0.81
-0.305
0.81
0.295
0.81
0.495
0.81
0.695
0.21
0.595
0.11
0.495
0.01
1.355
-1.59
0.456946
2
0.975
-0.96
0.405216
1.5
0.755
-0.25
0.405216
1.2
-0.005
0.41
0.754255
1
-0.095
1.3
0.572713
0.5
1.115
0.94
0.471275
0.5
1
2.015
1.03
0.501597
0.371391
-0.928477
0.3
0
1
0
-0.005
-0.99
-0.005
0.41
-0.825
-0.12
-0.455
1.18
-0.515
1.58
-0.225
1.23
-0.265
1.68
0.345
1.19
0.275
1.58
1.07709
0.664479
1.865
0.55
0.73
-0.26
1.135
-1.16
1.635
-1.31
1.93494
-1.30412
-0.505
0.01
-0.705
0.21
-0.505
0.81
-0.305
0.81
0.295
0.81
0.495
0.81
0.695
0.21
0.595
0.11
0.495
0.01
1.755
-1.29
0.456946
2
1.135
-0.89
0.405216
1.5
0.755
-0.25
0.405216
1.2
-0.005
0.41
0.754255
1
-0.095
1.3
0.572713
0.5
1.065
0.71
0.471275
0.5
1
1.995
0.63
0.501597
0.371391
-0.928477
0.3
0
1
0
-0.005
-0.99
-0.005
0.41
-0.825
-0.12
-0.455
1.18
-0.515
1.58
-0.225
1.23
-0.265
1.68
0.345
1.19
0.275
1.58
1.07027
0.643746
1.855
0.49
0.73
-0.26
1.165
-1.155
1.6825
-1.2525
1.98044
-1.2308
-0.505
0.01
-0.705
0.21
-0.505
0.81
-0.305
0.81
0.295
0.81
0.495
0.81
0.695
0.21
0.595
0.11
0.495
0.01
1.8075
-1.2325
0.456946
2
1.1675
-0.8875
0.405216
1.5
0.7675
-0.27
0.405216
1.2
0.025
0.415
0.754255
1
-0.095
1.3
0.572713
0.5
1.1775
0.61
0.471275
0.5
0
-0.005
-0.99
-0.005
0.41
-0.825
-0.12
-0.455
1.18
-0.515
1.58
-0.225
1.23
-0.265
1.68
0.345
1.19
0.275
1.58
1.06686
0.63338
1.87905
0.414588
0.73
-0.26
1.18
-1.1525
1.70625
-1.22375
2.00318
-1.19415
-0.505
0.01
-0.705
0.21
-0.505
0.81
-0.305
0.81
0.295
0.81
0.495
0.81
0.695
0.21
0.595
0.11
0.495
0.01
1.83375
-1.20375
0.456946
2
1.18375
-0.88625
0.405216
1.5
0.77375
-0.28
0.405216
1.2
0.04
0.4175
0.754255
1
-0.095
1.3
0.572713
0.5
1.23375
0.56
0.471275
0.5
0
-0.005
-0.99
-0.005
0.41
-0.825
-0.12
-0.455
1.18
-0.515
1.58
-0.225
1.23
-0.265
1.68
0.345
1.19
0.275
1.58
1.06345
0.623014
1.90311
0.339176
0.73
-0.26
1.195
-1.15
1.73
-1.195
2.02593
-1.15749
-0.505
0.01
-0.705
0.21
-0.505
0.81
-0.305
0.81
0.295
0.81
0.495
0.81
0.695
0.21
0.595
0.11
0.495
0.01
1.86
-1.175
0.456946
2
1.2
-0.885
0.405216
1.5
0.78
-0.29
0.405216
1.2
0.055
0.42
0.754255
1
-0.095
1.3
0.572713
0.5
1.29
0.51
0.471275
0.5
0
-0.005
-0.99
-0.005
0.41
-0.825
-0.12
-0.455
1.18
-0.515
1.58
-0.225
1.23
-0.265
1.68
0.345
1.19
0.275
1.58
1.05663
0.602282
1.92216
0.233764
0.73
-0.26
1.225
-1.145
1.7775
-1.1375
2.07143
-1.08418
-0.505
0.01
-0.705
0.21
-0.505
0.81
-0.305
0.81
0.295
0.81
0.495
0.81
0.695
0.21
0.595
0.11
0.495
0.01
1.9125
-1.1175
0.456946
2
1.2325
-0.8825
0.405216
1.5
0.7925
-0.31
0.405216
1.2
0.085
0.425
0.754255
1
-0.095
1.3
0.572713
0.5
1.4025
0.41
0.471275
0.5
0
-0.005
-0.99
-0.005
0.41
-0.825
-0.12
-0.455
1.18
-0.515
1.58
-0.225
1.23
-0.265
1.68
0.345
1.19
0.275
1.58
1.04981
0.58155
1.94122
0.128352
0.73
-0.26
1.255
-1.14
1.825
-1.08
2.11692
-1.01086
-0.505
0.01
-0.705
0.21
-0.505
0.81
-0.305
0.81
0.295
0.81
0.495
0.81
0.695
0.21
0.595
0.11
0.495
0.01
1.965
-1.06
0.456946
2
1.265
-0.88
0.405216
1.5
0.805
-0.33
0.405216
1.2
0.115
0.43
0.910055
1
-0.095
1.3
0.572713
0.5
1.515
0.31
0.453982
0.5
0
-0.005
-0.99
-0.005
0.41
-0.825
-0.12
-0.455
1.18
-0.515
1.58
-0.225
1.23
-0.265
1.68
0.345
1.19
0.275
1.58
1.0474
0.655775
1.81311
0.154176
0.7225
-0.295
1.245
-1.075
1.795
-0.975
2.07332
-0.869842
-0.505
0.01
-0.705
0.21
-0.505
0.81
-0.305
0.81
0.295
0.81
0.495
0.81
0.695
0.21
0.595
0.11
0.495
0.01
1.915
-0.945
0.456946
2
1.265
-0.88
0.405216
1.5
0.805
-0.33
0.405216
1.2
0.115
0.43
0.910055
1
-0.095
1.3
0.572713
0.5
1.44
0.365
0.453982
0.5
0
-0.005
-0.99
-0.005
0.41
-0.825
-0.12
-0.455
1.18
-0.515
1.58
-0.225
1.23
-0.265
1.68
0.345
1.19
0.275
1.58
1.045
0.73
1.685
0.18
0.715
-0.33
1.235
-1.01
1.765
-0.87
2.02971
-0.728824
-0.505
0.01
-0.705
0.21
-0.505
0.81
-0.305
0.81
0.295
0.81
0.495
0.81
0.695
0.21
0.595
0.11
0.495
0.01
1.865
-0.83
0.456946
2
1.265
-0.88
0.405216
1.5
0.805
-0.33
0.405216
1.2
0.115
0.43
0.910055
1
-0.095
1.3
0.572713
0.5
1.365
0.42
0.453982
0.5
0
-0.005
-0.99
-0.005
0.41
-0.825
-0.12
-0.455
1.18
-0.515
1.58
-0.225
1.23
-0.265
1.68
0.345
1.19
0.275
1.58
1.005
0.785
1.665
0.35
0.735
-0.305
1.155
-0.92
1.695
-0.735
1.93235
-0.574412
-0.505
0.01
-0.705
0.21
-0.505
0.81
-0.305
0.81
0.295
0.81
0.495
0.81
0.695
0.21
0.595
0.11
0.495
0.01
1.865
-0.83
0.456946
2
1.265
-0.88
0.405216
1.5
0.805
-0.33
0.405216
1.2
0.115
0.43
0.910055
1
-0.095
1.3
0.572713
0.5
1.31
0.525
0.453982
0.5
0
-0.005
-0.99
-0.005
0.41
-0.825
-0.12
-0.455
1.18
-0.515
1.58
-0.225
1.23
-0.265
1.68
0.345
1.19
0.275
1.58
0.965
0.84
1.645
0.52
0.755
-0.28
1.075
-0.83
1.625
-0.6
1.835
-0.42
-0.505
0.01
-0.705
0.21
-0.505
0.81
-0.305
0.81
0.295
0.81
0.495
0.81
0.695
0.21
0.595
0.11
0.495
0.01
1.865
-0.83
0.456946
2
1.265
-0.88
0.405216
1.5
0.805
-0.33
0.405216
1.2
0.115
0.43
0.793095
1
-0.095
1.3
0.572713
0.5
1.255
0.63
0.453982
0.5
0
-0.005
-0.99
-0.005
0.41
-0.825
-0.12
-0.455
1.18
-0.515
1.58
-0.225
1.23
-0.265
1.68
0.345
1.19
0.275
1.58
0.825
0.89
1.525
0.63
0.755
-0.28
0.925
-0.95
1.505
-0.67
1.715
-0.49
-0.505
0.01
-0.705
0.21
-0.505
0.81
-0.305
0.81
0.295
0.81
0.495
0.81
0.695
0.21
0.595
0.11
0.495
0.01
1.665
-0.58
0.386264
2
1.045
-0.68
0.275862
1.5
0.805
-0.27
0.308058
1.2
0.115
0.43
0.793095
1
-0.095
1.3
0.572713
0.5
1.135
0.67
0.453982
0.5
0
-0.005
-0.99
-0.005
0.41
-0.825
-0.12
-0.455
1.18
-0.515
1.58
-0.225
1.23
-0.265
1.68
0.345
1.19
0.275
1.58
0.76
0.945
1.43
0.79
0.675
-0.365
0.925
-0.95
1.4
-0.765
1.61
-0.585
-0.505
0.01
-0.705
0.21
-0.505
0.81
-0.305
0.81
0.295
0.81
0.495
0.81
0.695
0.21
0.595
0.11
0.495
0.01
1.525
-0.665
0.386264
2
0.96
-0.68
0.275862
1.5
0.755
-0.25
0.308058
1.2
0.115
0.43
0.793095
1
-0.095
1.3
0.572713
0.5
1.09
0.785
0.453982
0.5
0
-0.005
-0.99
-0.005
0.41
-0.825
-0.12
-0.455
1.18
-0.515
1.58
-0.225
1.23
-0.265
1.68
0.345
1.19
0.275
1.58
0.695
1
1.335
0.95
0.595
-0.45
0.925
-0.95
1.295
-0.86
1.505
-0.68
-0.505
0.01
-0.705
0.21
-0.505
0.81
-0.305
0.81
0.295
0.81
0.495
0.81
0.695
0.21
0.595
0.11
0.495
0.01
1.385
-0.75
0.390512
2
0.875
-0.68
0.304138
1.5
0.705
-0.23
0.308058
1.2
0.115
0.43
0.793095
1
-0.095
1.3
0.572713
0.5
1.045
0.9
0.41
0.5
0
-0.005
-0.99
-0.005
0.41
-0.825
-0.12
-0.455
1.18
-0.515
1.58
-0.225
1.23
-0.265
1.68
0.345
1.19
0.275
1.58
0.675
1.04
1.23
1.18
0.595
-0.45
0.875
-1.075
1.23
-1.04
1.44
-0.86
-0.505
0.01
-0.705
0.21
-0.505
0.81
-0.305
0.81
0.295
0.81
0.495
0.81
0.695
0.21
0.595
0.11
0.495
0.01
1.315
-0.925
0.390512
2
0.835
-0.765
0.304138
1.5
0.69
-0.255
0.308058
1.2
0.115
0.43
0.793095
1
-0.095
1.3
0.572713
0.5
0.99
1.045
0.41
0.5
0
-0.005
-0.99
-0.005
0.41
-0.825
-0.12
-0.455
1.18
-0.515
1.58
-0.225
1.23
-0.265
1.68
0.345
1.19
0.275
1.58
0.655
1.08
1.125
1.41
0.595
-0.45
0.825
-1.2
1.165
-1.22
1.375
-1.04
-0.505
0.01
-0.705
0.21
-0.505
0.81
-0.305
0.81
0.295
0.81
0.495
0.81
0.695
0.21
0.595
0.11
0.495
0.01
1.245
-1.1
0.395601
2
0.795
-0.85
0.330151
1.5
0.675
-0.28
0.308058
1.2
0.115
0.43
0.793095
1
-0.095
1.3
0.572713
0.5
0.935
1.19
0.41
0.5
0
-0.005
-0.99
-0.005
0.41
-0.825
-0.12
-0.455
1.18
-0.515
1.58
-0.225
1.23
-0.265
1.68
0.345
1.19
0.275
1.58
0.605
1.13
0.715
1.54
0.595
-0.45
0.835
-1.43
1.115
-1.51
1.40703
-1.44129
-0.505
0.01
-0.705
0.21
-0.505
0.81
-0.305
0.81
0.295
0.81
0.495
0.81
0.695
0.21
0.595
0.11
0.495
0.01
1.275
-1.47
0.420595
2
0.785
-0.97
0.349285
1.5
0.695
-0.38
0.340147
1.2
0.115
0.43
0.793095
1
-0.355
1.38
0.418689
0.5
0.545
1.34
0.41
0.5
0
-0.005
-0.99
-0.005
0.41
-0.825
-0.12
-0.455
1.18
-0.515
1.58
-0.225
1.23
-0.265
1.68
0.345
1.19
0.275
1.58
0.615
1.18
0.66
1.615
0.6625
-0.355
0.9125
-1.24
1.1775
-1.56
1.47348
-1.5227
-0.505
0.01
-0.705
0.21
-0.505
0.81
-0.305
0.81
0.295
0.81
0.495
0.81
0.695
0.21
0.595
0.11
0.495
0.01
1.315
-1.53
0.420595
2
0.855
-0.925
0.349285
1.5
0.705
-0.29
0.340147
1.2
0.055
0.42
0.793095
1
-0.345
1.38
0.418689
0.5
0.51
1.365
0.41
0.5
0
