4
10
15
9
6
0.02
-0.72
0.02
0.68
-0.765
0.15
-0.395
1.33
-0.51
1.58
-0.165
1.355
-0.26
1.675
0.38
1.33
0.265
1.58
0.65
1.34
0.61
1.685
0.7175
-0.025
0.9925
-0.75
1.3325
-0.955
1.60427
-0.864515
-0.48
0.28
-0.68
0.48
-0.48
1.08
-0.28
1.08
0.32
1.08
0.52
1.08
0.72
0.48
0.62
0.38
0.52
0.28
1.47
-0.895
0.456946
2
0.96
-0.48
0.39
1.5
0.72
0.135
0.358469
1.2
0.02
0.68
0.7
1
-0.305
1.41
0.411461
0.5
0.47
1.42
0.404969
0.5
0
0.0325
-0.585
0.0325
0.815
-0.735
0.285
-0.365
1.405
-0.5075
1.58
-0.135
1.4175
-0.2575
1.6725
0.3975
1.4
0.26
1.58
0.6625
1.395
0.6125
1.6825
0.71125
0.0925
0.99375
-0.6
1.37875
-0.6275
1.63644
-0.494712
-0.4675
0.415
-0.6675
0.615
-0.4675
1.215
-0.2675
1.215
0.3325
1.215
0.5325
1.215
0.7325
0.615
0.6325
0.515
0.5325
0.415
1.5275
-0.5475
0.456946
2
0.9775
-0.28
0.39
1.5
0.7225
0.3025
0.358469
1.2
0.0325
0.815
0.7
1
-0.29
1.425
0.411461
0.5
0.4675
1.435
0.404969
0.5
0
0.03875
-0.5175
0.03875
0.8825
-0.72
0.3525
-0.35
1.4425
-0.50625
1.58
-0.12
1.44875
-0.25625
1.67125
0.40625
1.435
0.2575
1.58
0.66875
1.4225
0.61375
1.68125
0.708125
0.15125
0.994375
-0.525
1.40188
-0.46375
1.65252
-0.30981
-0.46125
0.4825
-0.66125
0.6825
-0.46125
1.2825
-0.26125
1.2825
0.33875
1.2825
0.53875
1.2825
0.73875
0.6825
0.63875
0.5825
0.53875
0.4825
1.55625
-0.37375
0.456946
2
0.98625
-0.18
0.39
1.5
0.72375
0.38625
0.358469
1.2
0.03875
0.8825
0.7
1
-0.2825
1.4325
0.411461
0.5
0.46625
1.4425
0.404969
0.5
0
0.045
-0.45
0.045
0.95
-0.705
0.42
-0.335
1.48
-0.505
1.58
-0.105
1.48
-0.255
1.67
0.415
1.47
0.255
1.58
0.675
1.45
0.615
1.68
0.705
0.21
0.995
-0.45
1.425
-0.3
1.6686
-0.124909
-0.455
0.55
-0.655
0.75
-0.455
1.35
-0.255
1.35
0.345
1.35
0.545
1.35
0.745
0.75
0.645
0.65
0.545
0.55
1.585
-0.2
0.456946
2
0.995
-0.08
0.39
1.5
0.725
0.47
0.358469
1.2
0.045
0.95
0.7
1
-0.275
1.44
0.411461
0.5
0.465
1.45
0.404969
0.5
0
