43
10
15
9
6
-0.005
-0.99
-0.005
0.41
-0.875
-0.09
-0.415
0.96
-0.705
1.17
-0.155
0.96
-0.444021
1.24375
0.445
0.98
0.125
1.2
0.715
0.98
0.405
1.25
0.475
-0.63
0.445
-1.29
1.145
-1.52
1.44494
-1.51412
-0.505
0.01
-0.705
0.21
-0.505
0.81
-0.305
0.81
0.295
0.81
0.495
0.81
0.695
0.21
0.595
0.11
0.495
0.01
1.355
-1.59
0.456946
2
0.925
-0.88
0.39
1.5
0.715
-0.2
0.358469
1.2
-0.005
0.41
0.7
1
-0.335
1.38
0.411461
0.5
0.475
1.39
0.404969
0.5
0
-0.005
-0.99
-0.005
0.41
-0.875
-0.09
-0.415
0.96
-0.705
1.17
-0.155
0.96
-0.444021
1.24375
0.445
0.98
0.125
1.2
0.715
0.98
0.385
1.25
0.385
-0.52
0.495
-1.35
1.525
-1.31
1.82494
-1.30412
-0.505
0.01
-0.705
0.21
-0.505
0.81
-0.305
0.81
0.295
0.81
0.495
0.81
0.695
0.21
0.595
0.11
0.495
0.01
1.635
-1.3
0.481664
2
0.805
-1.03
0.417732
1.5
0.545
-0.32
0.430116
1.2
-0.005
0.41
0.7
1
-0.465
1.02
0.411461
0.5
0.395
1.04
0.404969
0.5
0
-0.005
-0.99
-0.005
0.41
-0.875
-0.09
-0.415
0.96
-0.705
1.17
-0.155
0.96
-0.444021
1.24375
0.445
0.98
0.125
1.2
0.715
0.98
0.385
1.25
0.565
-0.59
0.965
-1.1
2.025
-0.88
2.32392
-0.85456
-0.505
0.01
-0.705
0.21
-0.505
0.81
-0.305
0.81
0.295
0.81
0.495
0.81
0.695
0.21
0.595
0.11
0.495
0.01
2.075
-0.93
0.54231
2
1.135
-0.85
0.468188
1.5
0.655
-0.18
0.430116
1.2
-0.005
0.41
0.7
1
-0.465
1.02
0.411461
0.5
0.395
1.04
0.404969
0.5
0
-0.005
-0.99
-0.005
0.41
-0.875
-0.09
-0.415
0.96
-0.705
1.17
-0.155
0.96
-0.444021
1.24375
0.445
0.98
0.125
1.2
0.715
0.98
0.385
1.25
0.735
-0.51
1.685
-0.6
2.555
-0.47
2.85416
-0.447563
-0.505
0.01
-0.705
0.21
-0.505
0.81
-0.305
0.81
0.295
0.81
0.495
0.81
0.695
0.21
0.595
0.11
0.495
0.01
2.545
-0.48
0.580775
2
1.545
-0.5
0.512445
1.5
0.655
-0.18
0.463897
1.2
-0.005
0.41
0.7
1
-0.465
1.02
0.411461
0.5
0.395
1.04
0.404969
0.5
0
-0.005
-0.99
-0.005
0.41
-0.875
-0.09
-0.415
0.96
-0.705
1.17
-0.155
0.96
-0.444021
1.24375
0.445
0.98
0.125
1.2
0.715
0.98
0.385
1.25
0.895
-0.38
1.875
-0.3
2.765
-0.25
3.06427
-0.229121
-0.505
0.01
-0.705
0.21
-0.505
0.81
-0.305
0.81
0.295
0.81
0.495
0.81
0.695
0.21
0.595
0.11
0.495
0.01
2.845
-0.25
0.580775
2
1.805
-0.27
0.512445
1.5
0.915
-0.14
0.463897
1.2
-0.005
0.41
0.7
1
-0.465
1.02
0.411461
0.5
0.395
1.04
0.404969
0.5
1
2.715
-0.24
1
0.857493
-0.514496
1.2
0.1
0.7
0
-0.005
-0.99
-0.005
0.41
-0.875
-0.09
-0.415
0.96
-0.705
1.17
-0.155
0.96
-0.444021
1.24375
0.445
0.98
0.125
1.2
0.715
0.98
0.385
1.25
0.9175
-0.3725
1.89
-0.2925
2.8075
-0.2475
3.10677
-0.226621
-0.505
0.01
-0.705
0.21
-0.505
0.81
-0.305
0.81
0.295
0.81
0.495
0.81
0.695
0.21
0.595
0.11
0.495
0.01
2.8775
-0.24625
0.580775
2
1.8375
-0.2625
0.512445
1.5
0.93125
-0.135
0.463897
1.2
-0.005
0.41
0.7
1
-0.465
1.02
0.411461
0.5
0.395
1.04
0.404969
0.5
1
2.715
-0.24
1
0.857493
-0.514496
1.2
0.1
0.7
0
-0.005
-0.99
-0.005
0.41
-0.875
-0.09
-0.415
0.96
-0.705
1.17
-0.155
0.96
-0.444021
1.24375
0.445
0.98
0.125
1.2
0.715
0.98
0.385
1.25
0.94
-0.365
1.905
-0.285
2.85
-0.245
3.14927
-0.224121
-0.505
0.01
-0.705
0.21
-0.505
0.81
-0.305
0.81
0.295
0.81
0.495
0.81
0.695
0.21
0.595
0.11
0.495
0.01
2.91
-0.2425
0.580775
2
1.87
-0.255
0.512445
1.5
0.9475
-0.13
0.463897
1.2
-0.005
0.41
0.7
1
-0.465
1.02
0.411461
0.5
0.395
1.04
0.404969
0.5
1
2.715
-0.24
1
0.857493
-0.514496
1.2
0.1
0.7
0
-0.005
-0.99
-0.005
0.41
-0.875
-0.09
-0.415
0.96
-0.705
1.17
-0.155
0.96
-0.444021
1.24375
0.445
0.98
0.125
1.2
0.715
0.98
0.385
1.25
0.9625
-0.3575
1.92
-0.2775
2.8925
-0.2425
3.19177
-0.221621
-0.505
0.01
-0.705
0.21
-0.505
0.81
-0.305
0.81
0.295
0.81
0.495
0.81
0.695
0.21
0.595
0.11
0.495
0.01
2.9425
-0.23875
0.580775
2
1.9025
-0.2475
0.512445
1.5
0.96375
-0.125
0.463897
1.2
-0.005
0.41
0.7
1
-0.465
1.02
0.411461
0.5
0.395
1.04
0.404969
0.5
1
2.715
-0.24
1
0.857493
-0.514496
1.2
0.1
0.7
0
-0.005
-0.99
-0.005
0.41
-0.875
-0.09
-0.415
0.96
-0.705
1.17
-0.155
0.96
-0.444021
1.24375
0.445
0.98
0.125
1.2
0.715
0.98
0.385
1.25
0.985
-0.35
1.935
-0.27
2.935
-0.24
3.23427
-0.219121
-0.505
0.01
-0.705
0.21
-0.505
0.81
-0.305
0.81
0.295
0.81
0.495
0.81
0.695
0.21
0.595
0.11
0.495
0.01
2.975
-0.235
0.580775
2
1.935
-0.24
0.512445
1.5
0.98
-0.12
0.463897
1.2
-0.005
0.41
0.7
1
-0.465
1.02
0.411461
0.5
0.395
1.04
0.404969
0.5
1
2.715
-0.24
1
0.857493
-0.514496
1.2
0.1
0.7
0
-0.005
-0.99
-0.005
0.41
-0.875
-0.09
-0.415
0.96
-0.705
1.17
-0.155
0.96
-0.444021
1.24375
0.445
0.98
0.125
1.2
0.715
0.98
0.385
1.25
1.0075
-0.3425
1.95
-0.2625
2.9775
-0.2375
3.27677
-0.216621
-0.505
0.01
-0.705
0.21
-0.505
0.81
-0.305
0.81
0.295
0.81
0.495
0.81
0.695
0.21
0.595
0.11
0.495
0.01
3.0075
-0.23125
0.580775
2
1.9675
-0.2325
0.512445
1.5
0.99625
-0.115
0.463897
1.2
-0.005
0.41
0.7
1
-0.465
1.02
0.411461
0.5
0.395
1.04
0.404969
0.5
1
2.715
-0.24
1
0.857493
-0.514496
1.2
0.1
0.7
0
-0.005
-0.99
-0.005
0.41
-0.875
-0.09
-0.415
0.96
-0.705
1.17
-0.155
0.96
-0.444021
1.24375
0.445
0.98
0.125
1.2
0.715
0.98
0.385
1.25
1.03
-0.335
1.965
-0.255
3.02
-0.235
3.31927
-0.214121
-0.505
0.01
-0.705
0.21
-0.505
0.81
-0.305
0.81
0.295
0.81
0.495
0.81
0.695
0.21
0.595
0.11
0.495
0.01
3.04
-0.2275
0.580775
2
2
-0.225
0.512445
1.5
1.0125
-0.11
0.463897
1.2
-0.005
0.41
0.7
1
-0.465
1.02
0.411461
0.5
0.395
1.04
0.404969
0.5
1
2.715
-0.24
1
0.857493
-0.514496
1.2
0.1
0.7
0
-0.005
-0.99
-0.005
0.41
-0.875
-0.09
-0.415
0.96
-0.705
1.17
-0.155
0.96
-0.444021
1.24375
0.445
0.98
0.125
1.2
0.715
0.98
0.385
1.25
1.0525
-0.3275
1.98
-0.2475
3.0625
-0.2325
3.36177
-0.211621
-0.505
0.01
-0.705
0.21
-0.505
0.81
-0.305
0.81
0.295
0.81
0.495
0.81
0.695
0.21
0.595
0.11
0.495
0.01
3.0725
-0.22375
0.580775
2
2.0325
-0.2175
0.512445
1.5
1.02875
-0.105
0.463897
1.2
-0.005
0.41
0.7
1
-0.465
1.02
0.411461
0.5
0.395
1.04
0.404969
0.5
1
2.715
-0.24
1
0.857493
-0.514496
1.2
0.1
0.7
0
-0.005
-0.99
-0.005
0.41
-0.875
-0.09
-0.415
0.96
-0.705
1.17
-0.155
0.96
-0.444021
1.24375
0.445
0.98
0.125
1.2
0.715
0.98
0.385
1.25
1.075
-0.32
1.995
-0.24
3.105
-0.23
3.40427
-0.209121
-0.505
0.01
-0.705
0.21
-0.505
0.81
-0.305
0.81
0.295
0.81
0.495
0.81
0.695
0.21
0.595
0.11
0.495
0.01
3.105
-0.22
0.580775
2
2.065
-0.21
0.512445
1.5
1.045
-0.1
0.511566
1.2
-0.005
0.41
0.7
1
-0.465
1.02
0.411461
0.5
0.395
1.04
0.404969
0.5
1
3.095
-0.2
1
0.857493
-0.514496
1.2
0.1
0.7
0
-0.005
-0.99
-0.005
0.41
-0.875
-0.09
-0.415
0.96
-0.705
1.17
-0.155
0.96
-0.444021
1.24375
0.445
0.98
0.125
1.2
0.715
0.98
0.385
1.25
1.0825
-0.31625
2.01375
-0.23375
3.13125
-0.2275
3.43052
-0.206621
-0.505
0.01
-0.705
0.21
-0.505
0.81
-0.305
0.81
0.295
0.81
0.495
0.81
0.695
0.21
0.595
0.11
0.495
0.01
3.13
-0.215
0.580775
2
2.0775
-0.20625
0.512445
1.5
1.05375
-0.09
0.511566
1.2
-0.005
0.41
0.7
1
-0.465
1.02
0.411461
0.5
0.395
1.04
0.404969
0.5
1
3.095
-0.2
1
0.857493
-0.514496
1.2
0.1
0.7
0
-0.005
-0.99
-0.005
0.41
-0.875
-0.09
-0.415
0.96
-0.705
1.17
-0.155
0.96
-0.444021
1.24375
0.445
0.98
0.125
1.2
0.715
0.98
0.385
1.25
1.09
-0.3125
2.0325
-0.2275
3.1575
-0.225
3.45677
-0.204121
-0.505
0.01
-0.705
0.21
-0.505
0.81
-0.305
0.81
0.295
0.81
0.495
0.81
0.695
0.21
0.595
0.11
0.495
0.01
3.155
-0.21
0.580775
2
2.09
-0.2025
0.512445
1.5
1.0625
-0.08
0.511566
1.2
-0.005
0.41
0.7
1
-0.465
1.02
0.411461
0.5
0.395
1.04
0.404969
0.5
1
3.095
-0.2
1
0.857493
-0.514496
1.2
0.1
0.7
0
-0.005
-0.99
-0.005
0.41
-0.875
-0.09
-0.415
0.96
-0.705
1.17
-0.155
0.96
-0.444021
1.24375
0.445
0.98
0.125
1.2
0.715
0.98
0.385
1.25
1.0975
-0.30875
2.05125
-0.22125
3.18375
-0.2225
3.48302
-0.201621
-0.505
0.01
-0.705
0.21
-0.505
0.81
-0.305
0.81
0.295
0.81
0.495
0.81
0.695
0.21
0.595
0.11
0.495
0.01
3.18
-0.205
0.580775
2
2.1025
-0.19875
0.512445
1.5
1.07125
-0.07
0.511566
1.2
-0.005
0.41
0.7
1
-0.465
1.02
0.411461
0.5
0.395
1.04
0.404969
0.5
1
3.095
-0.2
1
0.857493
-0.514496
1.2
0.1
0.7
0
-0.005
-0.99
-0.005
0.41
-0.875
-0.09
-0.415
0.96
-0.705
1.17
-0.155
0.96
-0.444021
1.24375
0.445
0.98
0.125
1.2
0.715
0.98
0.385
1.25
1.105
-0.305
2.07
-0.215
3.21
-0.22
3.50927
-0.199121
-0.505
0.01
-0.705
0.21
-0.505
0.81
-0.305
0.81
0.295
0.81
0.495
0.81
0.695
0.21
0.595
0.11
0.495
0.01
3.205
-0.2
0.580775
2
2.115
-0.195
0.512445
1.5
1.08
-0.06
0.511566
1.2
-0.005
0.41
0.7
1
-0.465
1.02
0.411461
0.5
0.395
1.04
0.404969
0.5
1
3.095
-0.2
1
0.857493
-0.514496
1.2
0.1
0.7
0
-0.005
-0.99
-0.005
0.41
-0.875
-0.09
-0.415
0.96
-0.705
1.17
-0.155
0.96
-0.444021
1.24375
0.445
0.98
0.125
1.2
0.715
0.98
0.385
1.25
1.1125
-0.30125
2.08875
-0.20875
3.23625
-0.2175
3.53552
-0.196621
-0.505
0.01
-0.705
0.21
-0.505
0.81
-0.305
0.81
0.295
0.81
0.495
0.81
0.695
0.21
0.595
0.11
0.495
0.01
3.23
-0.195
0.580775
2
2.1275
-0.19125
0.512445
1.5
1.08875
-0.05
0.511566
1.2
-0.005
0.41
0.7
1
-0.465
1.02
0.411461
0.5
0.395
1.04
0.404969
0.5
1
3.095
-0.2
1
0.857493
-0.514496
1.2
0.1
0.7
0
-0.005
-0.99
-0.005
0.41
-0.875
-0.09
-0.415
0.96
-0.705
1.17
-0.155
0.96
-0.444021
1.24375
0.445
0.98
0.125
1.2
0.715
0.98
0.385
1.25
1.12
-0.2975
2.1075
-0.2025
3.2625
-0.215
3.56177
-0.194121
-0.505
0.01
-0.705
0.21
-0.505
0.81
-0.305
0.81
0.295
0.81
0.495
0.81
0.695
0.21
0.595
0.11
0.495
0.01
3.255
-0.19
0.580775
2
2.14
-0.1875
0.512445
1.5
1.0975
-0.04
0.511566
1.2
-0.005
0.41
0.7
1
-0.465
1.02
0.411461
0.5
0.395
1.04
0.404969
0.5
1
3.095
-0.2
1
0.857493
-0.514496
1.2
0.1
0.7
0
-0.005
-0.99
-0.005
0.41
-0.875
-0.09
-0.415
0.96
-0.705
1.17
-0.155
0.96
-0.444021
1.24375
0.445
0.98
0.125
1.2
0.715
0.98
0.385
1.25
1.1275
-0.29375
2.12625
-0.19625
3.28875
-0.2125
3.58802
-0.191621
-0.505
0.01
-0.705
0.21
-0.505
0.81
-0.305
0.81
0.295
0.81
0.495
0.81
0.695
0.21
0.595
0.11
0.495
0.01
3.28
-0.185
0.580775
2
2.1525
-0.18375
0.512445
1.5
1.10625
-0.03
0.511566
1.2
-0.005
0.41
0.7
1
-0.465
1.02
0.411461
0.5
0.395
1.04
0.404969
0.5
1
3.095
-0.2
1
0.857493
-0.514496
1.2
0.1
0.7
0
-0.005
-0.99
-0.005
0.41
-0.875
-0.09
-0.415
0.96
-0.705
1.17
-0.155
0.96
-0.444021
1.24375
0.445
0.98
0.125
1.2
0.715
0.98
0.385
1.25
1.135
-0.29
2.145
-0.19
3.315
-0.21
3.61427
-0.189121
-0.505
0.01
-0.705
0.21
-0.505
0.81
-0.305
0.81
0.295
0.81
0.495
0.81
0.695
0.21
0.595
0.11
0.495
0.01
3.305
-0.18
0.580775
2
2.165
-0.18
0.563205
1.5
1.115
-0.02
0.55109
1.2
-0.005
0.41
0.7
1
-0.465
1.02
0.411461
0.5
0.395
1.04
0.404969
0.5
1
3.445
-0.18
1
0.857493
-0.514496
1.2
0.1
0.7
0
-0.005
-0.99
-0.005
0.41
-0.875
-0.09
-0.415
0.96
-0.705
1.17
-0.155
0.96
-0.444021
1.24375
0.445
0.98
0.125
1.2
0.715
0.98
0.385
1.25
1.135
-0.29
2.145
-0.19
3.225
-0.18
3.52427
-0.159121
-0.505
0.01
-0.705
0.21
-0.505
0.81
-0.305
0.81
0.295
0.81
0.495
0.81
0.695
0.21
0.595
0.11
0.495
0.01
3.305
-0.18
0.580775
2
2.165
-0.18
0.563205
1.5
1.115
-0.02
0.55109
1.2
-0.005
0.41
0.7
1
-0.465
1.02
0.411461
0.5
0.395
1.04
0.404969
0.5
0
-0.005
-0.99
-0.005
0.41
-0.875
-0.09
-0.415
0.96
-0.705
1.17
-0.155
0.96
-0.444021
1.24375
0.445
0.98
0.125
1.2
0.715
0.98
0.385
1.25
1.135
-0.295
2.14
-0.23
3.14
-0.15
3.43722
-0.112727
-0.505
0.01
-0.705
0.21
-0.505
0.81
-0.305
0.81
0.295
0.81
0.495
0.81
0.695
0.21
0.595
0.11
0.495
0.01
3.225
-0.13
0.580775
2
2.165
-0.18
0.563205
1.5
1.115
-0.02
0.55109
1.2
-0.005
0.41
0.7
1
-0.465
1.02
0.411461
0.5
0.395
1.04
0.404969
0.5
0
-0.005
-0.99
-0.005
0.41
-0.875
-0.09
-0.415
0.96
-0.705
1.17
-0.155
0.96
-0.444021
1.24375
0.445
0.98
0.125
1.2
0.715
0.98
0.385
1.25
1.135
-0.3
2.135
-0.27
3.055
-0.12
3.35016
-0.0663344
-0.505
0.01
-0.705
0.21
-0.505
0.81
-0.305
0.81
0.295
0.81
0.495
0.81
0.695
0.21
0.595
0.11
0.495
0.01
3.145
-0.08
0.580775
2
2.165
-0.18
0.563205
1.5
1.115
-0.02
0.55109
1.2
-0.005
0.41
0.7
1
-0.465
1.02
0.411461
0.5
0.395
1.04
0.404969
0.5
0
-0.005
-0.99
-0.005
0.41
-0.875
-0.09
-0.415
0.96
-0.705
1.17
-0.155
0.96
-0.444021
1.24375
0.445
0.98
0.125
1.2
0.715
0.98
0.385
1.25
1.125
-0.32
2.115
-0.34
2.985
-0.165
3.28016
-0.111334
-0.505
0.01
-0.705
0.21
-0.505
0.81
-0.305
0.81
0.295
0.81
0.495
0.81
0.695
0.21
0.595
0.11
0.495
0.01
3.095
-0.135
0.580775
2
2.135
-0.24
0.563205
1.5
1.115
-0.02
0.55109
1.2
-0.005
0.41
0.7
1
-0.465
1.02
0.411461
0.5
0.395
1.04
0.404969
0.5
0
-0.005
-0.99
-0.005
0.41
-0.875
-0.09
-0.415
0.96
-0.705
1.17
-0.155
0.96
-0.444021
1.24375
0.445
0.98
0.125
1.2
0.715
0.98
0.385
1.25
1.115
-0.34
2.095
-0.41
2.915
-0.21
3.21016
-0.156334
-0.505
0.01
-0.705
0.21
-0.505
0.81
-0.305
0.81
0.295
0.81
0.495
0.81
0.695
0.21
0.595
0.11
0.495
0.01
3.045
-0.19
0.478853
2
2.105
-0.3
0.503289
1.5
1.115
-0.02
0.541295
1.2
-0.005
0.41
0.7
1
-0.465
1.02
0.411461
0.5
0.395
1.04
0.404969
0.5
0
-0.005
-0.99
-0.005
0.41
-0.875
-0.09
-0.415
0.96
-0.705
1.17
-0.155
0.96
-0.444021
1.24375
0.445
0.98
0.125
1.2
0.715
0.98
0.385
1.25
1.09
-0.385
2.03
-0.5
2.85
-0.285
3.14401
-0.225628
-0.505
0.01
-0.705
0.21
-0.505
0.81
-0.305
0.81
0.295
0.81
0.495
0.81
0.695
0.21
0.595
0.11
0.495
0.01
2.995
-0.275
0.478853
2
2.055
-0.39
0.503289
1.5
1.075
-0.1
0.541295
1.2
-0.005
0.41
0.7
1
-0.465
1.02
0.411461
0.5
0.395
1.04
0.404969
0.5
0
-0.005
-0.99
-0.005
0.41
-0.875
-0.09
-0.415
0.96
-0.705
1.17
-0.155
0.96
-0.444021
1.24375
0.445
0.98
0.125
1.2
0.715
0.98
0.385
1.25
1.065
-0.43
1.965
-0.59
2.785
-0.36
3.07786
-0.294921
-0.505
0.01
-0.705
0.21
-0.505
0.81
-0.305
0.81
0.295
0.81
0.495
0.81
0.695
0.21
0.595
0.11
0.495
0.01
2.945
-0.36
0.478853
2
2.005
-0.48
0.503289
1.5
1.035
-0.18
0.541295
1.2
-0.005
0.41
0.7
1
-0.465
1.02
0.411461
0.5
0.395
1.04
0.404969
0.5
0
-0.005
-0.99
-0.005
0.41
-0.875
-0.09
-0.415
0.96
-0.705
1.17
-0.155
0.96
-0.444021
1.24375
0.445
0.98
0.125
1.2
0.715
0.98
0.385
1.25
1.03
-0.455
1.915
-0.645
2.685
-0.44
2.97786
-0.374921
-0.505
0.01
-0.705
0.21
-0.505
0.81
-0.305
0.81
0.295
0.81
0.495
0.81
0.695
0.21
0.595
0.11
0.495
0.01
2.84
-0.435
0.478853
2
1.92
-0.525
0.503289
1.5
0.995
-0.21
0.541295
1.2
-0.005
0.41
0.7
1
-0.465
1.02
0.411461
0.5
0.395
1.04
0.404969
0.5
0
-0.005
-0.99
-0.005
0.41
-0.875
-0.09
-0.415
0.96
-0.705
1.17
-0.155
0.96
-0.444021
1.24375
0.445
0.98
0.125
1.2
0.715
0.98
0.385
1.25
0.995
-0.48
1.865
-0.7
2.585
-0.52
2.87786
-0.454921
-0.505
0.01
-0.705
0.21
-0.505
0.81
-0.305
0.81
0.295
0.81
0.495
0.81
0.695
0.21
0.595
0.11
0.495
0.01
2.735
-0.51
0.478853
2
1.835
-0.57
0.503289
1.5
0.955
-0.24
0.541295
1.2
-0.005
0.41
0.7
1
-0.465
1.02
0.411461
0.5
0.395
1.04
0.404969
0.5
0
-0.005
-0.99
-0.005
0.41
-0.875
-0.09
-0.415
0.96
-0.705
1.17
-0.155
0.96
-0.444021
1.24375
0.445
0.98
0.125
1.2
0.715
0.98
0.385
1.25
0.995
-0.48
1.775
-0.745
2.45
-0.585
2.74286
-0.519921
-0.505
0.01
-0.705
0.21
-0.505
0.81
-0.305
0.81
0.295
0.81
0.495
0.81
0.695
0.21
0.595
0.11
0.495
0.01
2.61
-0.585
0.478853
2
1.705
-0.6
0.503289
1.5
0.905
-0.205
0.541295
1.2
-0.005
0.41
0.7
1
-0.465
1.02
0.411461
0.5
0.395
1.04
0.404969
0.5
0
-0.005
-0.99
-0.005
0.41
-0.875
-0.09
-0.415
0.96
-0.705
1.17
-0.155
0.96
-0.444021
1.24375
0.445
0.98
0.125
1.2
0.715
0.98
0.385
1.25
0.995
-0.48
1.685
-0.79
2.315
-0.65
2.60786
-0.584921
-0.505
0.01
-0.705
0.21
-0.505
0.81
-0.305
0.81
0.295
0.81
0.495
0.81
0.695
0.21
0.595
0.11
0.495
0.01
2.485
-0.66
0.478853
2
1.575
-0.63
0.430116
1.5
0.855
-0.17
0.478539
1.2
-0.005
0.41
0.7
1
-0.465
1.02
0.411461
0.5
0.395
1.04
0.404969
0.5
0
-0.005
-0.99
-0.005
0.41
-0.875
-0.09
-0.415
0.96
-0.705
1.17
-0.155
0.96
-0.444021
1.24375
0.445
0.98
0.125
1.2
0.715
0.98
0.385
1.25
0.935
-0.51
1.53
-0.86
2.215
-0.76
2.51143
-0.72746
-0.505
0.01
-0.705
0.21
-0.505
0.81
-0.305
0.81
0.295
0.81
0.495
0.81
0.695
0.21
0.595
0.11
0.495
0.01
2.38
-0.785
0.478853
2
1.535
-0.71
0.430116
1.5
0.845
-0.205
0.478539
1.2
-0.005
0.41
0.7
1
-0.465
1.02
0.411461
0.5
0.395
1.04
0.404969
0.5
0
-0.005
-0.99
-0.005
0.41
-0.875
-0.09
-0.415
0.96
-0.705
1.17
-0.155
0.96
-0.444021
1.24375
0.445
0.98
0.125
1.2
0.715
0.98
0.385
1.25
0.875
-0.54
1.375
-0.93
2.115
-0.87
2.415
-0.87
-0.505
0.01
-0.705
0.21
-0.505
0.81
-0.305
0.81
0.295
0.81
0.495
0.81
0.695
0.21
0.595
0.11
0.495
0.01
2.275
-0.91
0.478853
2
1.495
-0.79
0.430116
1.5
0.835
-0.24
0.478539
1.2
-0.005
0.41
0.7
1
-0.465
1.02
0.411461
0.5
0.395
1.04
0.404969
0.5
0
-0.005
-0.99
-0.005
0.41
-0.875
-0.09
-0.415
0.96
-0.705
1.17
-0.155
0.96
-0.444021
1.24375
0.445
0.98
0.125
1.2
0.715
0.98
0.385
1.25
0.865
-0.555
1.305
-0.945
1.99
-0.97
2.29
-0.97
-0.505
0.01
-0.705
0.21
-0.505
0.81
-0.305
0.81
0.295
0.81
0.495
0.81
0.695
0.21
0.595
0.11
0.495
0.01
2.145
-1
0.478853
2
1.395
-0.805
0.430116
1.5
0.82
-0.22
0.478539
1.2
-0.005
0.41
0.7
1
-0.465
1.02
0.411461
0.5
0.395
1.04
0.404969
0.5
0
-0.005
-0.99
-0.005
0.41
-0.875
-0.09
-0.415
0.96
-0.705
1.17
-0.155
0.96
-0.444021
1.24375
0.445
0.98
0.125
1.2
0.715
0.98
0.385
1.25
0.855
-0.57
1.235
-0.96
1.865
-1.07
2.165
-1.07
-0.505
0.01
-0.705
0.21
-0.505
0.81
-0.305
0.81
0.295
0.81
0.495
0.81
0.695
0.21
0.595
0.11
0.495
0.01
2.015
-1.09
0.478853
2
1.295
-0.82
0.430116
1.5
0.805
-0.2
0.478539
1.2
-0.005
0.41
0.7
1
-0.465
1.02
0.411461
0.5
0.395
1.04
0.404969
0.5
0
-0.005
-0.99
-0.005
0.41
-0.875
-0.09
-0.415
0.96
-0.705
1.17
-0.155
0.96
-0.444021
1.24375
0.445
0.98
0.125
1.2
0.715
0.98
0.385
1.25
0.8075
-0.5775
1.13625
-1.00125
1.775
-1.12625
2.07498
-1.12515
-0.505
0.01
-0.705
0.21
-0.505
0.81
-0.305
0.81
0.295
0.81
0.495
0.81
0.695
0.21
0.595
0.11
0.495
0.01
1.9325
-1.1525
0.478853
2
1.24875
-0.8275
0.430116
1.5
0.79375
-0.2
0.478539
1.2
-0.005
0.41
0.7
1
-0.44875
1.065
0.411461
0.5
0.405
1.08375
0.404969
0.5
0
-0.005
-0.99
-0.005
0.41
-0.875
-0.09
-0.415
0.96
-0.705
1.17
-0.155
0.96
-0.444021
1.24375
0.445
0.98
0.125
1.2
0.715
0.98
0.385
1.25
0.76
-0.585
1.0375
-1.0425
1.685
-1.1825
1.98497
-1.1803
-0.505
0.01
-0.705
0.21
-0.505
0.81
-0.305
0.81
0.295
0.81
0.495
0.81
0.695
0.21
0.595
0.11
0.495
0.01
1.85
-1.215
0.478853
2
1.2025
-0.835
0.430116
1.5
0.7825
-0.2
0.478539
1.2
-0.005
0.41
0.7
1
-0.4325
1.11
0.411461
0.5
0.415
1.1275
0.404969
0.5
0
-0.005
-0.99
-0.005
0.41
-0.875
-0.09
-0.415
0.96
-0.705
1.17
-0.155
0.96
-0.444021
1.24375
0.445
0.98
0.125
1.2
0.715
0.98
0.385
1.25
0.7125
-0.5925
0.93875
-1.08375
1.595
-1.23875
1.89495
-1.23544
-0.505
0.01
-0.705
0.21
-0.505
0.81
-0.305
0.81
0.295
0.81
0.495
0.81
0.695
0.21
0.595
0.11
0.495
0.01
1.7675
-1.2775
0.478853
2
1.15625
-0.8425
0.430116
1.5
0.77125
-0.2
0.478539
1.2
-0.005
0.41
0.7
1
-0.41625
1.155
0.411461
0.5
0.425
1.17125
0.404969
0.5
0
-0.005
-0.99
-0.005
0.41
-0.875
-0.09
-0.415
0.96
-0.705
1.17
-0.155
0.96
-0.444021
1.24375
0.445
0.98
0.125
1.2
0.715
0.98
0.385
1.25
0.665
-0.6
0.84
-1.125
1.505
-1.295
1.80494
-1.29059
-0.505
0.01
-0.705
0.21
-0.505
0.81
-0.305
0.81
0.295
0.81
0.495
0.81
0.695
0.21
0.595
0.11
0.495
0.01
1.685
-1.34
0.478853
2
1.11
-0.85
0.430116
1.5
0.76
-0.2
0.478539
1.2
-0.005
0.41
0.7
1
-0.4
1.2
0.411461
0.5
0.435
1.215
0.404969
0.5
0
-0.005
-0.99
-0.005
0.41
-0.875
-0.09
-0.415
0.96
-0.705
1.17
-0.155
0.96
-0.444021
1.24375
0.445
0.98
0.125
1.2
0.715
0.98
0.385
1.25
0.6175
-0.6075
0.74125
-1.16625
1.415
-1.35125
1.71492
-1.34574
-0.505
0.01
-0.705
0.21
-0.505
0.81
-0.305
0.81
0.295
0.81
0.495
0.81
0.695
0.21
0.595
0.11
0.495
0.01
1.6025
-1.4025
0.478853
2
1.06375
-0.8575
0.430116
1.5
0.74875
-0.2
0.478539
1.2
-0.005
0.41
0.7
1
-0.38375
1.245
0.411461
0.5
0.445
1.25875
0.404969
0.5
0
-0.005
-0.99
-0.005
0.41
-0.875
-0.09
-0.415
0.96
-0.705
1.17
-0.155
0.96
-0.444021
1.24375
0.445
0.98
0.125
1.2
0.715
0.98
0.385
1.25
0.57
-0.615
0.6425
-1.2075
1.325
-1.4075
1.6249
-1.40089
-0.505
0.01
-0.705
0.21
-0.505
0.81
-0.305
0.81
0.295
0.81
0.495
0.81
0.695
0.21
0.595
0.11
0.495
0.01
1.52
-1.465
0.478853
2
1.0175
-0.865
0.430116
1.5
0.7375
-0.2
0.478539
1.2
-0.005
0.41
0.7
1
-0.3675
1.29
0.411461
0.5
0.455
1.3025
0.404969
0.5
0
-0.005
-0.99
-0.005
0.41
-0.875
-0.09
-0.415
0.96
-0.705
1.17
-0.155
0.96
-0.444021
1.24375
0.445
0.98
0.125
1.2
0.715
0.98
0.385
1.25
0.475
-0.63
0.445
-1.29
1.145
-1.52
1.44487
-1.51118
-0.505
0.01
-0.705
0.21
-0.505
0.81
-0.305
0.81
0.295
0.81
0.495
0.81
0.695
0.21
0.595
0.11
0.495
0.01
1.355
-1.59
0.456946
2
0.925
-0.88
0.39
1.5
0.715
-0.2
0.358469
1.2
-0.005
0.41
0.7
1
-0.335
1.38
0.411461
0.5
0.475
1.39
0.404969
0.5
0
