11
10
15
9
6
-0.005
-0.99
-0.005
0.41
-0.825
-0.12
-0.455
1.18
-0.515
1.58
-0.225
1.23
-0.265
1.68
0.345
1.19
0.275
1.58
0.625
1.23
0.585
1.66
0.73
-0.26
0.99
-1.05
1.24
-1.61
1.53994
-1.60412
-0.505
0.01
-0.705
0.21
-0.505
0.81
-0.305
0.81
0.295
0.81
0.495
0.81
0.695
0.21
0.595
0.11
0.495
0.01
1.355
-1.59
0.456946
2
0.925
-0.88
0.39
1.5
0.715
-0.2
0.358469
1.2
-0.005
0.41
0.7
1
-0.335
1.38
0.411461
0.5
0.475
1.39
0.404969
0.5
0
-0.005
-0.99
-0.005
0.41
-0.825
-0.12
-0.455
1.18
-0.515
1.58
-0.225
1.23
-0.265
1.68
0.345
1.19
0.275
1.58
0.625
1.23
0.585
1.66
0.685
-0.35
0.895
-1.33
1.24
-1.61
1.53203
-1.54129
-0.505
0.01
-0.705
0.21
-0.505
0.81
-0.305
0.81
0.295
0.81
0.495
0.81
0.695
0.21
0.595
0.11
0.495
0.01
1.325
-1.46
0.456946
2
0.925
-0.88
0.39
1.5
0.715
-0.2
0.358469
1.2
-0.005
0.41
0.7
1
-0.335
1.38
0.411461
0.5
0.475
1.39
0.404969
0.5
0
-0.005
-0.99
-0.005
0.41
-0.825
-0.12
-0.455
1.18
-0.515
1.58
-0.225
1.23
-0.265
1.68
0.345
1.19
0.275
1.58
0.625
1.23
0.585
1.66
0.605
-0.55
0.855
-1.62
1.24
-1.61
1.43994
-1.38634
-0.505
0.01
-0.705
0.21
-0.505
0.81
-0.305
0.81
0.295
0.81
0.495
0.81
0.695
0.21
0.595
0.11
0.495
0.01
1.305
-1.47
0.456946
2
0.745
-0.94
0.39
1.5
0.635
-0.24
0.358469
1.2
-0.005
0.41
0.7
1
-0.335
1.38
0.411461
0.5
0.475
1.39
0.404969
0.5
0
-0.005
-0.99
-0.005
0.41
-0.825
-0.12
-0.455
1.18
-0.515
1.58
-0.225
1.23
-0.265
1.68
0.345
1.19
0.275
1.58
0.625
1.23
0.585
1.66
0.485
-0.84
0.825
-2
1.24
-1.61
1.29798
-1.31566
-0.505
0.01
-0.705
0.21
-0.505
0.81
-0.305
0.81
0.295
0.81
0.495
0.81
0.695
0.21
0.595
0.11
0.495
0.01
1.155
-1.44
0.456946
2
0.745
-0.94
0.39
1.5
0.635
-0.24
0.358469
1.2
-0.005
0.41
0.7
1
-0.335
1.38
0.411461
0.5
0.475
1.39
0.404969
0.5
0
-0.005
-0.99
-0.005
0.41
-0.825
-0.12
-0.455
1.18
-0.515
1.58
-0.225
1.23
-0.265
1.68
0.345
1.19
0.275
1.58
0.625
1.23
0.585
1.66
0.195
-1.64
1.195
-2.12
1.24
-1.61
1.10584
-1.34167
-0.505
0.01
-0.705
0.21
-0.505
0.81
-0.305
0.81
0.295
0.81
0.495
0.81
0.695
0.21
0.595
0.11
0.495
0.01
1.045
-1.53
0.456946
2
0.565
-1.01
0.39
1.5
0.585
-0.32
0.358469
1.2
-0.005
0.41
0.7
1
-0.335
1.38
0.411461
0.5
0.475
1.39
0.404969
0.5
0
-0.005
-0.99
-0.005
0.41
-0.825
-0.12
-0.455
1.18
-0.515
1.58
-0.225
1.23
-0.265
1.68
0.345
1.19
0.275
1.58
0.625
1.23
0.585
1.66
0.105
-2.29
1.595
-2.03
1.24
-1.61
0.970939
-1.47731
-0.505
0.01
-0.705
0.21
-0.505
0.81
-0.305
0.81
0.295
0.81
0.495
0.81
0.695
0.21
0.595
0.11
0.495
0.01
1.025
-1.59
0.456946
2
0.565
-1.01
0.39
1.5
0.585
-0.32
0.358469
1.2
-0.005
0.41
0.7
1
-0.335
1.38
0.411461
0.5
0.475
1.39
0.404969
0.5
0
-0.005
-0.99
-0.005
0.41
-0.825
-0.12
-0.455
1.18
-0.515
1.58
-0.225
1.23
-0.265
1.68
0.345
1.19
0.275
1.58
0.625
1.23
0.585
1.66
0.185
-2.88
2.215
-1.87
1.24
-1.61
0.94381
-1.65766
-0.505
0.01
-0.705
0.21
-0.505
0.81
-0.305
0.81
0.295
0.81
0.495
0.81
0.695
0.21
0.595
0.11
0.495
0.01
1.145
-1.72
0.456946
2
0.565
-1.09
0.429535
1.5
0.585
-0.32
0.391152
1.2
-0.005
0.41
0.7
1
-0.335
1.38
0.411461
0.5
0.475
1.39
0.404969
0.5
0
-0.005
-0.99
-0.005
0.41
-0.825
-0.12
-0.455
1.18
-0.515
1.58
-0.225
1.23
-0.265
1.68
0.345
1.19
0.275
1.58
0.625
1.23
0.585
1.66
0.585
-3.29
2.525
-0.95
1.24
-1.61
1.07155
-1.85824
-0.505
0.01
-0.705
0.21
-0.505
0.81
-0.305
0.81
0.295
0.81
0.495
0.81
0.695
0.21
0.595
0.11
0.495
0.01
1.235
-1.64
0.521728
2
0.745
-1.01
0.429535
1.5
0.585
-0.32
0.391152
1.2
-0.005
0.41
0.7
1
-0.335
1.38
0.411461
0.5
0.475
1.39
0.404969
0.5
0
-0.015
-0.99
-0.015
0.41
-0.835
-0.12
-0.465
1.18
-0.525
1.58
-0.235
1.23
-0.275
1.68
0.335
1.19
0.265
1.58
0.615
1.23
0.575
1.66
1.825
-5.02001
2.055
-0.29
1.23
-1.61
1.32872
-1.89329
-0.515
0.01
-0.715
0.21
-0.515
0.81
-0.315
0.81
0.285
0.81
0.485
0.81
0.685
0.21
0.585
0.11
0.485
0.01
1.225
-1.64
0.521728
2
0.735
-1.01
0.429535
1.5
0.575
-0.32
0.391152
1.2
-0.015
0.41
0.7
1
-0.345
1.38
0.411461
0.5
0.465
1.39
0.404969
0.5
0
-0.015
-0.99
-0.015
0.41
-0.835
-0.12
-0.465
1.18
-0.525
1.58
-0.235
1.23
-0.275
1.68
0.335
1.19
0.265
1.58
0.615
1.23
0.575
1.66
2.255
-4.39999
0.785
-0.28
1.23
-1.61
1.52016
-1.6862
-0.515
0.0100001
-0.715
0.21
-0.515
0.809999
-0.315
0.809999
0.285
0.809999
0.485
0.809999
0.685
0.21
0.585
0.11
0.485
0.0100001
1.225
-1.64
0.521728
2
0.735
-1.01
0.429535
1.5
0.575
-0.32
0.391152
1.2
-0.015
0.41
0.7
1
-0.345
1.38
0.411461
0.5
0.465
1.39
0.404969
0.5
0
-0.005
-0.99
-0.005
0.41
-0.825
-0.12
-0.455
1.18
-0.515
1.58
-0.225
1.23
-0.265
1.68
0.345
1.19
0.275
1.58
0.625
1.23
0.605
1.69
0.73
-0.26
0.99
-1.05
1.24
-1.61
1.53994
-1.60412
-0.505
0.01
-0.705
0.21
-0.505
0.81
-0.305
0.81
0.295
0.81
0.495
0.81
0.695
0.21
0.595
0.11
0.495
0.01
1.355
-1.59
0.456946
2
0.925
-0.88
0.39
1.5
0.715
-0.2
0.358469
1.2
-0.005
0.41
0.7
1
-0.335
1.38
0.411461
0.5
0.475
1.39
0.404969
0.5
0
