20
10
15
9
6
0.02
-0.72
0.02
0.68
-0.765
0.15
-0.395
1.33
-0.51
1.58
-0.165
1.355
-0.26
1.675
0.38
1.33
0.265
1.58
0.65
1.34
0.61
1.685
0.7175
-0.025
0.9925
-0.75
1.3325
-0.955
1.60427
-0.864515
-0.48
0.28
-0.68
0.48
-0.48
1.08
-0.28
1.08
0.32
1.08
0.52
1.08
0.72
0.48
0.62
0.38
0.52
0.28
1.47
-0.895
0.456946
2
0.96
-0.48
0.39
1.5
0.72
0.135
0.358469
1.2
0.02
0.68
0.7
1
-0.305
1.41
0.411461
0.5
0.47
1.42
0.404969
0.5
0
0.03875
-0.5175
0.03875
0.8825
-0.72
0.3525
-0.35
1.4425
-0.50625
1.58
-0.12
1.44875
-0.25625
1.67125
0.40625
1.435
0.2575
1.58
0.66875
1.4225
0.61375
1.68125
0.708125
0.15125
0.994375
-0.525
1.40188
-0.46375
1.65252
-0.30981
-0.46125
0.4825
-0.66125
0.6825
-0.46125
1.2825
-0.26125
1.2825
0.33875
1.2825
0.53875
1.2825
0.73875
0.6825
0.63875
0.5825
0.53875
0.4825
1.55625
-0.37375
0.456946
2
0.98625
-0.18
0.39
1.5
0.72375
0.38625
0.358469
1.2
0.03875
0.8825
0.7
1
-0.2825
1.4325
0.411461
0.5
0.46625
1.4425
0.404969
0.5
0
0.041875
-0.48375
0.041875
0.91625
-0.7125
0.38625
-0.3425
1.46125
-0.505625
1.58
-0.1125
1.46438
-0.255625
1.67062
0.410625
1.4525
0.25625
1.58
0.671875
1.43625
0.614375
1.68062
0.396562
0.080625
1.26469
-0.1625
1.21344
0.128125
1.30342
0.350872
-0.458125
0.51625
-0.658125
0.71625
-0.458125
1.31625
-0.258125
1.31625
0.341875
1.31625
0.541875
1.31625
0.741875
0.71625
0.641875
0.61625
0.541875
0.51625
1.22062
0.268125
0.456946
2
0.970625
0.165
0.39
1.5
0.724375
0.428125
0.358469
1.2
0.041875
0.91625
0.7
1
-0.27875
1.43625
0.411461
0.5
0.465625
1.44625
0.404969
0.5
0
0.045
-0.45
0.045
0.95
-0.705
0.42
-0.335
1.48
-0.505
1.58
-0.105
1.48
-0.255
1.67
0.415
1.47
0.255
1.58
0.675
1.45
0.615
1.68
0.085
0.01
1.535
0.2
1.025
0.72
0.95432
1.01155
-0.455
0.55
-0.655
0.75
-0.455
1.35
-0.255
1.35
0.345
1.35
0.545
1.35
0.745
0.75
0.645
0.65
0.545
0.55
0.885
0.91
0.456946
2
0.955
0.51
0.39
1.5
0.725
0.47
0.358469
1.2
0.045
0.95
0.7
1
-0.275
1.44
0.411461
0.5
0.465
1.45
0.404969
0.5
0
0.340177
-0.0054425
0.045
0.95
-0.462498
0.184109
-0.501328
1.30665
-0.696084
1.33834
-0.286832
1.38995
-0.495531
1.51282
0.201736
1.56894
0.012684
1.61358
0.451452
1.64445
0.3122
1.83722
0.422732
0.0878522
1.70618
0.790174
1.04223
1.09042
0.870729
1.33672
-0.276432
0.395885
-0.535381
0.509971
-0.566158
1.14196
-0.379641
1.21439
0.179913
1.43168
0.366431
1.50411
0.770244
1.01699
0.713201
0.887518
0.656158
0.758043
0.842861
1.21691
0.456946
2
1.05301
0.869225
0.39
1.5
0.852997
0.748625
0.358469
1.2
0.045
0.95
0.7
1
-0.430887
1.29108
0.411461
0.5
0.255608
1.5684
0.404969
0.5
0
0.59325
0.113686
0.045
0.95
-0.195345
0.0628679
-0.586123
1.11636
-0.781013
1.08504
-0.408745
1.26306
-0.645619
1.31391
-0.00133657
1.58704
-0.194894
1.56981
0.211934
1.73745
0.0189555
1.87656
0.675431
0.250577
1.67249
1.322
0.947491
1.39772
0.707013
1.57749
-0.0854642
0.322589
-0.367277
0.34926
-0.595747
0.939557
-0.441506
1.06713
0.0212212
1.44984
0.175463
1.57741
0.712418
1.24226
0.699082
1.10135
0.685747
0.960443
0.718331
1.45495
0.456946
2
1.02746
1.19112
0.39
1.5
0.875593
1.01356
0.358469
1.2
0.045
0.95
0.7
1
-0.514337
1.12378
0.411461
0.5
0.0499805
1.6035
0.404969
0.5
0
0.885
0.41
0.045
0.95
0.225389
0.0483869
-0.59436
0.817522
-0.754921
0.702568
-0.500942
1.028
-0.735741
0.967904
-0.280582
1.4998
-0.446233
1.39806
-0.156676
1.72961
-0.391525
1.76812
0.921463
0.604805
1.33654
2.00891
0.653523
1.7534
0.358007
1.80714
0.207964
0.32997
-0.0562945
0.228179
-0.524134
0.654905
-0.442901
0.837929
-0.199199
1.387
-0.117965
1.57003
0.512343
1.50935
0.563239
1.37722
0.614135
1.24509
0.422787
1.70246
0.456946
2
0.817268
1.60405
0.39
1.5
0.760455
1.37732
0.358469
1.2
0.045
0.95
0.7
1
-0.533386
0.856182
0.411461
0.5
-0.241972
1.53744
0.404969
0.5
0
0.985
0.76
0.045
0.95
0.566513
0.192364
-0.490463
0.575988
-0.592707
0.406976
-0.487624
0.806323
-0.679752
0.65845
-0.471191
1.32696
-0.583326
1.16808
-0.447952
1.58709
-0.679027
1.52984
0.986863
0.978454
0.814486
2.43291
0.287432
1.92859
-0.00541968
1.8614
0.439409
0.444333
0.236649
0.246511
-0.361755
0.454209
-0.359287
0.654499
-0.351879
1.25537
-0.349411
1.45567
0.253932
1.64855
0.352844
1.54717
0.451755
1.44579
0.0954273
1.79073
0.456946
2
0.496874
1.85589
0.39
1.5
0.534094
1.62506
0.358469
1.2
0.045
0.95
0.7
1
-0.449664
0.635582
0.411461
0.5
-0.450545
1.37678
0.404969
0.5
0
0.915
1.11
0.045
0.95
0.835094
0.478442
-0.286013
0.38666
-0.308531
0.190341
-0.379454
0.597302
-0.492523
0.382736
-0.581555
1.0776
-0.617294
0.886378
-0.668867
1.32384
-0.855133
1.17545
0.889638
1.36852
0.126542
2.6193
-0.142498
1.94096
-0.380801
1.75778
0.614468
0.654586
0.512553
0.390165
-0.118202
0.329574
-0.199456
0.51274
-0.443216
1.06224
-0.524468
1.24541
-0.0562189
1.67234
0.0759913
1.62138
0.208202
1.57043
-0.259631
1.73555
0.456946
2
0.0782661
1.96217
0.39
1.5
0.208341
1.76778
0.358469
1.2
0.045
0.95
0.7
1
-0.273755
0.45786
0.411461
0.5
-0.583552
1.13152
0.404969
0.5
0
0.725
1.46
0.045
0.95
0.965183
0.924669
0.0314863
0.296452
0.10781
0.114085
-0.153057
0.434631
-0.14685
0.192066
-0.564278
0.755059
-0.501985
0.570675
-0.760876
0.927307
-0.850912
0.706718
0.577636
1.72825
-0.699935
2.44692
-0.603134
1.7233
-0.721585
1.44691
0.686491
0.970555
0.726808
0.689927
0.205871
0.328667
0.0453987
0.448821
-0.43602
0.809287
-0.596491
0.929443
-0.396498
1.53101
-0.256185
1.55117
-0.115871
1.57133
-0.604954
1.48675
0.456946
2
-0.420807
1.84974
0.39
1.5
-0.212234
1.74366
0.358469
1.2
0.045
0.95
0.7
1
0.00737596
0.364593
0.411461
0.5
-0.592381
0.801144
0.404969
0.5
0
0.515
1.61
0.045
0.95
0.920498
1.23535
0.251884
0.329693
0.385077
0.183517
0.0315762
0.39787
0.118935
0.171414
-0.463547
0.561588
-0.342896
0.408797
-0.706661
0.657815
-0.717367
0.419722
0.285323
1.86224
-1.15989
2.11006
-0.825523
1.4608
-0.844248
1.16058
0.642499
1.18493
0.774786
0.934075
0.405361
0.418645
0.21379
0.477928
-0.360927
0.655781
-0.552498
0.715066
-0.566217
1.34907
-0.44079
1.41521
-0.315361
1.48135
-0.747746
1.23731
0.456946
2
-0.696226
1.6412
0.39
1.5
-0.464063
1.61134
0.358469
1.2
0.045
0.95
0.7
1
0.206269
0.385793
0.411461
0.5
-0.505512
0.595566
0.404969
0.5
0
0.295
1.65
0.045
0.95
0.799686
1.47811
0.423679
0.416662
0.593722
0.315578
0.192994
0.417727
0.342561
0.226468
-0.328509
0.430164
-0.168541
0.319096
-0.589189
0.451426
-0.530075
0.220465
0.00923304
1.89298
-1.44596
1.70913
-0.93685
1.18522
-0.867313
0.89247
0.548341
1.34888
0.748011
1.14735
0.544637
0.546494
0.344043
0.547419
-0.257746
0.550196
-0.458339
0.551123
-0.656158
1.15383
-0.555399
1.25367
-0.454638
1.3535
-0.797316
0.994006
0.456946
2
-0.865672
1.39552
0.39
1.5
-0.634804
1.43458
0.358469
1.2
0.045
0.95
0.7
1
0.363686
0.45706
0.411461
0.5
-0.378565
0.450454
0.404969
0.5
0
0.135
1.66
0.045
0.95
0.661209
1.63483
0.534293
0.515757
0.722783
0.455624
0.30928
0.464753
0.498161
0.312137
-0.201666
0.359223
-0.0207404
0.287089
-0.460462
0.321132
-0.350759
0.109425
-0.202583
1.86075
-1.57901
1.35332
-0.964755
0.957691
-0.830957
0.688131
0.445458
1.45221
0.685474
1.30089
0.622863
0.66955
0.4272
0.625198
-0.159794
0.492143
-0.355457
0.447793
-0.684175
0.990433
-0.60852
1.11044
-0.532863
1.23045
-0.78566
0.802856
0.456946
2
-0.942843
1.17866
0.39
1.5
-0.726702
1.2688
0.358469
1.2
0.045
0.95
0.7
1
0.466724
0.541585
0.411461
0.5
-0.255017
0.367701
0.404969
0.5
0
-0.115
1.6
0.045
0.95
0.360399
1.81579
0.661336
0.730243
0.85868
0.744981
0.471692
0.598749
0.703998
0.527844
0.0372105
0.309702
0.232027
0.310477
-0.188604
0.177548
-0.00763688
0.0222059
-0.525393
1.7022
-1.61235
0.716552
-0.894544
0.579365
-0.669582
0.379372
0.228587
1.56567
0.507839
1.51511
0.685958
0.90604
0.52105
0.791697
0.0263229
0.448666
-0.138585
0.334325
-0.646522
0.714707
-0.621241
0.854333
-0.595958
0.993959
-0.670485
0.50274
0.456946
2
-0.956888
0.792538
0.39
1.5
-0.790113
0.957014
0.358469
1.2
0.045
0.95
0.7
1
0.588995
0.728923
0.411461
0.5
-0.0154511
0.297607
0.404969
0.5
0
-0.315
1.51
0.045
0.95
0.0396554
1.87173
0.6995
0.958275
0.879461
1.04074
0.567371
0.768982
0.809914
0.783285
0.260414
0.346757
0.442861
0.415248
0.0945918
0.144263
0.318353
0.0615159
-0.751614
1.45709
-1.42822
0.154562
-0.707275
0.275574
-0.426719
0.166252
0.00303075
1.5913
0.282529
1.64101
0.661444
1.13172
0.54655
0.967116
0.201865
0.473304
0.0869707
0.308703
-0.521733
0.488783
-0.546588
0.628531
-0.571443
0.76828
-0.470478
0.281644
0.456946
2
-0.839896
0.453823
0.39
1.5
-0.74069
0.666094
0.358469
1.2
0.045
0.95
0.7
1
0.63211
0.931874
0.411461
0.5
0.21523
0.317096
0.404969
0.5
0
-0.575
1.37
0.045
0.95
-0.347923
1.78414
0.635417
1.23307
0.763997
1.38367
0.595219
1.00567
0.809284
1.12077
0.494449
0.493304
0.631168
0.632269
0.429235
0.239743
0.667119
0.258866
-0.891353
1.07474
-0.956921
-0.392055
-0.353674
0.0212902
-0.0530664
0.0402111
-0.263086
1.51425
-0.0303945
1.67703
0.527861
1.37443
0.492906
1.1767
0.388042
0.583484
0.353087
0.385749
-0.275077
0.292876
-0.356468
0.409221
-0.437859
0.525567
-0.141357
0.126496
0.456946
2
-0.549063
0.127199
0.39
1.5
-0.548413
0.361585
0.358469
1.2
0.045
0.95
0.7
1
0.585383
1.18074
0.411461
0.5
0.465937
0.447365
0.404969
0.5
0
-0.705
0.94
0.045
0.95
-0.776619
1.36951
0.338904
1.53547
0.34845
1.73337
0.446315
1.33092
0.545244
1.55305
0.680264
0.863775
0.703374
1.05745
0.783898
0.623201
0.960432
0.783973
-0.772328
0.475442
0.0738108
-0.725408
0.298109
-0.0289904
0.524402
0.170025
-0.54425
1.20788
-0.459777
1.47916
0.167245
1.58149
0.260646
1.40361
0.54085
0.86999
0.634249
0.692117
0.19403
0.234042
0.0583931
0.276276
-0.0772445
0.318513
0.40171
0.184248
0.456946
2
0.0786524
-0.064807
0.39
1.5
-0.0643333
0.121066
0.358469
1.2
0.045
0.95
0.7
1
0.331349
1.46343
0.411461
0.5
0.685827
0.809966
0.404969
0.5
0
-0.775
0.41
0.045
0.95
-0.869537
0.824791
-0.0483569
1.59881
-0.153651
1.76677
0.156789
1.49223
0.111037
1.73121
0.615967
1.24237
0.524225
1.41462
0.838603
1.10405
0.89166
1.337
-0.354884
0.0930408
1.02647
-0.40936
0.812528
0.290761
0.884583
0.58356
-0.586316
0.824904
-0.672033
1.09596
-0.215627
1.53846
-0.0372391
1.44579
0.497928
1.16777
0.676315
1.0751
0.576686
0.44726
0.441158
0.404401
0.305627
0.361543
0.775698
0.525098
0.456946
2
0.652788
0.135888
0.39
1.5
0.429108
0.206783
0.358469
1.2
0.045
0.95
0.7
1
-0.0133753
1.53533
0.411461
0.5
0.651297
1.20136
0.404969
0.5
0
-0.500981
0.112202
0.045
0.95
-0.709073
0.416594
-0.337439
1.48288
-0.508466
1.58337
-0.106115
1.48299
-0.257067
1.67401
0.416889
1.47317
0.255914
1.58373
0.678395
1.45318
0.617942
1.68447
0.0856695
0.004601
1.54393
0.196379
1.03075
0.719134
0.959532
1.01234
-0.457695
0.54746
-0.658942
0.748519
-0.458071
1.35207
-0.256918
1.35216
0.346542
1.35245
0.547694
1.35254
0.749127
0.749176
0.648599
0.648553
0.548069
0.547929
0.889861
0.910163
0.456946
2
0.96045
0.507892
0.39
1.5
0.729144
0.467553
0.358469
1.2
0.045
0.95
0.7
1
-0.277075
1.44267
0.411461
0.5
0.467186
1.45308
0.404969
0.5
0
-0.500981
0.112202
0.045
0.95
-0.709073
0.416594
-0.337439
1.48288
-0.508466
1.58337
-0.106115
1.48299
-0.257067
1.67401
0.416889
1.47317
0.255914
1.58373
0.678395
1.45318
0.617942
1.68447
0.375
0.1
0.805
-0.43
1.185
-0.1
1.31916
0.168328
-0.457695
0.54746
-0.658942
0.748519
-0.458071
1.35207
-0.256918
1.35216
0.346542
1.35245
0.547694
1.35254
0.749127
0.749176
0.648599
0.648553
0.548069
0.547929
1.205
0.12
0.456946
2
0.735
-0.05
0.39
1.5
0.695
0.52
0.358469
1.2
0.045
0.95
0.7
1
-0.277075
1.44267
0.411461
0.5
0.467186
1.45308
0.404969
0.5
0
