21
10
15
9
6
-0.005
-0.99
-0.005
0.41
-0.825
-0.12
-0.455
1.18
-0.515
1.58
-0.225
1.23
-0.265
1.68
0.345
1.19
0.275
1.58
0.625
1.23
0.625
1.7
0.73
-0.26
0.99
-1.05
1.24
-1.61
1.53994
-1.60412
-0.505
0.01
-0.705
0.21
-0.505
0.81
-0.305
0.81
0.295
0.81
0.495
0.81
0.695
0.21
0.595
0.11
0.495
0.01
1.355
-1.59
0.456946
2
0.925
-0.88
0.39
1.5
0.715
-0.2
0.358469
1.2
-0.005
0.41
0.7
1
-0.335
1.38
0.411461
0.5
0.475
1.39
0.404969
0.5
0
-0.005
-0.99
-0.005
0.41
-0.825
-0.12
-0.455
1.18
-0.515
1.58
-0.235
1.11
-0.225
1.56
0.345
1.19
0.275
1.58
0.605
1.11
0.655
1.62
0.73
-0.26
0.99
-1.05
1.24
-1.61
1.53994
-1.60412
-0.505
0.01
-0.705
0.21
-0.505
0.81
-0.305
0.81
0.295
0.81
0.495
0.81
0.695
0.21
0.595
0.11
0.495
0.01
1.355
-1.59
0.456946
2
0.925
-0.88
0.39
1.5
0.715
-0.2
0.358469
1.2
-0.005
0.41
0.7
1
-0.335
1.38
0.411461
0.5
0.475
1.39
0.404969
0.5
0
-0.005
-0.99
-0.005
0.41
-0.825
-0.12
-0.455
1.18
-0.515
1.58
-0.245
0.99
-0.235
1.43
0.345
1.19
0.275
1.58
0.575
0.97
0.655
1.47
0.73
-0.26
0.99
-1.05
1.24
-1.61
1.53994
-1.60412
-0.505
0.01
-0.705
0.21
-0.505
0.81
-0.305
0.81
0.295
0.81
0.495
0.81
0.695
0.21
0.595
0.11
0.495
0.01
1.355
-1.59
0.456946
2
0.925
-0.88
0.39
1.5
0.715
-0.2
0.358469
1.2
-0.005
0.41
0.7
1
-0.335
1.38
0.411461
0.5
0.475
1.39
0.404969
0.5
0
-0.005
-0.99
-0.005
0.41
-0.825
-0.12
-0.455
1.18
-0.515
1.58
-0.215
0.95
-0.185
1.31
0.345
1.19
0.275
1.58
0.565
0.92
0.625
1.36
0.73
-0.26
0.99
-1.05
1.24
-1.61
1.53994
-1.60412
-0.505
0.01
-0.705
0.21
-0.505
0.81
-0.305
0.81
0.295
0.81
0.495
0.81
0.695
0.21
0.595
0.11
0.495
0.01
1.355
-1.59
0.456946
2
0.925
-0.88
0.39
1.5
0.715
-0.2
0.358469
1.2
-0.005
0.41
0.7
1
-0.335
1.38
0.411461
0.5
0.475
1.39
0.404969
0.5
0
-0.005
-0.99
-0.005
0.41
-0.825
-0.12
-0.455
1.18
-0.515
1.58
-0.195
0.9
-0.185
1.17
0.345
1.19
0.275
1.58
0.615
0.92
0.625
1.22
0.73
-0.26
0.99
-1.05
1.24
-1.61
1.53994
-1.60412
-0.505
0.01
-0.705
0.21
-0.505
0.81
-0.305
0.81
0.295
0.81
0.495
0.81
0.695
0.21
0.595
0.11
0.495
0.01
1.355
-1.59
0.456946
2
0.925
-0.88
0.39
1.5
0.715
-0.2
0.358469
1.2
-0.005
0.41
0.7
1
-0.335
1.38
0.411461
0.5
0.475
1.39
0.404969
0.5
0
-0.005
-0.99
-0.005
0.41
-0.825
-0.12
-0.455
1.18
-0.515
1.58
-0.115
0.88
-0.125
1.09
0.345
1.19
0.275
1.58
0.605
0.88
0.625
1.11
0.73
-0.26
0.99
-1.05
1.24
-1.61
1.53994
-1.60412
-0.505
0.01
-0.705
0.21
-0.505
0.81
-0.305
0.81
0.295
0.81
0.495
0.81
0.695
0.21
0.595
0.11
0.495
0.01
1.355
-1.59
0.456946
2
0.925
-0.88
0.39
1.5
0.715
-0.2
0.358469
1.2
-0.005
0.41
0.7
1
-0.335
1.38
0.411461
0.5
0.475
1.39
0.404969
0.5
0
-0.005
-0.99
-0.005
0.41
-0.825
-0.12
-0.455
1.18
-0.515
1.58
-0.095
0.99
-0.11
1.225
0.345
1.19
0.275
1.58
0.67
1.015
0.67
1.245
0.73
-0.26
0.99
-1.05
1.24
-1.61
1.53994
-1.60412
-0.505
0.01
-0.705
0.21
-0.505
0.81
-0.305
0.81
0.295
0.81
0.495
0.81
0.695
0.21
0.595
0.11
0.495
0.01
1.355
-1.59
0.456946
2
0.925
-0.88
0.39
1.5
0.715
-0.2
0.358469
1.2
-0.005
0.41
0.7
1
-0.335
1.38
0.411461
0.5
0.475
1.39
0.404969
0.5
0
-0.005
-0.99
-0.005
0.41
-0.825
-0.12
-0.455
1.18
-0.515
1.58
-0.075
1.1
-0.095
1.36
0.345
1.19
0.275
1.58
0.735
1.15
0.715
1.38
0.73
-0.26
0.99
-1.05
1.24
-1.61
1.53994
-1.60412
-0.505
0.01
-0.705
0.21
-0.505
0.81
-0.305
0.81
0.295
0.81
0.495
0.81
0.695
0.21
0.595
0.11
0.495
0.01
1.355
-1.59
0.456946
2
0.925
-0.88
0.39
1.5
0.715
-0.2
0.358469
1.2
-0.005
0.41
0.7
1
-0.335
1.38
0.411461
0.5
0.475
1.39
0.404969
0.5
0
-0.005
-0.99
-0.005
0.41
-0.825
-0.12
-0.455
1.18
-0.515
1.58
-0.09
1.135
-0.11
1.435
0.345
1.19
0.275
1.58
0.7
1.2
0.69
1.455
0.73
-0.26
0.99
-1.05
1.24
-1.61
1.53994
-1.60412
-0.505
0.01
-0.705
0.21
-0.505
0.81
-0.305
0.81
0.295
0.81
0.495
0.81
0.695
0.21
0.595
0.11
0.495
0.01
1.355
-1.59
0.456946
2
0.925
-0.88
0.39
1.5
0.715
-0.2
0.358469
1.2
-0.005
0.41
0.7
1
-0.335
1.38
0.411461
0.5
0.475
1.39
0.404969
0.5
0
-0.005
-0.99
-0.005
0.41
-0.825
-0.12
-0.455
1.18
-0.515
1.58
-0.105
1.17
-0.125
1.51
0.345
1.19
0.275
1.58
0.665
1.25
0.665
1.53
0.73
-0.26
0.99
-1.05
1.24
-1.61
1.53994
-1.60412
-0.505
0.01
-0.705
0.21
-0.505
0.81
-0.305
0.81
0.295
0.81
0.495
0.81
0.695
0.21
0.595
0.11
0.495
0.01
1.355
-1.59
0.456946
2
0.925
-0.88
0.39
1.5
0.715
-0.2
0.358469
1.2
-0.005
0.41
0.7
1
-0.335
1.38
0.411461
0.5
0.475
1.39
0.404969
0.5
0
-0.005
-0.99
-0.005
0.41
-0.825
-0.12
-0.455
1.18
-0.515
1.58
-0.145
1.24
-0.215
1.66
0.345
1.19
0.275
1.58
0.665
1.25
0.645
1.69
0.73
-0.26
0.99
-1.05
1.24
-1.61
1.53994
-1.60412
-0.505
0.01
-0.705
0.21
-0.505
0.81
-0.305
0.81
0.295
0.81
0.495
0.81
0.695
0.21
0.595
0.11
0.495
0.01
1.355
-1.59
0.456946
2
0.925
-0.88
0.39
1.5
0.715
-0.2
0.358469
1.2
-0.005
0.41
0.7
1
-0.335
1.38
0.411461
0.5
0.475
1.39
0.404969
0.5
0
-0.005
-0.99
-0.005
0.41
-0.825
-0.12
-0.455
1.18
-0.515
1.58
-0.225
1.23
-0.265
1.68
0.345
1.19
0.275
1.58
0.625
1.23
0.605
1.7
0.73
-0.26
0.99
-1.05
1.24
-1.61
1.53994
-1.60412
-0.505
0.01
-0.705
0.21
-0.505
0.81
-0.305
0.81
0.295
0.81
0.495
0.81
0.695
0.21
0.595
0.11
0.495
0.01
1.355
-1.59
0.456946
2
0.925
-0.88
0.39
1.5
0.715
-0.2
0.358469
1.2
-0.005
0.41
0.7
1
-0.335
1.38
0.411461
0.5
0.475
1.39
0.404969
0.5
0
-0.005
-0.99
-0.005
0.41
-0.825
-0.12
-0.485
1.09
-0.555
1.47
-0.225
1.23
-0.265
1.68
0.325
1.1
0.275
1.46
0.625
1.23
0.605
1.7
0.73
-0.26
0.99
-1.05
1.24
-1.61
1.53994
-1.60412
-0.505
0.01
-0.705
0.21
-0.505
0.81
-0.305
0.81
0.295
0.81
0.495
0.81
0.695
0.21
0.595
0.11
0.495
0.01
1.355
-1.59
0.456946
2
0.925
-0.88
0.39
1.5
0.715
-0.2
0.358469
1.2
-0.005
0.41
0.7
1
-0.335
1.38
0.411461
0.5
0.475
1.39
0.404969
0.5
0
-0.005
-0.99
-0.005
0.41
-0.825
-0.12
-0.465
0.99
-0.535
1.36
-0.225
1.23
-0.265
1.68
0.365
1.02
0.275
1.37
0.625
1.23
0.605
1.7
0.73
-0.26
0.99
-1.05
1.24
-1.61
1.53994
-1.60412
-0.505
0.01
-0.705
0.21
-0.505
0.81
-0.305
0.81
0.295
0.81
0.495
0.81
0.695
0.21
0.595
0.11
0.495
0.01
1.355
-1.59
0.456946
2
0.925
-0.88
0.39
1.5
0.715
-0.2
0.358469
1.2
-0.005
0.41
0.7
1
-0.335
1.38
0.411461
0.5
0.475
1.39
0.404969
0.5
0
-0.005
-0.99
-0.005
0.41
-0.825
-0.12
-0.445
0.93
-0.525
1.26
-0.225
1.23
-0.265
1.68
0.385
0.93
0.315
1.3
0.625
1.23
0.605
1.7
0.73
-0.26
0.99
-1.05
1.24
-1.61
1.53994
-1.60412
-0.505
0.01
-0.705
0.21
-0.505
0.81
-0.305
0.81
0.295
0.81
0.495
0.81
0.695
0.21
0.595
0.11
0.495
0.01
1.355
-1.59
0.456946
2
0.925
-0.88
0.39
1.5
0.715
-0.2
0.358469
1.2
-0.005
0.41
0.7
1
-0.335
1.38
0.411461
0.5
0.475
1.39
0.404969
0.5
0
-0.005
-0.99
-0.005
0.41
-0.825
-0.12
-0.405
0.89
-0.445
1.09
-0.225
1.23
-0.265
1.68
0.415
0.89
0.395
1.11
0.625
1.23
0.605
1.7
0.73
-0.26
0.99
-1.05
1.24
-1.61
1.53994
-1.60412
-0.505
0.01
-0.705
0.21
-0.505
0.81
-0.305
0.81
0.295
0.81
0.495
0.81
0.695
0.21
0.595
0.11
0.495
0.01
1.355
-1.59
0.456946
2
0.925
-0.88
0.39
1.5
0.715
-0.2
0.358469
1.2
-0.005
0.41
0.7
1
-0.335
1.38
0.411461
0.5
0.475
1.39
0.404969
0.5
0
-0.005
-0.99
-0.005
0.41
-0.825
-0.12
-0.365
0.99
-0.435
1.23
-0.225
1.23
-0.265
1.68
0.485
1.02
0.415
1.26
0.625
1.23
0.605
1.7
0.73
-0.26
0.99
-1.05
1.24
-1.61
1.53994
-1.60412
-0.505
0.01
-0.705
0.21
-0.505
0.81
-0.305
0.81
0.295
0.81
0.495
0.81
0.695
0.21
0.595
0.11
0.495
0.01
1.355
-1.59
0.456946
2
0.925
-0.88
0.39
1.5
0.715
-0.2
0.358469
1.2
-0.005
0.41
0.7
1
-0.335
1.38
0.411461
0.5
0.475
1.39
0.404969
0.5
0
-0.005
-0.99
-0.005
0.41
-0.825
-0.12
-0.335
1.19
-0.415
1.45
-0.225
1.23
-0.265
1.68
0.505
1.18
0.455
1.48
0.625
1.23
0.605
1.7
0.73
-0.26
0.99
-1.05
1.24
-1.61
1.53994
-1.60412
-0.505
0.01
-0.705
0.21
-0.505
0.81
-0.305
0.81
0.295
0.81
0.495
0.81
0.695
0.21
0.595
0.11
0.495
0.01
1.355
-1.59
0.456946
2
0.925
-0.88
0.39
1.5
0.715
-0.2
0.358469
1.2
-0.005
0.41
0.7
1
-0.335
1.38
0.411461
0.5
0.475
1.39
0.404969
0.5
0
-0.005
-0.99
-0.005
0.41
-0.825
-0.12
-0.385
1.3
-0.485
1.61
-0.225
1.23
-0.265
1.68
0.485
1.35
0.385
1.64
0.625
1.23
0.605
1.7
0.73
-0.26
0.99
-1.05
1.24
-1.61
1.53994
-1.60412
-0.505
0.01
-0.705
0.21
-0.505
0.81
-0.305
0.81
0.295
0.81
0.495
0.81
0.695
0.21
0.595
0.11
0.495
0.01
1.355
-1.59
0.456946
2
0.925
-0.88
0.39
1.5
0.715
-0.2
0.358469
1.2
-0.005
0.41
0.7
1
-0.335
1.38
0.411461
0.5
0.475
1.39
0.404969
0.5
0
-0.005
-0.99
-0.005
0.41
-0.825
-0.12
-0.42
1.24
-0.5
1.595
-0.225
1.23
-0.265
1.68
0.415
1.27
0.325
1.615
0.625
1.23
0.605
1.695
0.73
-0.26
0.99
-1.05
1.24
-1.61
1.53994
-1.60412
-0.505
0.01
-0.705
0.21
-0.505
0.81
-0.305
0.81
0.295
0.81
0.495
0.81
0.695
0.21
0.595
0.11
0.495
0.01
1.355
-1.59
0.456946
2
0.925
-0.88
0.39
1.5
0.715
-0.2
0.358469
1.2
-0.005
0.41
0.7
1
-0.335
1.38
0.411461
0.5
0.475
1.39
0.404969
0.5
0
-0.005
-0.99
-0.005
0.41
-0.825
-0.12
-0.455
1.18
-0.515
1.58
-0.225
1.23
-0.265
1.68
0.345
1.19
0.265
1.59
0.625
1.23
0.605
1.69
0.73
-0.26
0.99
-1.05
1.24
-1.61
1.53994
-1.60412
-0.505
0.01
-0.705
0.21
-0.505
0.81
-0.305
0.81
0.295
0.81
0.495
0.81
0.695
0.21
0.595
0.11
0.495
0.01
1.355
-1.59
0.456946
2
0.925
-0.88
0.39
1.5
0.715
-0.2
0.358469
1.2
-0.005
0.41
0.7
1
-0.335
1.38
0.411461
0.5
0.475
1.39
0.404969
0.5
0
