31
10
15
9
6
-0.005
-0.99
-0.005
0.41
-0.875
-0.09
-0.415
0.96
-0.705
1.17
-0.155
0.96
-0.444021
1.24375
0.445
0.98
0.125
1.2
0.715
0.98
0.395
1.25
0.475
-0.63
0.445
-1.29
1.145
-1.52
1.44494
-1.51412
-0.505
0.01
-0.705
0.21
-0.505
0.81
-0.305
0.81
0.295
0.81
0.495
0.81
0.695
0.21
0.595
0.11
0.495
0.01
1.325
-1.52
0.456946
2
0.705
-1.07
0.39
1.5
0.615
-0.28
0.414367
1.2
-0.005
0.41
0.7
1
-0.405
1.01
0.411461
0.5
0.435
1.05
0.404969
0.5
0
-0.005
-0.99
-0.005
0.41
-0.875
-0.09
-0.415
0.96
-0.705
1.17
-0.155
0.96
-0.444021
1.24375
0.445
0.98
0.125
1.2
0.715
0.98
0.385
1.25
0.475
-0.63
0.445
-1.29
1.065
-1.12
1.36494
-1.11412
-0.505
0.01
-0.705
0.21
-0.505
0.81
-0.305
0.81
0.295
0.81
0.495
0.81
0.695
0.21
0.595
0.11
0.495
0.01
1.205
-1.19
0.456946
2
0.645
-0.84
0.39
1.5
0.565
-0.19
0.358469
1.2
-0.005
0.41
0.7
1
-0.485
1.01
0.411461
0.5
0.455
1.03
0.404969
0.5
0
-0.005
-0.99
-0.005
0.41
-0.875
-0.09
-0.415
0.96
-0.705
1.17
-0.155
0.96
-0.444021
1.24375
0.445
0.98
0.125
1.2
0.715
0.98
0.385
1.25
0.095
-0.54
0.325
-0.89
1.035
-0.91
1.33494
-0.90412
-0.505
0.01
-0.705
0.21
-0.505
0.81
-0.305
0.81
0.295
0.81
0.495
0.81
0.695
0.21
0.595
0.11
0.495
0.01
1.185
-0.91
0.456946
2
0.545
-0.73
0.39
1.5
0.455
-0.17
0.358469
1.2
-0.005
0.41
0.7
1
-0.485
1.01
0.411461
0.5
0.455
1.03
0.404969
0.5
0
-0.005
-0.99
-0.005
0.41
-0.875
-0.09
-0.415
0.96
-0.705
1.17
-0.155
0.96
-0.444021
1.24375
0.445
0.98
0.125
1.2
0.715
0.98
0.385
1.25
0.095
-0.54
0.325
-0.89
1.425
-0.82
1.72494
-0.81412
-0.505
0.01
-0.705
0.21
-0.505
0.81
-0.305
0.81
0.295
0.81
0.495
0.81
0.695
0.21
0.595
0.11
0.495
0.01
1.575
-0.81
0.494773
2
0.735
-0.77
0.446542
1.5
0.455
-0.28
0.401995
1.2
-0.005
0.41
0.7
1
-0.485
1.01
0.411461
0.5
0.455
1.03
0.404969
0.5
0
-0.005
-0.99
-0.005
0.41
-0.875
-0.09
-0.415
0.96
-0.705
1.17
-0.155
0.96
-0.444021
1.24375
0.445
0.98
0.125
1.2
0.715
0.98
0.385
1.25
0.335
-0.52
0.785
-0.96
1.855
-0.75
2.15494
-0.74412
-0.505
0.01
-0.705
0.21
-0.505
0.81
-0.305
0.81
0.295
0.81
0.495
0.81
0.695
0.21
0.595
0.11
0.495
0.01
1.935
-0.77
0.529528
2
1.045
-0.79
0.446542
1.5
0.595
-0.18
0.4998
1.2
-0.005
0.41
0.7
1
-0.485
1.01
0.411461
0.5
0.455
1.03
0.404969
0.5
0
-0.005
-0.99
-0.005
0.41
-0.875
-0.09
-0.415
0.96
-0.705
1.17
-0.155
0.96
-0.444021
1.24375
0.445
0.98
0.125
1.2
0.715
0.98
0.385
1.25
0.335
-0.52
0.855
-0.88
2.325
-0.74
2.62416
-0.717563
-0.505
0.01
-0.705
0.21
-0.505
0.81
-0.305
0.81
0.295
0.81
0.495
0.81
0.695
0.21
0.595
0.11
0.495
0.01
2.335
-0.79
0.574282
2
1.325
-0.79
0.503289
1.5
0.615
-0.24
0.4998
1.2
-0.005
0.41
0.7
1
-0.485
1.01
0.411461
0.5
0.455
1.03
0.404969
0.5
0
-0.005
-0.99
-0.005
0.41
-0.875
-0.09
-0.415
0.96
-0.705
1.17
-0.155
0.96
-0.444021
1.24375
0.445
0.98
0.125
1.2
0.715
0.98
0.385
1.25
0.335
-0.52
0.855
-0.88
2.745
-0.69
3.04416
-0.667563
-0.505
0.01
-0.705
0.21
-0.505
0.81
-0.305
0.81
0.295
0.81
0.495
0.81
0.695
0.21
0.595
0.11
0.495
0.01
2.805
-0.73
0.574282
2
1.775
-0.71
0.56921
1.5
0.815
-0.4
0.515461
1.2
-0.005
0.41
0.7
1
-0.485
1.01
0.411461
0.5
0.455
1.03
0.404969
0.5
0
-0.005
-0.99
-0.005
0.41
-0.875
-0.09
-0.415
0.96
-0.705
1.17
-0.155
0.96
-0.444021
1.24375
0.445
0.98
0.125
1.2
0.715
0.98
0.385
1.25
0.335
-0.52
0.855
-0.88
2.675
-0.7025
2.97416
-0.680063
-0.505
0.01
-0.705
0.21
-0.505
0.81
-0.305
0.81
0.295
0.81
0.495
0.81
0.695
0.21
0.595
0.11
0.495
0.01
2.73
-0.7275
0.574282
2
1.7325
-0.715
0.56921
1.5
0.8
-0.3825
0.515461
1.2
-0.005
0.41
0.7
1
-0.485
1.01
0.411461
0.5
0.455
1.03
0.404969
0.5
0
-0.005
-0.99
-0.005
0.41
-0.875
-0.09
-0.415
0.96
-0.705
1.17
-0.155
0.96
-0.444021
1.24375
0.445
0.98
0.125
1.2
0.715
0.98
0.385
1.25
0.335
-0.52
0.855
-0.88
2.605
-0.715
2.90416
-0.692563
-0.505
0.01
-0.705
0.21
-0.505
0.81
-0.305
0.81
0.295
0.81
0.495
0.81
0.695
0.21
0.595
0.11
0.495
0.01
2.655
-0.725
0.574282
2
1.69
-0.72
0.56921
1.5
0.785
-0.365
0.515461
1.2
-0.005
0.41
0.7
1
-0.485
1.01
0.411461
0.5
0.455
1.03
0.404969
0.5
0
-0.005
-0.99
-0.005
0.41
-0.875
-0.09
-0.415
0.96
-0.705
1.17
-0.155
0.96
-0.444021
1.24375
0.445
0.98
0.125
1.2
0.715
0.98
0.385
1.25
0.335
-0.52
0.855
-0.88
2.535
-0.7275
2.83416
-0.705063
-0.505
0.01
-0.705
0.21
-0.505
0.81
-0.305
0.81
0.295
0.81
0.495
0.81
0.695
0.21
0.595
0.11
0.495
0.01
2.58
-0.7225
0.574282
2
1.6475
-0.725
0.56921
1.5
0.77
-0.3475
0.515461
1.2
-0.005
0.41
0.7
1
-0.485
1.01
0.411461
0.5
0.455
1.03
0.404969
0.5
0
-0.005
-0.99
-0.005
0.41
-0.875
-0.09
-0.415
0.96
-0.705
1.17
-0.155
0.96
-0.444021
1.24375
0.445
0.98
0.125
1.2
0.715
0.98
0.385
1.25
0.335
-0.52
0.855
-0.88
2.465
-0.74
2.76416
-0.717563
-0.505
0.01
-0.705
0.21
-0.505
0.81
-0.305
0.81
0.295
0.81
0.495
0.81
0.695
0.21
0.595
0.11
0.495
0.01
2.505
-0.72
0.574282
2
1.605
-0.73
0.56921
1.5
0.755
-0.33
0.515461
1.2
-0.005
0.41
0.7
1
-0.485
1.01
0.411461
0.5
0.455
1.03
0.404969
0.5
0
-0.005
-0.99
-0.005
0.41
-0.875
-0.09
-0.415
0.96
-0.705
1.17
-0.155
0.96
-0.444021
1.24375
0.445
0.98
0.125
1.2
0.715
0.98
0.385
1.25
0.39
-0.51
0.8975
-0.9125
2.425
-0.7725
2.72416
-0.750063
-0.505
0.01
-0.705
0.21
-0.505
0.81
-0.305
0.81
0.295
0.81
0.495
0.81
0.695
0.21
0.595
0.11
0.495
0.01
2.465
-0.765
0.574282
2
1.555
-0.7525
0.56921
1.5
0.755
-0.33
0.515461
1.2
-0.005
0.41
0.7
1
-0.485
1.01
0.411461
0.5
0.455
1.03
0.404969
0.5
0
-0.005
-0.99
-0.005
0.41
-0.875
-0.09
-0.415
0.96
-0.705
1.17
-0.155
0.96
-0.444021
1.24375
0.445
0.98
0.125
1.2
0.715
0.98
0.385
1.25
0.445
-0.5
0.94
-0.945
2.385
-0.805
2.68416
-0.782563
-0.505
0.01
-0.705
0.21
-0.505
0.81
-0.305
0.81
0.295
0.81
0.495
0.81
0.695
0.21
0.595
0.11
0.495
0.01
2.425
-0.81
0.574282
2
1.505
-0.775
0.56921
1.5
0.755
-0.33
0.515461
1.2
-0.005
0.41
0.7
1
-0.485
1.01
0.411461
0.5
0.455
1.03
0.404969
0.5
0
-0.005
-0.99
-0.005
0.41
-0.875
-0.09
-0.415
0.96
-0.705
1.17
-0.155
0.96
-0.444021
1.24375
0.445
0.98
0.125
1.2
0.715
0.98
0.385
1.25
0.5
-0.49
0.9825
-0.9775
2.345
-0.8375
2.64416
-0.815063
-0.505
0.01
-0.705
0.21
-0.505
0.81
-0.305
0.81
0.295
0.81
0.495
0.81
0.695
0.21
0.595
0.11
0.495
0.01
2.385
-0.855
0.574282
2
1.455
-0.7975
0.56921
1.5
0.755
-0.33
0.515461
1.2
-0.005
0.41
0.7
1
-0.485
1.01
0.411461
0.5
0.455
1.03
0.404969
0.5
0
-0.005
-0.99
-0.005
0.41
-0.875
-0.09
-0.415
0.96
-0.705
1.17
-0.155
0.96
-0.444021
1.24375
0.445
0.98
0.125
1.2
0.715
0.98
0.385
1.25
0.555
-0.48
1.025
-1.01
2.305
-0.87
2.60416
-0.847563
-0.505
0.01
-0.705
0.21
-0.505
0.81
-0.305
0.81
0.295
0.81
0.495
0.81
0.695
0.21
0.595
0.11
0.495
0.01
2.345
-0.9
0.574282
2
1.405
-0.82
0.486004
1.5
0.755
-0.33
0.481041
1.2
-0.005
0.41
0.7
1
-0.485
1.01
0.411461
0.5
0.455
1.03
0.404969
0.5
0
-0.005
-0.99
-0.005
0.41
-0.875
-0.09
-0.415
0.96
-0.705
1.17
-0.155
0.96
-0.444021
1.24375
0.445
0.98
0.125
1.2
0.715
0.98
0.385
1.25
0.5625
-0.4775
1.0575
-1.035
2.27
-0.9225
2.56916
-0.900063
-0.505
0.01
-0.705
0.21
-0.505
0.81
-0.305
0.81
0.295
0.81
0.495
0.81
0.695
0.21
0.595
0.11
0.495
0.01
2.3225
-0.9425
0.574282
2
1.375
-0.82
0.486004
1.5
0.755
-0.33
0.481041
1.2
-0.005
0.41
0.7
1
-0.485
1.01
0.411461
0.5
0.455
1.03
0.404969
0.5
0
-0.005
-0.99
-0.005
0.41
-0.875
-0.09
-0.415
0.96
-0.705
1.17
-0.155
0.96
-0.444021
1.24375
0.445
0.98
0.125
1.2
0.715
0.98
0.385
1.25
0.57
-0.475
1.09
-1.06
2.235
-0.975
2.53416
-0.952563
-0.505
0.01
-0.705
0.21
-0.505
0.81
-0.305
0.81
0.295
0.81
0.495
0.81
0.695
0.21
0.595
0.11
0.495
0.01
2.3
-0.985
0.574282
2
1.345
-0.82
0.486004
1.5
0.755
-0.33
0.481041
1.2
-0.005
0.41
0.7
1
-0.485
1.01
0.411461
0.5
0.455
1.03
0.404969
0.5
0
-0.005
-0.99
-0.005
0.41
-0.875
-0.09
-0.415
0.96
-0.705
1.17
-0.155
0.96
-0.444021
1.24375
0.445
0.98
0.125
1.2
0.715
0.98
0.38
1.235
0.5775
-0.4725
1.1225
-1.085
2.2
-1.0275
2.49916
-1.00506
-0.505
0.01
-0.705
0.21
-0.505
0.81
-0.305
0.81
0.295
0.81
0.495
0.81
0.695
0.21
0.595
0.11
0.495
0.01
2.2775
-1.0275
0.574282
2
1.315
-0.82
0.486004
1.5
0.755
-0.33
0.481041
1.2
-0.005
0.41
0.7
1
-0.485
1.01
0.411461
0.5
0.455
1.03
0.404969
0.5
0
-0.005
-0.99
-0.005
0.41
-0.875
-0.09
-0.415
0.96
-0.705
1.17
-0.155
0.96
-0.444021
1.24375
0.445
0.98
0.125
1.2
0.715
0.98
0.375
1.22
0.585
-0.47
1.155
-1.11
2.165
-1.08
2.46416
-1.05756
-0.505
0.01
-0.705
0.21
-0.505
0.81
-0.305
0.81
0.295
0.81
0.495
0.81
0.695
0.21
0.595
0.11
0.495
0.01
2.255
-1.07
0.574282
2
1.285
-0.82
0.486004
1.5
0.755
-0.33
0.481041
1.2
-0.005
0.41
0.7
1
-0.485
1.01
0.411461
0.5
0.455
1.03
0.404969
0.5
0
-0.005
-0.99
-0.005
0.41
-0.875
-0.09
-0.415
0.96
-0.705
1.17
-0.155
0.96
-0.444021
1.24375
0.445
0.98
0.125
1.2
0.715
0.98
0.3775
1.2275
0.605
-0.4625
1.1425
-1.125
2.1025
-1.135
2.40185
-1.11658
-0.505
0.01
-0.705
0.21
-0.505
0.81
-0.305
0.81
0.295
0.81
0.495
0.81
0.695
0.21
0.595
0.11
0.495
0.01
2.1825
-1.1275
0.574282
2
1.255
-0.85
0.486004
1.5
0.745
-0.3125
0.481041
1.2
-0.005
0.41
0.7
1
-0.485
1.01
0.411461
0.5
0.455
1.03
0.404969
0.5
0
-0.005
-0.99
-0.005
0.41
-0.875
-0.09
-0.415
0.96
-0.705
1.17
-0.155
0.96
-0.444021
1.24375
0.445
0.98
0.125
1.2
0.715
0.98
0.38
1.235
0.625
-0.455
1.13
-1.14
2.04
-1.19
2.33955
-1.17559
-0.505
0.01
-0.705
0.21
-0.505
0.81
-0.305
0.81
0.295
0.81
0.495
0.81
0.695
0.21
0.595
0.11
0.495
0.01
2.11
-1.185
0.574282
2
1.225
-0.88
0.486004
1.5
0.735
-0.295
0.481041
1.2
-0.005
0.41
0.7
1
-0.485
1.01
0.411461
0.5
0.455
1.03
0.404969
0.5
0
-0.005
-0.99
-0.005
0.41
-0.875
-0.09
-0.415
0.96
-0.705
1.17
-0.155
0.96
-0.444021
1.24375
0.445
0.98
0.125
1.2
0.715
0.98
0.3825
1.2425
0.645
-0.4475
1.1175
-1.155
1.9775
-1.245
2.27724
-1.2346
-0.505
0.01
-0.705
0.21
-0.505
0.81
-0.305
0.81
0.295
0.81
0.495
0.81
0.695
0.21
0.595
0.11
0.495
0.01
2.0375
-1.2425
0.574282
2
1.195
-0.91
0.486004
1.5
0.725
-0.2775
0.481041
1.2
-0.005
0.41
0.7
1
-0.485
1.01
0.411461
0.5
0.455
1.03
0.404969
0.5
0
-0.005
-0.99
-0.005
0.41
-0.875
-0.09
-0.415
0.96
-0.705
1.17
-0.155
0.96
-0.444021
1.24375
0.445
0.98
0.125
1.2
0.715
0.98
0.385
1.25
0.665
-0.44
1.105
-1.17
1.915
-1.3
2.21493
-1.29362
-0.505
0.01
-0.705
0.21
-0.505
0.81
-0.305
0.81
0.295
0.81
0.495
0.81
0.695
0.21
0.595
0.11
0.495
0.01
1.965
-1.3
0.546717
2
1.165
-0.94
0.406079
1.5
0.715
-0.26
0.4272
1.2
-0.005
0.41
0.7
1
-0.485
1.01
0.411461
0.5
0.455
1.03
0.404969
0.5
0
-0.005
-0.99
-0.005
0.41
-0.875
-0.09
-0.415
0.96
-0.705
1.17
-0.155
0.96
-0.444021
1.24375
0.445
0.98
0.125
1.2
0.715
0.98
0.385
1.25
0.665
-0.44
1.105
-1.17
1.845
-1.33
2.14493
-1.32362
-0.505
0.01
-0.705
0.21
-0.505
0.81
-0.305
0.81
0.295
0.81
0.495
0.81
0.695
0.21
0.595
0.11
0.495
0.01
1.91
-1.325
0.546717
2
1.1325
-0.935
0.406079
1.5
0.715
-0.26
0.4272
1.2
-0.005
0.41
0.7
1
-0.485
1.01
0.411461
0.5
0.455
1.03
0.404969
0.5
0
-0.005
-0.99
-0.005
0.41
-0.875
-0.09
-0.415
0.96
-0.705
1.17
-0.155
0.96
-0.444021
1.24375
0.445
0.98
0.125
1.2
0.715
0.98
0.385
1.25
0.665
-0.44
1.105
-1.17
1.775
-1.36
2.07493
-1.35362
-0.505
0.01
-0.705
0.21
-0.505
0.81
-0.305
0.81
0.295
0.81
0.495
0.81
0.695
0.21
0.595
0.11
0.495
0.01
1.855
-1.35
0.546717
2
1.1
-0.93
0.406079
1.5
0.715
-0.26
0.4272
1.2
-0.005
0.41
0.7
1
-0.485
1.01
0.411461
0.5
0.455
1.03
0.404969
0.5
0
-0.005
-0.99
-0.005
0.41
-0.875
-0.09
-0.415
0.96
-0.705
1.17
-0.155
0.96
-0.444021
1.24375
0.445
0.98
0.125
1.2
0.715
0.98
0.385
1.25
0.665
-0.44
1.105
-1.17
1.705
-1.39
2.00493
-1.38362
-0.505
0.01
-0.705
0.21
-0.505
0.81
-0.305
0.81
0.295
0.81
0.495
0.81
0.695
0.21
0.595
0.11
0.495
0.01
1.8
-1.375
0.546717
2
1.0675
-0.925
0.406079
1.5
0.715
-0.26
0.4272
1.2
-0.005
0.41
0.7
1
-0.485
1.01
0.411461
0.5
0.455
1.03
0.404969
0.5
0
-0.005
-0.99
-0.005
0.41
-0.875
-0.09
-0.415
0.96
-0.705
1.17
-0.155
0.96
-0.444021
1.24375
0.445
0.98
0.125
1.2
0.715
0.98
0.385
1.25
0.665
-0.44
1.105
-1.17
1.635
-1.42
1.93493
-1.41362
-0.505
0.01
-0.705
0.21
-0.505
0.81
-0.305
0.81
0.295
0.81
0.495
0.81
0.695
0.21
0.595
0.11
0.495
0.01
1.745
-1.4
0.546717
2
1.035
-0.92
0.406079
1.5
0.715
-0.26
0.4272
1.2
-0.005
0.41
0.7
1
-0.485
1.01
0.411461
0.5
0.455
1.03
0.404969
0.5
0
-0.005
-0.99
-0.005
0.41
-0.875
-0.09
-0.415
0.96
-0.705
1.17
-0.155
0.96
-0.444021
1.24375
0.445
0.98
0.125
1.2
0.715
0.98
0.385
1.25
0.6175
-0.4875
0.94
-1.2
1.5125
-1.445
1.81243
-1.43874
-0.505
0.01
-0.705
0.21
-0.505
0.81
-0.305
0.81
0.295
0.81
0.495
0.81
0.695
0.21
0.595
0.11
0.495
0.01
1.6475
-1.4475
0.546717
2
1.0075
-0.91
0.406079
1.5
0.715
-0.245
0.4272
1.2
-0.005
0.41
0.7
1
-0.4475
1.1025
0.411461
0.5
0.46
1.12
0.404969
0.5
0
-0.005
-0.99
-0.005
0.41
-0.875
-0.09
-0.415
0.96
-0.705
1.17
-0.155
0.96
-0.444021
1.24375
0.445
0.98
0.125
1.2
0.715
0.98
0.385
1.25
0.57
-0.535
0.775
-1.23
1.39
-1.47
1.68994
-1.46387
-0.505
0.01
-0.705
0.21
-0.505
0.81
-0.305
0.81
0.295
0.81
0.495
0.81
0.695
0.21
0.595
0.11
0.495
0.01
1.55
-1.495
0.546717
2
0.98
-0.9
0.406079
1.5
0.715
-0.23
0.4272
1.2
-0.005
0.41
0.7
1
-0.41
1.195
0.411461
0.5
0.465
1.21
0.404969
0.5
0
-0.005
-0.99
-0.005
0.41
-0.875
-0.09
-0.415
0.96
-0.705
1.17
-0.155
0.96
-0.444021
1.24375
0.445
0.98
0.125
1.2
0.715
0.98
0.385
1.25
0.5225
-0.5825
0.61
-1.26
1.2675
-1.495
1.56744
-1.48899
-0.505
0.01
-0.705
0.21
-0.505
0.81
-0.305
0.81
0.295
0.81
0.495
0.81
0.695
0.21
0.595
0.11
0.495
0.01
1.4525
-1.5425
0.546717
2
0.9525
-0.89
0.406079
1.5
0.715
-0.215
0.4272
1.2
-0.005
0.41
0.7
1
-0.3725
1.2875
0.411461
0.5
0.47
1.3
0.404969
0.5
0
-0.005
-0.99
-0.005
0.41
-0.875
-0.09
-0.415
0.96
-0.705
1.17
-0.155
0.96
-0.444021
1.24375
0.445
0.98
0.125
1.2
0.715
0.98
0.385
1.25
0.475
-0.63
0.445
-1.29
1.145
-1.52
1.44494
-1.51412
-0.505
0.01
-0.705
0.21
-0.505
0.81
-0.305
0.81
0.295
0.81
0.495
0.81
0.695
0.21
0.595
0.11
0.495
0.01
1.355
-1.59
0.456946
2
0.925
-0.88
0.39
1.5
0.715
-0.2
0.358469
1.2
-0.005
0.41
0.7
1
-0.335
1.38
0.411461
0.5
0.475
1.39
0.404969
0.5
0
