40
10
15
9
6
-0.005
-0.99
-0.005
0.41
-0.875
-0.09
-0.415
0.96
-0.705
1.17
-0.155
0.96
-0.444021
1.24375
0.445
0.98
0.125
1.2
0.715
0.98
0.375
1.25
0.475
-0.63
0.445
-1.29
1.145
-1.52
1.44494
-1.51412
-0.505
0.01
-0.705
0.21
-0.505
0.81
-0.305
0.81
0.295
0.81
0.495
0.81
0.695
0.21
0.595
0.11
0.495
0.01
1.295
-1.54
0.456946
2
0.645
-1.07
0.451774
1.5
0.575
-0.26
0.380789
1.2
-0.005
0.41
0.7
1
-0.465
0.98
0.411461
0.5
0.445
0.97
0.404969
0.5
0
-0.005
-0.99
-0.005
0.41
-0.875
-0.09
-0.3925
0.955
-0.7025
1.135
-0.1325
0.95
-0.439266
1.22031
0.455
0.9625
0.135
1.155
0.7225
0.9625
0.3675
1.2175
0.4475
-0.63
0.53
-1.3225
1.2575
-1.435
1.54245
-1.38559
-0.505
0.01
-0.705
0.21
-0.505
0.81
-0.305
0.81
0.295
0.81
0.495
0.81
0.695
0.21
0.595
0.11
0.495
0.01
1.375
-1.42
0.456946
2
0.725
-1.09
0.39
1.5
0.595
-0.34
0.398121
1.2
-0.005
0.41
0.7
1
-0.445
1.04
0.411461
0.5
0.445
0.97
0.404969
0.5
0
-0.005
-0.99
-0.005
0.41
-0.875
-0.09
-0.37
0.95
-0.7
1.1
-0.11
0.94
-0.43451
1.19687
0.465
0.945
0.145
1.11
0.73
0.945
0.36
1.185
0.42
-0.63
0.615
-1.355
1.37
-1.35
1.63997
-1.25706
-0.505
0.01
-0.705
0.21
-0.505
0.81
-0.305
0.81
0.295
0.81
0.495
0.81
0.695
0.21
0.595
0.11
0.495
0.01
1.435
-1.32
0.456946
2
0.725
-1.05
0.396611
1.5
0.585
-0.35
0.336155
1.2
-0.005
0.41
0.7
1
-0.455
0.96
0.411461
0.5
0.445
0.96
0.404969
0.5
0
-0.005
-0.99
-0.005
0.41
-0.875
-0.09
-0.3475
0.945
-0.6975
1.065
-0.0875
0.93
-0.429755
1.17344
0.475
0.9275
0.155
1.065
0.7375
0.9275
0.3525
1.1525
0.3925
-0.63
0.7
-1.3875
1.4825
-1.265
1.73749
-1.12853
-0.505
0.01
-0.705
0.21
-0.505
0.81
-0.305
0.81
0.295
0.81
0.495
0.81
0.695
0.21
0.595
0.11
0.495
0.01
1.535
-1.19
0.456946
2
0.735
-0.98
0.39
1.5
0.585
-0.32
0.358469
1.2
-0.005
0.41
0.7
1
-0.435
0.89
0.411461
0.5
0.465
0.93
0.404969
0.5
0
-0.005
-0.99
-0.005
0.41
-0.875
-0.09
-0.385
0.9
-0.705
0.98
-0.065
0.92
-0.465
1.05
0.485
0.91
0.165
1.02
0.745
0.91
0.345
1.12
0.365
-0.63
0.785
-1.42
1.595
-1.18
1.835
-1
-0.505
0.01
-0.705
0.21
-0.505
0.81
-0.305
0.81
0.295
0.81
0.495
0.81
0.695
0.21
0.595
0.11
0.495
0.01
1.635
-1.16
0.506952
2
0.815
-1
0.39
1.5
0.585
-0.38
0.417732
1.2
-0.005
0.41
0.7
1
-0.415
0.88
0.411461
0.5
0.465
0.92
0.404969
0.5
0
-0.005
-0.99
-0.005
0.41
-0.875
-0.09
-0.385
0.9
-0.705
0.98
-0.065
0.92
-0.465
1.05
0.485
0.91
0.165
1.02
0.745
0.91
0.325
1.11
0.435
-0.59
0.815
-1.29
1.545
-1.46
1.84389
-1.48577
-0.505
0.01
-0.705
0.21
-0.505
0.81
-0.305
0.81
0.295
0.81
0.495
0.81
0.695
0.21
0.595
0.11
0.495
0.01
1.585
-1.46
0.54037
2
0.855
-0.96
0.451885
1.5
0.565
-0.26
0.358469
1.2
-0.005
0.41
0.7
1
-0.445
0.9
0.411461
0.5
0.455
0.93
0.404969
0.5
0
-0.005
-0.99
-0.005
0.41
-0.875
-0.09
-0.385
0.9
-0.705
0.98
-0.065
0.92
-0.465
1.05
0.485
0.91
0.165
1.02
0.745
0.91
0.335
1.115
0.535
-0.57
0.84
-1.28
1.38
-1.665
1.61767
-1.79919
-0.505
0.01
-0.705
0.21
-0.505
0.81
-0.305
0.81
0.295
0.81
0.495
0.81
0.695
0.21
0.595
0.11
0.495
0.01
1.445
-1.705
0.54037
2
0.84
-1.02
0.451885
1.5
0.62
-0.275
0.358469
1.2
-0.005
0.41
0.7
1
-0.445
0.9
0.411461
0.5
0.455
0.93
0.404969
0.5
0
-0.005
-0.99
-0.005
0.41
-0.875
-0.09
-0.385
0.9
-0.705
0.98
-0.065
0.92
-0.465
1.05
0.485
0.91
0.165
1.02
0.745
0.91
0.345
1.12
0.635
-0.55
0.865
-1.27
1.215
-1.87
1.39145
-2.11262
-0.505
0.01
-0.705
0.21
-0.505
0.81
-0.305
0.81
0.295
0.81
0.495
0.81
0.695
0.21
0.595
0.11
0.495
0.01
1.305
-1.95
0.54037
2
0.825
-1.08
0.451885
1.5
0.675
-0.29
0.394588
1.2
-0.005
0.41
0.7
1
-0.445
0.9
0.411461
0.5
0.455
0.93
0.404969
0.5
0
-0.005
-0.99
-0.005
0.41
-0.875
-0.09
-0.385
0.9
-0.705
0.98
-0.065
0.92
-0.465
1.05
0.485
0.91
0.165
1.02
0.745
0.91
0.345
1.12
0.685
-0.49
0.845
-1.35
0.985
-1.97
1.08252
-2.25371
-0.505
0.01
-0.705
0.21
-0.505
0.81
-0.305
0.81
0.295
0.81
0.495
0.81
0.695
0.21
0.595
0.11
0.495
0.01
1.045
-2
0.54037
2
0.825
-1.08
0.451885
1.5
0.675
-0.29
0.394588
1.2
-0.005
0.41
0.7
1
-0.445
0.9
0.411461
0.5
0.455
0.93
0.404969
0.5
1
1.035
-2.31
0.756637
-0.196116
-0.980581
1.2
0.3
1
0
-0.005
-0.99
-0.005
0.41
-0.875
-0.09
-0.385
0.9
-0.705
0.98
-0.065
0.92
-0.465
1.05
0.485
0.91
0.165
1.02
0.745
0.91
0.345
1.12
0.805
-0.48
0.895
-1.35
0.625
-2.01
0.532274
-2.29531
-0.505
0.01
-0.705
0.21
-0.505
0.81
-0.305
0.81
0.295
0.81
0.495
0.81
0.695
0.21
0.595
0.11
0.495
0.01
0.585
-2.16
0.530377
2
0.805
-1.26
0.451885
1.5
0.685
-0.39
0.485077
1.2
-0.005
0.41
0.7
1
-0.445
0.9
0.411461
0.5
0.455
0.93
0.404969
0.5
1
0.565
-2.34
0.756637
-0.196116
-0.980581
1.2
0.3
1
0
-0.005
-0.99
-0.005
0.41
-0.875
-0.09
-0.385
0.9
-0.705
0.98
-0.065
0.92
-0.465
1.05
0.485
0.91
0.165
1.02
0.745
0.91
0.345
1.12
0.805
-0.48
0.825
-1.34
0.105
-1.98
-0.132217
-2.16365
-0.505
0.01
-0.705
0.21
-0.505
0.81
-0.305
0.81
0.295
0.81
0.495
0.81
0.695
0.21
0.595
0.11
0.495
0.01
0.015
-2.03
0.530377
2
0.575
-1.28
0.451885
1.5
0.725
-0.41
0.485077
1.2
-0.005
0.41
0.7
1
-0.445
0.9
0.411461
0.5
0.455
0.93
0.404969
0.5
1
-0.215
-2.2
0.756637
-0.196116
-0.980581
1.2
0.3
1
0
-0.005
-0.99
-0.005
0.41
-0.875
-0.09
-0.385
0.9
-0.705
0.98
-0.065
0.92
-0.465
1.05
0.485
0.91
0.165
1.02
0.745
0.91
0.345
1.12
0.725
-0.44
0.645
-1.36
-0.535
-1.92
-0.810357
-2.03907
-0.505
0.01
-0.705
0.21
-0.505
0.81
-0.305
0.81
0.295
0.81
0.495
0.81
0.695
0.21
0.595
0.11
0.495
0.01
-0.665
-1.95
0.530377
2
0.205
-1.34
0.560089
1.5
0.605
-0.4
0.544518
1.2
-0.005
0.41
0.7
1
-0.445
0.9
0.411461
0.5
0.455
0.93
0.404969
0.5
1
-0.825
-2.05
0.756637
-0.196116
-0.980581
1.2
0.3
1
0
-0.005
-0.99
-0.005
0.41
-0.875
-0.09
-0.385
0.9
-0.705
0.98
-0.065
0.92
-0.465
1.05
0.485
0.91
0.165
1.02
0.745
0.91
0.345
1.12
0.725
-0.44
0.645
-1.36
-0.765
-1.83
-1.05555
-1.90471
-0.505
0.01
-0.705
0.21
-0.505
0.81
-0.305
0.81
0.295
0.81
0.495
0.81
0.695
0.21
0.595
0.11
0.495
0.01
-0.875
-1.87
0.6
2
0.085
-1.31
0.560089
1.5
0.605
-0.4
0.544518
1.2
-0.005
0.41
0.7
1
-0.445
0.9
0.411461
0.5
0.455
0.93
0.404969
0.5
0
-0.005
-0.99
-0.005
0.41
-0.875
-0.09
-0.385
0.9
-0.705
0.98
-0.065
0.92
-0.465
1.05
0.485
0.91
0.165
1.02
0.745
0.91
0.345
1.12
0.725
-0.46
0.585
-1.37
-0.81
-1.755
-1.10344
-1.81575
-0.505
0.01
-0.705
0.21
-0.505
0.81
-0.305
0.81
0.295
0.81
0.495
0.81
0.695
0.21
0.595
0.11
0.495
0.01
-0.88
-1.77
0.6
2
0.075
-1.285
0.560089
1.5
0.605
-0.4
0.544518
1.2
-0.005
0.41
0.7
1
-0.445
0.9
0.411461
0.5
0.455
0.93
0.404969
0.5
0
-0.005
-0.99
-0.005
0.41
-0.875
-0.09
-0.385
0.9
-0.705
0.98
-0.065
0.92
-0.465
1.05
0.485
0.91
0.165
1.02
0.745
0.91
0.345
1.12
0.725
-0.48
0.525
-1.38
-0.855
-1.68
-1.15133
-1.72679
-0.505
0.01
-0.705
0.21
-0.505
0.81
-0.305
0.81
0.295
0.81
0.495
0.81
0.695
0.21
0.595
0.11
0.495
0.01
-0.885
-1.67
0.6
2
0.065
-1.26
0.560089
1.5
0.605
-0.4
0.544518
1.2
-0.005
0.41
0.7
1
-0.445
0.9
0.411461
0.5
0.455
0.93
0.404969
0.5
0
-0.005
-0.99
-0.005
0.41
-0.875
-0.09
-0.385
0.9
-0.705
0.98
-0.065
0.92
-0.465
1.05
0.485
0.91
0.165
1.02
0.745
0.91
0.345
1.12
0.725
-0.48
0.525
-1.4
-0.79
-1.585
-1.08719
-1.62543
-0.505
0.01
-0.705
0.21
-0.505
0.81
-0.305
0.81
0.295
0.81
0.495
0.81
0.695
0.21
0.595
0.11
0.495
0.01
-0.875
-1.59
0.6
2
0.08
-1.235
0.560089
1.5
0.605
-0.4
0.544518
1.2
-0.005
0.41
0.7
1
-0.445
0.9
0.411461
0.5
0.455
0.93
0.404969
0.5
0
-0.005
-0.99
-0.005
0.41
-0.875
-0.09
-0.385
0.9
-0.705
0.98
-0.065
0.92
-0.465
1.05
0.485
0.91
0.165
1.02
0.745
0.91
0.345
1.12
0.725
-0.48
0.525
-1.42
-0.725
-1.49
-1.02306
-1.52406
-0.505
0.01
-0.705
0.21
-0.505
0.81
-0.305
0.81
0.295
0.81
0.495
0.81
0.695
0.21
0.595
0.11
0.495
0.01
-0.865
-1.51
0.566392
2
0.095
-1.21
0.509608
1.5
0.605
-0.4
0.472652
1.2
-0.005
0.41
0.7
1
-0.445
0.9
0.411461
0.5
0.455
0.93
0.404969
0.5
0
-0.005
-0.99
-0.005
0.41
-0.875
-0.09
-0.385
0.9
-0.705
0.98
-0.065
0.92
-0.465
1.05
0.485
0.91
0.165
1.02
0.745
0.91
0.345
1.12
0.775
-0.49
0.545
-1.42
-0.585
-1.44
-0.883961
-1.46158
-0.505
0.01
-0.705
0.21
-0.505
0.81
-0.305
0.81
0.295
0.81
0.495
0.81
0.695
0.21
0.595
0.11
0.495
0.01
-0.71
-1.46
0.566392
2
0.195
-1.155
0.509608
1.5
0.64
-0.325
0.472652
1.2
-0.005
0.41
0.7
1
-0.445
0.9
0.411461
0.5
0.455
0.93
0.404969
0.5
0
-0.005
-0.99
-0.005
0.41
-0.875
-0.09
-0.385
0.9
-0.705
0.98
-0.065
0.92
-0.465
1.05
0.485
0.91
0.165
1.02
0.745
0.91
0.345
1.12
0.8
-0.495
0.555
-1.42
-0.515
-1.415
-0.814412
-1.43033
-0.505
0.01
-0.705
0.21
-0.505
0.81
-0.305
0.81
0.295
0.81
0.495
0.81
0.695
0.21
0.595
0.11
0.495
0.01
-0.6325
-1.435
0.566392
2
0.245
-1.1275
0.509608
1.5
0.6575
-0.2875
0.472652
1.2
-0.005
0.41
0.7
1
-0.445
0.9
0.411461
0.5
0.455
0.93
0.404969
0.5
0
-0.005
-0.99
-0.005
0.41
-0.875
-0.09
-0.385
0.9
-0.705
0.98
-0.065
0.92
-0.465
1.05
0.485
0.91
0.165
1.02
0.745
0.91
0.345
1.12
0.825
-0.5
0.565
-1.42
-0.445
-1.39
-0.744862
-1.39909
-0.505
0.01
-0.705
0.21
-0.505
0.81
-0.305
0.81
0.295
0.81
0.495
0.81
0.695
0.21
0.595
0.11
0.495
0.01
-0.555
-1.41
0.466691
2
0.295
-1.1
0.504876
1.5
0.675
-0.25
0.490917
1.2
-0.005
0.41
0.7
1
-0.445
0.9
0.411461
0.5
0.455
0.93
0.404969
0.5
0
-0.005
-0.99
-0.005
0.41
-0.875
-0.09
-0.385
0.9
-0.705
0.98
-0.065
0.92
-0.465
1.05
0.485
0.91
0.165
1.02
0.745
0.91
0.345
1.12
0.825
-0.5
0.565
-1.42
-0.355
-1.4
-0.654819
-1.41022
-0.505
0.01
-0.705
0.21
-0.505
0.81
-0.305
0.81
0.295
0.81
0.495
0.81
0.695
0.21
0.595
0.11
0.495
0.01
-0.4775
-1.4175
0.466691
2
0.34
-1.09
0.504876
1.5
0.675
-0.25
0.490917
1.2
-0.005
0.41
0.7
1
-0.445
0.9
0.411461
0.5
0.455
0.93
0.404969
0.5
0
-0.005
-0.99
-0.005
0.41
-0.875
-0.09
-0.385
0.9
-0.705
0.98
-0.065
0.92
-0.465
1.05
0.485
0.91
0.165
1.02
0.745
0.91
0.345
1.12
0.825
-0.5
0.565
-1.42
-0.265
-1.41
-0.564776
-1.42135
-0.505
0.01
-0.705
0.21
-0.505
0.81
-0.305
0.81
0.295
0.81
0.495
0.81
0.695
0.21
0.595
0.11
0.495
0.01
-0.4
-1.425
0.466691
2
0.385
-1.08
0.504876
1.5
0.675
-0.25
0.490917
1.2
-0.005
0.41
0.7
1
-0.445
0.9
0.411461
0.5
0.455
0.93
0.404969
0.5
0
-0.005
-0.99
-0.005
0.41
-0.875
-0.09
-0.385
0.9
-0.705
0.98
-0.065
0.92
-0.465
1.05
0.485
0.91
0.165
1.02
0.745
0.91
0.345
1.12
0.825
-0.5
0.565
-1.42
-0.175
-1.42
-0.474733
-1.43249
-0.505
0.01
-0.705
0.21
-0.505
0.81
-0.305
0.81
0.295
0.81
0.495
0.81
0.695
0.21
0.595
0.11
0.495
0.01
-0.3225
-1.4325
0.466691
2
0.43
-1.07
0.504876
1.5
0.675
-0.25
0.490917
1.2
-0.005
0.41
0.7
1
-0.445
0.9
0.411461
0.5
0.455
0.93
0.404969
0.5
0
-0.005
-0.99
-0.005
0.41
-0.875
-0.09
-0.385
0.9
-0.705
0.98
-0.065
0.92
-0.465
1.05
0.485
0.91
0.165
1.02
0.745
0.91
0.345
1.12
0.825
-0.5
0.565
-1.42
-0.085
-1.43
-0.384691
-1.44362
-0.505
0.01
-0.705
0.21
-0.505
0.81
-0.305
0.81
0.295
0.81
0.495
0.81
0.695
0.21
0.595
0.11
0.495
0.01
-0.245
-1.44
0.466691
2
0.475
-1.06
0.422966
1.5
0.675
-0.25
0.400125
1.2
-0.005
0.41
0.7
1
-0.445
0.9
0.411461
0.5
0.455
0.93
0.404969
0.5
0
-0.005
-0.99
-0.005
0.41
-0.875
-0.09
-0.385
0.9
-0.705
0.98
-0.065
0.92
-0.465
1.05
0.485
0.91
0.165
1.02
0.745
0.91
0.345
1.12
0.795
-0.49
0.615
-1.35
0.05
-1.48
-0.238143
-1.5449
-0.505
0.01
-0.705
0.21
-0.505
0.81
-0.305
0.81
0.295
0.81
0.495
0.81
0.695
0.21
0.595
0.11
0.495
0.01
-0.095
-1.51
0.466691
2
0.51
-0.995
0.422966
1.5
0.675
-0.25
0.400125
1.2
-0.005
0.41
0.7
1
-0.445
0.9
0.411461
0.5
0.455
0.93
0.404969
0.5
0
-0.005
-0.99
-0.005
0.41
-0.875
-0.09
-0.385
0.9
-0.705
0.98
-0.065
0.92
-0.465
1.05
0.485
0.91
0.165
1.02
0.745
0.91
0.345
1.12
0.765
-0.48
0.665
-1.28
0.185
-1.53
-0.0915947
-1.64617
-0.505
0.01
-0.705
0.21
-0.505
0.81
-0.305
0.81
0.295
0.81
0.495
0.81
0.695
0.21
0.595
0.11
0.495
0.01
0.055
-1.58
0.466691
2
0.545
-0.93
0.422966
1.5
0.675
-0.25
0.400125
1.2
-0.005
0.41
0.7
1
-0.445
0.9
0.411461
0.5
0.455
0.93
0.404969
0.5
0
-0.005
-0.99
-0.005
0.41
-0.875
-0.09
-0.385
0.9
-0.705
0.98
-0.065
0.92
-0.465
1.05
0.485
0.91
0.165
1.02
0.745
0.91
0.345
1.12
0.765
-0.48
0.6575
-1.255
0.255
-1.5675
0.00255401
-1.71463
-0.505
0.01
-0.705
0.21
-0.505
0.81
-0.305
0.81
0.295
0.81
0.495
0.81
0.695
0.21
0.595
0.11
0.495
0.01
0.125
-1.635
0.466691
2
0.565
-0.94
0.422966
1.5
0.675
-0.25
0.400125
1.2
-0.005
0.41
0.7
1
-0.445
0.9
0.411461
0.5
0.455
0.93
0.404969
0.5
0
-0.005
-0.99
-0.005
0.41
-0.875
-0.09
-0.385
0.9
-0.705
0.98
-0.065
0.92
-0.465
1.05
0.485
0.91
0.165
1.02
0.745
0.91
0.345
1.12
0.765
-0.48
0.65
-1.23
0.325
-1.605
0.0967027
-1.78308
-0.505
0.01
-0.705
0.21
-0.505
0.81
-0.305
0.81
0.295
0.81
0.495
0.81
0.695
0.21
0.595
0.11
0.495
0.01
0.195
-1.69
0.466691
2
0.585
-0.95
0.422966
1.5
0.675
-0.25
0.400125
1.2
-0.005
0.41
0.7
1
-0.445
0.9
0.411461
0.5
0.455
0.93
0.404969
0.5
0
-0.005
-0.99
-0.005
0.41
-0.875
-0.09
-0.385
0.9
-0.705
0.98
-0.065
0.92
-0.465
1.05
0.485
0.91
0.165
1.02
0.745
0.91
0.345
1.12
0.765
-0.48
0.635
-1.18
0.465
-1.68
0.285
-1.92
-0.505
0.01
-0.705
0.21
-0.505
0.81
-0.305
0.81
0.295
0.81
0.495
0.81
0.695
0.21
0.595
0.11
0.495
0.01
0.335
-1.8
0.510392
2
0.625
-0.97
0.422966
1.5
0.675
-0.25
0.400125
1.2
-0.005
0.41
0.7
1
-0.445
0.9
0.411461
0.5
0.455
0.93
0.404969
0.5
0
-0.005
-0.99
-0.005
0.41
-0.875
-0.09
-0.385
0.9
-0.705
0.98
-0.065
0.92
-0.465
1.05
0.485
0.91
0.165
1.02
0.745
0.91
0.345
1.12
0.7525
-0.4725
0.6375
-1.1825
0.5325
-1.675
0.404092
-1.92971
-0.505
0.01
-0.705
0.21
-0.505
0.81
-0.305
0.81
0.295
0.81
0.495
0.81
0.695
0.21
0.595
0.11
0.495
0.01
0.43
-1.795
0.510392
2
0.625
-0.97
0.422966
1.5
0.6625
-0.25
0.400125
1.2
-0.005
0.41
0.7
1
-0.445
0.9
0.411461
0.5
0.455
0.93
0.404969
0.5
0
-0.005
-0.99
-0.005
0.41
-0.875
-0.09
-0.385
0.9
-0.705
0.98
-0.065
0.92
-0.465
1.05
0.485
0.91
0.165
1.02
0.745
0.91
0.345
1.12
0.7275
-0.4575
0.6425
-1.1875
0.6675
-1.665
0.642276
-1.94913
-0.505
0.01
-0.705
0.21
-0.505
0.81
-0.305
0.81
0.295
0.81
0.495
0.81
0.695
0.21
0.595
0.11
0.495
0.01
0.62
-1.785
0.510392
2
0.625
-0.97
0.422966
1.5
0.6375
-0.25
0.400125
1.2
-0.005
0.41
0.7
1
-0.445
0.9
0.411461
0.5
0.455
0.93
0.404969
0.5
0
-0.005
-0.99
-0.005
0.41
-0.875
-0.09
-0.385
0.9
-0.705
0.98
-0.065
0.92
-0.465
1.05
0.485
0.91
0.165
1.02
0.745
0.91
0.345
1.12
0.715
-0.45
0.645
-1.19
0.735
-1.66
0.761368
-1.95884
-0.505
0.01
-0.705
0.21
-0.505
0.81
-0.305
0.81
0.295
0.81
0.495
0.81
0.695
0.21
0.595
0.11
0.495
0.01
0.715
-1.78
0.510392
2
0.625
-0.97
0.422966
1.5
0.625
-0.25
0.400125
1.2
-0.005
0.41
0.7
1
-0.445
0.9
0.411461
0.5
0.455
0.93
0.404969
0.5
0
-0.005
-0.99
-0.005
0.41
-0.875
-0.09
-0.385
0.9
-0.705
0.98
-0.065
0.92
-0.465
1.05
0.485
0.91
0.165
1.02
0.745
0.91
0.345
1.12
0.715
-0.45
0.645
-1.19
0.79
-1.6425
0.86388
-1.91857
-0.505
0.01
-0.705
0.21
-0.505
0.81
-0.305
0.81
0.295
0.81
0.495
0.81
0.695
0.21
0.595
0.11
0.495
0.01
0.8125
-1.755
0.510392
2
0.6425
-0.9575
0.422966
1.5
0.625
-0.25
0.400125
1.2
-0.005
0.41
0.7
1
-0.445
0.9
0.411461
0.5
0.455
0.93
0.404969
0.5
0
-0.005
-0.99
-0.005
0.41
-0.875
-0.09
-0.385
0.9
-0.705
0.98
-0.065
0.92
-0.465
1.05
0.485
0.91
0.165
1.02
0.745
0.91
0.345
1.12
0.715
-0.45
0.645
-1.19
0.845
-1.625
0.966392
-1.8783
-0.505
0.01
-0.705
0.21
-0.505
0.81
-0.305
0.81
0.295
0.81
0.495
0.81
0.695
0.21
0.595
0.11
0.495
0.01
0.91
-1.73
0.510392
2
0.66
-0.945
0.422966
1.5
0.625
-0.25
0.400125
1.2
-0.005
0.41
0.7
1
-0.445
0.9
0.411461
0.5
0.455
0.93
0.404969
0.5
0
-0.005
-0.99
-0.005
0.41
-0.875
-0.09
-0.385
0.9
-0.705
0.98
-0.065
0.92
-0.465
1.05
0.485
0.91
0.165
1.02
0.745
0.91
0.345
1.12
0.715
-0.45
0.645
-1.19
0.9
-1.6075
1.0689
-1.83803
-0.505
0.01
-0.705
0.21
-0.505
0.81
-0.305
0.81
0.295
0.81
0.495
0.81
0.695
0.21
0.595
0.11
0.495
0.01
1.0075
-1.705
0.510392
2
0.6775
-0.9325
0.422966
1.5
0.625
-0.25
0.400125
1.2
-0.005
0.41
0.7
1
-0.445
0.9
0.411461
0.5
0.455
0.93
0.404969
0.5
0
-0.005
-0.99
-0.005
0.41
-0.875
-0.09
-0.385
0.9
-0.705
0.98
-0.065
0.92
-0.465
1.05
0.485
0.91
0.165
1.02
0.745
0.91
0.345
1.12
0.715
-0.45
0.645
-1.19
0.955
-1.59
1.17142
-1.79776
-0.505
0.01
-0.705
0.21
-0.505
0.81
-0.305
0.81
0.295
0.81
0.495
0.81
0.695
0.21
0.595
0.11
0.495
0.01
1.105
-1.68
0.510392
2
0.695
-0.92
0.422966
1.5
0.625
-0.25
0.400125
1.2
-0.005
0.41
0.7
1
-0.445
0.9
0.411461
0.5
0.455
0.93
0.404969
0.5
0
-0.005
-0.99
-0.005
0.41
-0.875
-0.09
-0.38875
0.9075
-0.705
1.00375
-0.07625
0.925
-0.462378
1.07422
0.48
0.91875
0.16
1.0425
0.74125
0.91875
0.34875
1.1375
0.685
-0.4725
0.62
-1.2025
0.97875
-1.58125
1.20561
-1.7623
-0.505
0.01
-0.705
0.21
-0.505
0.81
-0.305
0.81
0.295
0.81
0.495
0.81
0.695
0.21
0.595
0.11
0.495
0.01
1.13625
-1.66875
0.510392
2
0.72375
-0.915
0.422966
1.5
0.63625
-0.24375
0.400125
1.2
-0.005
0.41
0.7
1
-0.43125
0.96
0.411461
0.5
0.4575
0.9875
0.404969
0.5
0
-0.005
-0.99
-0.005
0.41
-0.875
-0.09
-0.3925
0.915
-0.705
1.0275
-0.0875
0.93
-0.459755
1.09844
0.475
0.9275
0.155
1.065
0.7375
0.9275
0.3525
1.155
0.655
-0.495
0.595
-1.215
1.0025
-1.5725
1.2398
-1.72685
-0.505
0.01
-0.705
0.21
-0.505
0.81
-0.305
0.81
0.295
0.81
0.495
0.81
0.695
0.21
0.595
0.11
0.495
0.01
1.1675
-1.6575
0.510392
2
0.7525
-0.91
0.422966
1.5
0.6475
-0.2375
0.400125
1.2
-0.005
0.41
0.7
1
-0.4175
1.02
0.411461
0.5
0.46
1.045
0.404969
0.5
0
-0.005
-0.99
-0.005
0.41
-0.875
-0.09
-0.4
0.93
-0.705
1.075
-0.11
0.94
-0.454511
1.14687
0.465
0.945
0.145
1.11
0.73
0.945
0.36
1.19
0.595
-0.54
0.545
-1.24
1.05
-1.555
1.30818
-1.65594
-0.505
0.01
-0.705
0.21
-0.505
0.81
-0.305
0.81
0.295
0.81
0.495
0.81
0.695
0.21
0.595
0.11
0.495
0.01
1.23
-1.635
0.510392
2
0.81
-0.9
0.422966
1.5
0.67
-0.225
0.400125
1.2
-0.005
0.41
0.7
1
-0.39
1.14
0.411461
0.5
0.465
1.16
0.404969
0.5
0
-0.005
-0.99
-0.005
0.41
-0.875
-0.09
-0.415
0.96
-0.705
1.17
-0.155
0.96
-0.444021
1.24375
0.445
0.98
0.125
1.2
0.715
0.98
0.375
1.26
0.475
-0.63
0.445
-1.29
1.145
-1.52
1.44494
-1.51412
-0.505
0.01
-0.705
0.21
-0.505
0.81
-0.305
0.81
0.295
0.81
0.495
0.81
0.695
0.21
0.595
0.11
0.495
0.01
1.355
-1.59
0.456946
2
0.925
-0.88
0.39
1.5
0.715
-0.2
0.358469
1.2
-0.005
0.41
0.7
1
-0.335
1.38
0.411461
0.5
0.475
1.39
0.404969
0.5
0
