107
10
15
9
6
-0.005
-0.99
-0.005
0.41
-0.875
-0.09
-0.415
0.96
-0.705
1.17
-0.155
0.96
-0.444021
1.24375
0.445
0.98
0.125
1.2
0.715
0.98
0.365
1.24
0.475
-0.63
0.445
-1.29
1.145
-1.52
1.44494
-1.51412
-0.505
0.01
-0.705
0.21
-0.505
0.81
-0.305
0.81
0.295
0.81
0.495
0.81
0.695
0.21
0.595
0.11
0.495
0.01
1.355
-1.59
0.456946
2
0.685
-1.11
0.458039
1.5
0.545
-0.26
0.403113
1.2
-0.005
0.41
0.7
1
-0.415
1.04
0.411461
0.5
0.325
0.99
0.404969
0.5
0
-0.005
-0.99
-0.005
0.41
-0.875
-0.09
-0.415
0.96
-0.705
1.17
-0.155
0.96
-0.444021
1.24375
0.445
0.98
0.125
1.2
0.715
0.98
0.365
1.24
0.585
-0.65
0.735
-1.26
1.175
-1.63
1.43286
-1.78332
-0.505
0.01
-0.705
0.21
-0.505
0.81
-0.305
0.81
0.295
0.81
0.495
0.81
0.695
0.21
0.595
0.11
0.495
0.01
1.285
-1.69
0.4993
2
0.775
-0.99
0.404969
1.5
0.665
-0.25
0.384708
1.2
-0.005
0.41
0.7
1
-0.435
0.99
0.411461
0.5
0.425
1
0.404969
0.5
0
-0.005
-0.99
-0.005
0.41
-0.875
-0.09
-0.415
0.96
-0.705
1.17
-0.155
0.96
-0.444021
1.24375
0.445
0.98
0.125
1.2
0.715
0.98
0.365
1.24
0.675
-0.64
0.925
-1.28
1.205
-1.79
1.38724
-2.02831
-0.505
0.01
-0.705
0.21
-0.505
0.81
-0.305
0.81
0.295
0.81
0.495
0.81
0.695
0.21
0.595
0.11
0.495
0.01
1.265
-1.85
0.51
2
0.905
-1
0.447772
1.5
0.665
-0.25
0.384708
1.2
-0.005
0.41
0.7
1
-0.435
0.99
0.411461
0.5
0.425
1
0.404969
0.5
0
-0.005
-0.99
-0.005
0.41
-0.875
-0.09
-0.415
0.96
-0.705
1.17
-0.155
0.96
-0.444021
1.24375
0.445
0.98
0.125
1.2
0.715
0.98
0.365
1.24
0.775
-0.58
0.985
-1.19
1.195
-1.7
1.31169
-1.97637
-0.505
0.01
-0.705
0.21
-0.505
0.81
-0.305
0.81
0.295
0.81
0.495
0.81
0.695
0.21
0.595
0.11
0.495
0.01
1.265
-1.85
0.51
2
0.905
-1
0.447772
1.5
0.665
-0.25
0.384708
1.2
-0.005
0.41
0.7
1
-0.435
0.99
0.411461
0.5
0.425
1
0.404969
0.5
0
-0.005
-0.99
-0.005
0.41
-0.875
-0.09
-0.415
0.96
-0.705
1.17
-0.155
0.96
-0.444021
1.24375
0.445
0.98
0.125
1.2
0.715
0.98
0.365
1.24
0.775
-0.58
0.985
-1.19
1.105
-1.51
1.22169
-1.78637
-0.505
0.01
-0.705
0.21
-0.505
0.81
-0.305
0.81
0.295
0.81
0.495
0.81
0.695
0.21
0.595
0.11
0.495
0.01
1.105
-1.52
0.51
2
0.865
-0.73
0.447772
1.5
0.665
-0.25
0.384708
1.2
-0.005
0.41
0.7
1
-0.435
0.99
0.411461
0.5
0.425
1
0.404969
0.5
0
-0.005
-0.99
-0.005
0.41
-0.875
-0.09
-0.415
0.96
-0.705
1.17
-0.155
0.96
-0.444021
1.24375
0.445
0.98
0.125
1.2
0.715
0.98
0.365
1.24
0.775
-0.58
0.885
-0.87
1.015
-1.26
1.10987
-1.54461
-0.505
0.01
-0.705
0.21
-0.505
0.81
-0.305
0.81
0.295
0.81
0.495
0.81
0.695
0.21
0.595
0.11
0.495
0.01
1.055
-1.39
0.416293
2
0.865
-0.73
0.367696
1.5
0.665
-0.25
0.384708
1.2
-0.005
0.41
0.7
1
-0.435
0.99
0.411461
0.5
0.425
1
0.404969
0.5
0
-0.005
-0.99
-0.005
0.41
-0.875
-0.09
-0.415
0.96
-0.705
1.17
-0.155
0.96
-0.444021
1.24375
0.445
0.98
0.125
1.2
0.715
0.98
0.365
1.24
0.665
-0.15
0.795
-0.58
0.925
-0.97
1.01987
-1.25461
-0.505
0.01
-0.705
0.21
-0.505
0.81
-0.305
0.81
0.295
0.81
0.495
0.81
0.695
0.21
0.595
0.11
0.495
0.01
0.985
-1.11
0.416293
2
0.815
-0.54
0.367696
1.5
0.605
-0.05
0.384708
1.2
-0.005
0.41
0.7
1
-0.435
0.99
0.411461
0.5
0.425
1
0.404969
0.5
0
-0.005
-0.99
-0.005
0.41
-0.875
-0.09
-0.415
0.96
-0.705
1.17
-0.155
0.96
-0.444021
1.24375
0.445
0.98
0.125
1.2
0.715
0.98
0.365
1.24
0.615
0.04
0.725
-0.3
0.855
-0.71
0.949868
-0.994605
-0.505
0.01
-0.705
0.21
-0.505
0.81
-0.305
0.81
0.295
0.81
0.495
0.81
0.695
0.21
0.595
0.11
0.495
0.01
0.945
-0.92
0.416293
2
0.715
-0.32
0.367696
1.5
0.485
0.14
0.384708
1.2
-0.005
0.41
0.7
1
-0.435
0.99
0.411461
0.5
0.425
1
0.404969
0.5
0
-0.005
-0.99
-0.005
0.41
-0.875
-0.09
-0.415
0.96
-0.705
1.17
-0.155
0.96
-0.444021
1.24375
0.445
0.98
0.125
1.2
0.715
0.98
0.365
1.24
0.665
-0.1
0.865
-0.6
1.015
-1.09
1.10987
-1.37461
-0.505
0.01
-0.705
0.21
-0.505
0.81
-0.305
0.81
0.295
0.81
0.495
0.81
0.695
0.21
0.595
0.11
0.495
0.01
1.065
-1.29
0.416293
2
0.845
-0.64
0.367696
1.5
0.685
-0.07
0.384708
1.2
-0.005
0.41
0.7
1
-0.435
0.99
0.411461
0.5
0.425
1
0.404969
0.5
0
-0.005
-0.99
-0.005
0.41
-0.875
-0.09
-0.415
0.96
-0.705
1.17
-0.155
0.96
-0.444021
1.24375
0.445
0.98
0.125
1.2
0.715
0.98
0.365
1.24
0.685
-0.18
0.895
-0.88
1.095
-1.29
1.18987
-1.5746
-0.505
0.01
-0.705
0.21
-0.505
0.81
-0.305
0.81
0.295
0.81
0.495
0.81
0.695
0.21
0.595
0.11
0.495
0.01
1.165
-1.51
0.416293
2
0.885
-0.91
0.367696
1.5
0.695
-0.27
0.384708
1.2
-0.005
0.41
0.7
1
-0.435
0.99
0.411461
0.5
0.425
1
0.404969
0.5
0
-0.005
-0.99
-0.005
0.41
-0.875
-0.09
-0.415
0.96
-0.705
1.17
-0.155
0.96
-0.444021
1.24375
0.445
0.98
0.125
1.2
0.715
0.98
0.365
1.24
0.685
-0.18
0.895
-0.88
1.095
-1.29
1.18987
-1.5746
-0.505
0.01
-0.705
0.21
-0.505
0.81
-0.305
0.81
0.295
0.81
0.495
0.81
0.695
0.21
0.595
0.11
0.495
0.01
1.165
-1.51
0.416293
2
0.885
-0.91
0.367696
1.5
0.695
-0.27
0.384708
1.2
-0.005
0.41
0.7
1
-0.435
0.99
0.411461
0.5
0.425
1
0.404969
0.5
0
-0.005
-0.99
-0.005
0.41
-0.875
-0.09
-0.415
0.96
-0.705
1.17
-0.155
0.96
-0.444021
1.24375
0.445
0.98
0.125
1.2
0.715
0.98
0.365
1.24
0.685
-0.18
0.895
-0.88
1.095
-1.29
1.18987
-1.5746
-0.505
0.01
-0.705
0.21
-0.505
0.81
-0.305
0.81
0.295
0.81
0.495
0.81
0.695
0.21
0.595
0.11
0.495
0.01
1.165
-1.51
0.416293
2
0.885
-0.91
0.367696
1.5
0.695
-0.27
0.384708
1.2
-0.005
0.41
0.7
1
-0.435
0.99
0.411461
0.5
0.425
1
0.404969
0.5
0
-0.005
-0.99
-0.005
0.41
-0.875
-0.09
-0.415
0.96
-0.705
1.17
-0.155
0.96
-0.444021
1.24375
0.445
0.98
0.125
1.2
0.715
0.98
0.365
1.24
0.685
-0.18
0.895
-0.88
1.095
-1.29
1.18987
-1.5746
-0.505
0.01
-0.705
0.21
-0.505
0.81
-0.305
0.81
0.295
0.81
0.495
0.81
0.695
0.21
0.595
0.11
0.495
0.01
1.165
-1.51
0.416293
2
0.885
-0.91
0.367696
1.5
0.695
-0.27
0.384708
1.2
-0.005
0.41
0.7
1
-0.435
0.99
0.411461
0.5
0.425
1
0.404969
0.5
0
-0.005
-0.99
-0.005
0.41
-0.875
-0.09
-0.415
0.96
-0.705
1.17
-0.155
0.96
-0.444021
1.24375
0.445
0.98
0.125
1.2
0.715
0.98
0.365
1.24
0.685
-0.18
0.895
-0.88
1.095
-1.29
1.18987
-1.5746
-0.505
0.01
-0.705
0.21
-0.505
0.81
-0.305
0.81
0.295
0.81
0.495
0.81
0.695
0.21
0.595
0.11
0.495
0.01
1.165
-1.51
0.416293
2
0.885
-0.91
0.367696
1.5
0.695
-0.27
0.384708
1.2
-0.005
0.41
0.7
1
-0.435
0.99
0.411461
0.5
0.425
1
0.404969
0.5
0
-0.005
-0.99
-0.005
0.41
-0.875
-0.09
-0.415
0.96
-0.705
1.17
-0.155
0.96
-0.444021
1.24375
0.445
0.98
0.125
1.2
0.715
0.98
0.365
1.24
0.685
-0.18
0.895
-0.88
1.095
-1.29
1.18987
-1.5746
-0.505
0.01
-0.705
0.21
-0.505
0.81
-0.305
0.81
0.295
0.81
0.495
0.81
0.695
0.21
0.595
0.11
0.495
0.01
1.165
-1.51
0.416293
2
0.885
-0.91
0.367696
1.5
0.695
-0.27
0.384708
1.2
-0.005
0.41
0.7
1
-0.435
0.99
0.411461
0.5
0.425
1
0.404969
0.5
0
-0.005
-0.99
-0.005
0.41
-0.875
-0.09
-0.415
0.96
-0.705
1.17
-0.155
0.96
-0.444021
1.24375
0.445
0.98
0.125
1.2
0.715
0.98
0.365
1.24
0.685
-0.18
0.895
-0.88
1.095
-1.29
1.18987
-1.5746
-0.505
0.01
-0.705
0.21
-0.505
0.81
-0.305
0.81
0.295
0.81
0.495
0.81
0.695
0.21
0.595
0.11
0.495
0.01
1.165
-1.51
0.416293
2
0.885
-0.91
0.367696
1.5
0.695
-0.27
0.384708
1.2
-0.005
0.41
0.7
1
-0.435
0.99
0.411461
0.5
0.425
1
0.404969
0.5
0
-0.005
-0.99
-0.005
0.41
-0.875
-0.09
-0.415
0.96
-0.705
1.17
-0.155
0.96
-0.444021
1.24375
0.445
0.98
0.125
1.2
0.715
0.98
0.365
1.24
0.685
-0.18
0.895
-0.88
1.095
-1.29
1.18987
-1.5746
-0.505
0.01
-0.705
0.21
-0.505
0.81
-0.305
0.81
0.295
0.81
0.495
0.81
0.695
0.21
0.595
0.11
0.495
0.01
1.165
-1.51
0.416293
2
0.885
-0.91
0.367696
1.5
0.695
-0.27
0.384708
1.2
-0.005
0.41
0.7
1
-0.435
0.99
0.411461
0.5
0.425
1
0.404969
0.5
0
-0.005
-0.99
-0.005
0.41
-0.875
-0.09
-0.415
0.96
-0.705
1.17
-0.155
0.96
-0.444021
1.24375
0.445
0.98
0.125
1.2
0.715
0.98
0.365
1.24
0.685
-0.18
0.895
-0.88
1.095
-1.29
1.18987
-1.5746
-0.505
0.01
-0.705
0.21
-0.505
0.81
-0.305
0.81
0.295
0.81
0.495
0.81
0.695
0.21
0.595
0.11
0.495
0.01
1.165
-1.51
0.416293
2
0.885
-0.91
0.367696
1.5
0.695
-0.27
0.384708
1.2
-0.005
0.41
0.7
1
-0.435
0.99
0.411461
0.5
0.425
1
0.404969
0.5
0
-0.005
-0.99
-0.005
0.41
-0.875
-0.09
-0.415
0.96
-0.705
1.17
-0.155
0.96
-0.444021
1.24375
0.445
0.98
0.125
1.2
0.715
0.98
0.365
1.24
0.685
-0.18
0.895
-0.88
1.095
-1.29
1.18987
-1.5746
-0.505
0.01
-0.705
0.21
-0.505
0.81
-0.305
0.81
0.295
0.81
0.495
0.81
0.695
0.21
0.595
0.11
0.495
0.01
1.165
-1.51
0.416293
2
0.885
-0.91
0.367696
1.5
0.695
-0.27
0.384708
1.2
-0.005
0.41
0.7
1
-0.435
0.99
0.411461
0.5
0.425
1
0.404969
0.5
0
-0.005
-0.99
-0.005
0.41
-0.875
-0.09
-0.415
0.96
-0.705
1.17
-0.155
0.96
-0.444021
1.24375
0.445
0.98
0.125
1.2
0.715
0.98
0.365
1.24
0.685
-0.18
0.895
-0.88
1.095
-1.29
1.18987
-1.5746
-0.505
0.01
-0.705
0.21
-0.505
0.81
-0.305
0.81
0.295
0.81
0.495
0.81
0.695
0.21
0.595
0.11
0.495
0.01
1.165
-1.51
0.416293
2
0.885
-0.91
0.367696
1.5
0.695
-0.27
0.384708
1.2
-0.005
0.41
0.7
1
-0.435
0.99
0.411461
0.5
0.425
1
0.404969
0.5
0
-0.005
-0.99
-0.005
0.41
-0.875
-0.09
-0.415
0.96
-0.705
1.17
-0.155
0.96
-0.444021
1.24375
0.445
0.98
0.125
1.2
0.715
0.98
0.365
1.24
0.685
-0.18
0.895
-0.88
1.095
-1.29
1.18987
-1.5746
-0.505
0.01
-0.705
0.21
-0.505
0.81
-0.305
0.81
0.295
0.81
0.495
0.81
0.695
0.21
0.595
0.11
0.495
0.01
1.165
-1.51
0.416293
2
0.885
-0.91
0.367696
1.5
0.695
-0.27
0.384708
1.2
-0.005
0.41
0.7
1
-0.435
0.99
0.411461
0.5
0.425
1
0.404969
0.5
0
-0.005
-0.99
-0.005
0.41
-0.875
-0.09
-0.415
0.96
-0.705
1.17
-0.155
0.96
-0.444021
1.24375
0.445
0.98
0.125
1.2
0.715
0.98
0.365
1.24
0.685
-0.18
0.895
-0.88
1.095
-1.29
1.18987
-1.5746
-0.505
0.01
-0.705
0.21
-0.505
0.81
-0.305
0.81
0.295
0.81
0.495
0.81
0.695
0.21
0.595
0.11
0.495
0.01
1.165
-1.51
0.416293
2
0.885
-0.91
0.367696
1.5
0.695
-0.27
0.384708
1.2
-0.005
0.41
0.7
1
-0.435
0.99
0.411461
0.5
0.425
1
0.404969
0.5
0
-0.005
-0.99
-0.005
0.41
-0.875
-0.09
-0.415
0.96
-0.705
1.17
-0.155
0.96
-0.444021
1.24375
0.445
0.98
0.125
1.2
0.715
0.98
0.365
1.24
0.685
-0.18
0.895
-0.88
1.095
-1.29
1.18987
-1.5746
-0.505
0.01
-0.705
0.21
-0.505
0.81
-0.305
0.81
0.295
0.81
0.495
0.81
0.695
0.21
0.595
0.11
0.495
0.01
1.165
-1.51
0.416293
2
0.885
-0.91
0.367696
1.5
0.695
-0.27
0.384708
1.2
-0.005
0.41
0.7
1
-0.435
0.99
0.411461
0.5
0.425
1
0.404969
0.5
0
-0.005
-0.99
-0.005
0.41
-0.875
-0.09
-0.415
0.96
-0.705
1.17
-0.155
0.96
-0.444021
1.24375
0.445
0.98
0.125
1.2
0.715
0.98
0.365
1.24
0.685
-0.18
0.895
-0.88
1.095
-1.29
1.18987
-1.5746
-0.505
0.01
-0.705
0.21
-0.505
0.81
-0.305
0.81
0.295
0.81
0.495
0.81
0.695
0.21
0.595
0.11
0.495
0.01
1.165
-1.51
0.416293
2
0.885
-0.91
0.367696
1.5
0.695
-0.27
0.384708
1.2
-0.005
0.41
0.7
1
-0.435
0.99
0.411461
0.5
0.425
1
0.404969
0.5
0
-0.005
-0.99
-0.005
0.41
-0.875
-0.09
-0.415
0.96
-0.705
1.17
-0.155
0.96
-0.444021
1.24375
0.445
0.98
0.125
1.2
0.715
0.98
0.365
1.24
0.685
-0.18
0.895
-0.88
1.095
-1.29
1.18987
-1.5746
-0.505
0.01
-0.705
0.21
-0.505
0.81
-0.305
0.81
0.295
0.81
0.495
0.81
0.695
0.21
0.595
0.11
0.495
0.01
1.165
-1.51
0.416293
2
0.885
-0.91
0.367696
1.5
0.695
-0.27
0.384708
1.2
-0.005
0.41
0.7
1
-0.435
0.99
0.411461
0.5
0.425
1
0.404969
0.5
0
-0.005
-0.99
-0.005
0.41
-0.875
-0.09
-0.415
0.96
-0.705
1.17
-0.155
0.96
-0.444021
1.24375
0.445
0.98
0.125
1.2
0.715
0.98
0.365
1.24
0.685
-0.18
0.895
-0.88
1.095
-1.29
1.18987
-1.5746
-0.505
0.01
-0.705
0.21
-0.505
0.81
-0.305
0.81
0.295
0.81
0.495
0.81
0.695
0.21
0.595
0.11
0.495
0.01
1.165
-1.51
0.416293
2
0.885
-0.91
0.367696
1.5
0.695
-0.27
0.384708
1.2
-0.005
0.41
0.7
1
-0.435
0.99
0.411461
0.5
0.425
1
0.404969
0.5
0
-0.005
-0.99
-0.005
0.41
-0.875
-0.09
-0.415
0.96
-0.705
1.17
-0.155
0.96
-0.444021
1.24375
0.445
0.98
0.125
1.2
0.715
0.98
0.365
1.24
0.685
-0.18
0.895
-0.88
1.095
-1.29
1.18987
-1.5746
-0.505
0.01
-0.705
0.21
-0.505
0.81
-0.305
0.81
0.295
0.81
0.495
0.81
0.695
0.21
0.595
0.11
0.495
0.01
1.165
-1.51
0.416293
2
0.885
-0.91
0.367696
1.5
0.695
-0.27
0.384708
1.2
-0.005
0.41
0.7
1
-0.435
0.99
0.411461
0.5
0.425
1
0.404969
0.5
0
-0.005
-0.99
-0.005
0.41
-0.875
-0.09
-0.415
0.96
-0.705
1.17
-0.155
0.96
-0.444021
1.24375
0.445
0.98
0.125
1.2
0.715
0.98
0.365
1.24
0.685
-0.18
0.895
-0.88
1.095
-1.29
1.18987
-1.5746
-0.505
0.01
-0.705
0.21
-0.505
0.81
-0.305
0.81
0.295
0.81
0.495
0.81
0.695
0.21
0.595
0.11
0.495
0.01
1.165
-1.51
0.416293
2
0.885
-0.91
0.367696
1.5
0.695
-0.27
0.384708
1.2
-0.005
0.41
0.7
1
-0.435
0.99
0.411461
0.5
0.425
1
0.404969
0.5
0
-0.005
-0.99
-0.005
0.41
-0.875
-0.09
-0.415
0.96
-0.705
1.17
-0.155
0.96
-0.444021
1.24375
0.445
0.98
0.125
1.2
0.715
0.98
0.365
1.24
0.685
-0.18
0.895
-0.88
1.095
-1.29
1.18987
-1.5746
-0.505
0.01
-0.705
0.21
-0.505
0.81
-0.305
0.81
0.295
0.81
0.495
0.81
0.695
0.21
0.595
0.11
0.495
0.01
1.165
-1.51
0.416293
2
0.885
-0.91
0.367696
1.5
0.695
-0.27
0.384708
1.2
-0.005
0.41
0.7
1
-0.435
0.99
0.411461
0.5
0.425
1
0.404969
0.5
0
-0.005
-0.99
-0.005
0.41
-0.875
-0.09
-0.415
0.96
-0.705
1.17
-0.155
0.96
-0.444021
1.24375
0.445
0.98
0.125
1.2
0.715
0.98
0.365
1.24
0.685
-0.18
0.895
-0.88
1.095
-1.29
1.18987
-1.5746
-0.505
0.01
-0.705
0.21
-0.505
0.81
-0.305
0.81
0.295
0.81
0.495
0.81
0.695
0.21
0.595
0.11
0.495
0.01
1.165
-1.51
0.416293
2
0.885
-0.91
0.367696
1.5
0.695
-0.27
0.384708
1.2
-0.005
0.41
0.7
1
-0.435
0.99
0.411461
0.5
0.425
1
0.404969
0.5
0
-0.005
-0.99
-0.005
0.41
-0.875
-0.09
-0.415
0.96
-0.705
1.17
-0.155
0.96
-0.444021
1.24375
0.445
0.98
0.125
1.2
0.715
0.98
0.365
1.24
0.685
-0.18
0.895
-0.88
1.12
-1.355
1.25345
-1.62019
-0.505
0.01
-0.705
0.21
-0.505
0.81
-0.305
0.81
0.295
0.81
0.495
0.81
0.695
0.21
0.595
0.11
0.495
0.01
1.19
-1.53
0.416293
2
0.885
-0.91
0.367696
1.5
0.695
-0.27
0.384708
1.2
-0.005
0.41
0.7
1
-0.435
0.99
0.411461
0.5
0.425
1
0.404969
0.5
0
-0.005
-0.99
-0.005
0.41
-0.875
-0.09
-0.415
0.96
-0.705
1.17
-0.155
0.96
-0.444021
1.24375
0.445
0.98
0.125
1.2
0.715
0.98
0.365
1.24
0.685
-0.18
0.895
-0.88
1.1325
-1.3875
1.28525
-1.64298
-0.505
0.01
-0.705
0.21
-0.505
0.81
-0.305
0.81
0.295
0.81
0.495
0.81
0.695
0.21
0.595
0.11
0.495
0.01
1.2025
-1.54
0.416293
2
0.885
-0.91
0.367696
1.5
0.695
-0.27
0.384708
1.2
-0.005
0.41
0.7
1
-0.435
0.99
0.411461
0.5
0.425
1
0.404969
0.5
0
-0.005
-0.99
-0.005
0.41
-0.875
-0.09
-0.415
0.96
-0.705
1.17
-0.155
0.96
-0.444021
1.24375
0.445
0.98
0.125
1.2
0.715
0.98
0.365
1.24
0.685
-0.18
0.895
-0.88
1.13563
-1.39562
1.2932
-1.64867
-0.505
0.01
-0.705
0.21
-0.505
0.81
-0.305
0.81
0.295
0.81
0.495
0.81
0.695
0.21
0.595
0.11
0.495
0.01
1.20563
-1.5425
0.416293
2
0.885
-0.91
0.367696
1.5
0.695
-0.27
0.384708
1.2
-0.005
0.41
0.7
1
-0.435
0.99
0.411461
0.5
0.425
1
0.404969
0.5
0
-0.005
-0.99
-0.005
0.41
-0.875
-0.09
-0.415
0.96
-0.705
1.17
-0.155
0.96
-0.444021
1.24375
0.445
0.98
0.125
1.2
0.715
0.98
0.365
1.24
0.685
-0.18
0.895
-0.88
1.13719
-1.39969
1.29717
-1.65152
-0.505
0.01
-0.705
0.21
-0.505
0.81
-0.305
0.81
0.295
0.81
0.495
0.81
0.695
0.21
0.595
0.11
0.495
0.01
1.20719
-1.54375
0.416293
2
0.885
-0.91
0.367696
1.5
0.695
-0.27
0.384708
1.2
-0.005
0.41
0.7
1
-0.435
0.99
0.411461
0.5
0.425
1
0.404969
0.5
0
-0.005
-0.99
-0.005
0.41
-0.875
-0.09
-0.415
0.96
-0.705
1.17
-0.155
0.96
-0.444021
1.24375
0.445
0.98
0.125
1.2
0.715
0.98
0.365
1.24
0.685
-0.18
0.895
-0.88
1.13797
-1.40172
1.29915
-1.65295
-0.505
0.01
-0.705
0.21
-0.505
0.81
-0.305
0.81
0.295
0.81
0.495
0.81
0.695
0.21
0.595
0.11
0.495
0.01
1.20797
-1.54437
0.416293
2
0.885
-0.91
0.367696
1.5
0.695
-0.27
0.384708
1.2
-0.005
0.41
0.7
1
-0.435
0.99
0.411461
0.5
0.425
1
0.404969
0.5
0
-0.005
-0.99
-0.005
0.41
-0.875
-0.09
-0.415
0.96
-0.705
1.17
-0.155
0.96
-0.444021
1.24375
0.445
0.98
0.125
1.2
0.715
0.98
0.365
1.24
0.685
-0.18
0.895
-0.88
1.13836
-1.40273
1.30015
-1.65366
-0.505
0.01
-0.705
0.21
-0.505
0.81
-0.305
0.81
0.295
0.81
0.495
0.81
0.695
0.21
0.595
0.11
0.495
0.01
1.20836
-1.54469
0.416293
2
0.885
-0.91
0.367696
1.5
0.695
-0.27
0.384708
1.2
-0.005
0.41
0.7
1
-0.435
0.99
0.411461
0.5
0.425
1
0.404969
0.5
0
-0.005
-0.99
-0.005
0.41
-0.875
-0.09
-0.415
0.96
-0.705
1.17
-0.155
0.96
-0.444021
1.24375
0.445
0.98
0.125
1.2
0.715
0.98
0.365
1.24
0.685
-0.18
0.895
-0.88
1.13855
-1.40324
1.30064
-1.65401
-0.505
0.01
-0.705
0.21
-0.505
0.81
-0.305
0.81
0.295
0.81
0.495
0.81
0.695
0.21
0.595
0.11
0.495
0.01
1.20855
-1.54484
0.416293
2
0.885
-0.91
0.367696
1.5
0.695
-0.27
0.384708
1.2
-0.005
0.41
0.7
1
-0.435
0.99
0.411461
0.5
0.425
1
0.404969
0.5
0
-0.005
-0.99
-0.005
0.41
-0.875
-0.09
-0.415
0.96
-0.705
1.17
-0.155
0.96
-0.444021
1.24375
0.445
0.98
0.125
1.2
0.715
0.98
0.365
1.24
0.685
-0.18
0.895
-0.88
1.13865
-1.4035
1.30089
-1.65419
-0.505
0.01
-0.705
0.21
-0.505
0.81
-0.305
0.81
0.295
0.81
0.495
0.81
0.695
0.21
0.595
0.11
0.495
0.01
1.20865
-1.54492
0.416293
2
0.885
-0.91
0.367696
1.5
0.695
-0.27
0.384708
1.2
-0.005
0.41
0.7
1
-0.435
0.99
0.411461
0.5
0.425
1
0.404969
0.5
0
-0.005
-0.99
-0.005
0.41
-0.875
-0.09
-0.415
0.96
-0.705
1.17
-0.155
0.96
-0.444021
1.24375
0.445
0.98
0.125
1.2
0.715
0.98
0.365
1.24
0.685
-0.18
0.895
-0.88
1.1387
-1.40362
1.30102
-1.65428
-0.505
0.01
-0.705
0.21
-0.505
0.81
-0.305
0.81
0.295
0.81
0.495
0.81
0.695
0.21
0.595
0.11
0.495
0.01
1.2087
-1.54496
0.416293
2
0.885
-0.91
0.367696
1.5
0.695
-0.27
0.384708
1.2
-0.005
0.41
0.7
1
-0.435
0.99
0.411461
0.5
0.425
1
0.404969
0.5
0
-0.005
-0.99
-0.005
0.41
-0.875
-0.09
-0.415
0.96
-0.705
1.17
-0.155
0.96
-0.444021
1.24375
0.445
0.98
0.125
1.2
0.715
0.98
0.365
1.24
0.685
-0.18
0.895
-0.88
1.13873
-1.40369
1.30108
-1.65433
-0.505
0.01
-0.705
0.21
-0.505
0.81
-0.305
0.81
0.295
0.81
0.495
0.81
0.695
0.21
0.595
0.11
0.495
0.01
1.20873
-1.54498
0.416293
2
0.885
-0.91
0.367696
1.5
0.695
-0.27
0.384708
1.2
-0.005
0.41
0.7
1
-0.435
0.99
0.411461
0.5
0.425
1
0.404969
0.5
0
-0.005
-0.99
-0.005
0.41
-0.875
-0.09
-0.415
0.96
-0.705
1.17
-0.155
0.96
-0.444021
1.24375
0.445
0.98
0.125
1.2
0.715
0.98
0.365
1.24
0.685
-0.18
0.895
-0.88
1.13874
-1.40372
1.30111
-1.65435
-0.505
0.01
-0.705
0.21
-0.505
0.81
-0.305
0.81
0.295
0.81
0.495
0.81
0.695
0.21
0.595
0.11
0.495
0.01
1.20874
-1.54499
0.416293
2
0.885
-0.91
0.367696
1.5
0.695
-0.27
0.384708
1.2
-0.005
0.41
0.7
1
-0.435
0.99
0.411461
0.5
0.425
1
0.404969
0.5
0
-0.005
-0.99
-0.005
0.41
-0.875
-0.09
-0.415
0.96
-0.705
1.17
-0.155
0.96
-0.444021
1.24375
0.445
0.98
0.125
1.2
0.715
0.98
0.365
1.24
0.685
-0.18
0.895
-0.88
1.13874
-1.40373
1.30112
-1.65436
-0.505
0.01
-0.705
0.21
-0.505
0.81
-0.305
0.81
0.295
0.81
0.495
0.81
0.695
0.21
0.595
0.11
0.495
0.01
1.20874
-1.545
0.416293
2
0.885
-0.91
0.367696
1.5
0.695
-0.27
0.384708
1.2
-0.005
0.41
0.7
1
-0.435
0.99
0.411461
0.5
0.425
1
0.404969
0.5
0
-0.005
-0.99
-0.005
0.41
-0.875
-0.09
-0.415
0.96
-0.705
1.17
-0.155
0.96
-0.444021
1.24375
0.445
0.98
0.125
1.2
0.715
0.98
0.365
1.24
0.685
-0.18
0.895
-0.88
1.13875
-1.40374
1.30113
-1.65436
-0.505
0.01
-0.705
0.21
-0.505
0.81
-0.305
0.81
0.295
0.81
0.495
0.81
0.695
0.21
0.595
0.11
0.495
0.01
1.20875
-1.545
0.416293
2
0.885
-0.91
0.367696
1.5
0.695
-0.27
0.384708
1.2
-0.005
0.41
0.7
1
-0.435
0.99
0.411461
0.5
0.425
1
0.404969
0.5
0
-0.005
-0.99
-0.005
0.41
-0.875
-0.09
-0.415
0.96
-0.705
1.17
-0.155
0.96
-0.444021
1.24375
0.445
0.98
0.125
1.2
0.715
0.98
0.365
1.24
0.685
-0.18
0.895
-0.88
1.13875
-1.40375
1.30114
-1.65437
-0.505
0.01
-0.705
0.21
-0.505
0.81
-0.305
0.81
0.295
0.81
0.495
0.81
0.695
0.21
0.595
0.11
0.495
0.01
1.20875
-1.545
0.416293
2
0.885
-0.91
0.367696
1.5
0.695
-0.27
0.384708
1.2
-0.005
0.41
0.7
1
-0.435
0.99
0.411461
0.5
0.425
1
0.404969
0.5
0
-0.005
-0.99
-0.005
0.41
-0.875
-0.09
-0.415
0.96
-0.705
1.17
-0.155
0.96
-0.444021
1.24375
0.445
0.98
0.125
1.2
0.715
0.98
0.365
1.24
0.685
-0.18
0.895
-0.88
1.13875
-1.40375
1.30114
-1.65437
-0.505
0.01
-0.705
0.21
-0.505
0.81
-0.305
0.81
0.295
0.81
0.495
0.81
0.695
0.21
0.595
0.11
0.495
0.01
1.20875
-1.545
0.416293
2
0.885
-0.91
0.367696
1.5
0.695
-0.27
0.384708
1.2
-0.005
0.41
0.7
1
-0.435
0.99
0.411461
0.5
0.425
1
0.404969
0.5
0
-0.005
-0.99
-0.005
0.41
-0.875
-0.09
-0.415
0.96
-0.705
1.17
-0.155
0.96
-0.444021
1.24375
0.445
0.98
0.125
1.2
0.715
0.98
0.365
1.24
0.685
-0.18
0.895
-0.88
1.13875
-1.40375
1.30114
-1.65437
-0.505
0.01
-0.705
0.21
-0.505
0.81
-0.305
0.81
0.295
0.81
0.495
0.81
0.695
0.21
0.595
0.11
0.495
0.01
1.20875
-1.545
0.416293
2
0.885
-0.91
0.367696
1.5
0.695
-0.27
0.384708
1.2
-0.005
0.41
0.7
1
-0.435
0.99
0.411461
0.5
0.425
1
0.404969
0.5
0
-0.005
-0.99
-0.005
0.41
-0.875
-0.09
-0.415
0.96
-0.705
1.17
-0.155
0.96
-0.444021
1.24375
0.445
0.98
0.125
1.2
0.715
0.98
0.365
1.24
0.685
-0.18
0.895
-0.88
1.13875
-1.40375
1.30114
-1.65437
-0.505
0.01
-0.705
0.21
-0.505
0.81
-0.305
0.81
0.295
0.81
0.495
0.81
0.695
0.21
0.595
0.11
0.495
0.01
1.20875
-1.545
0.416293
2
0.885
-0.91
0.367696
1.5
0.695
-0.27
0.384708
1.2
-0.005
0.41
0.7
1
-0.435
0.99
0.411461
0.5
0.425
1
0.404969
0.5
0
-0.005
-0.99
-0.005
0.41
-0.875
-0.09
-0.415
0.96
-0.705
1.17
-0.155
0.96
-0.444021
1.24375
0.445
0.98
0.125
1.2
0.715
0.98
0.365
1.24
0.685
-0.18
0.895
-0.88
1.13875
-1.40375
1.30114
-1.65437
-0.505
0.01
-0.705
0.21
-0.505
0.81
-0.305
0.81
0.295
0.81
0.495
0.81
0.695
0.21
0.595
0.11
0.495
0.01
1.20875
-1.545
0.416293
2
0.885
-0.91
0.367696
1.5
0.695
-0.27
0.384708
1.2
-0.005
0.41
0.7
1
-0.435
0.99
0.411461
0.5
0.425
1
0.404969
0.5
0
-0.005
-0.99
-0.005
0.41
-0.875
-0.09
-0.415
0.96
-0.705
1.17
-0.155
0.96
-0.444021
1.24375
0.445
0.98
0.125
1.2
0.715
0.98
0.365
1.24
0.685
-0.18
0.895
-0.88
1.13875
-1.40375
1.30114
-1.65437
-0.505
0.01
-0.705
0.21
-0.505
0.81
-0.305
0.81
0.295
0.81
0.495
0.81
0.695
0.21
0.595
0.11
0.495
0.01
1.20875
-1.545
0.416293
2
0.885
-0.91
0.367696
1.5
0.695
-0.27
0.384708
1.2
-0.005
0.41
0.7
1
-0.435
0.99
0.411461
0.5
0.425
1
0.404969
0.5
0
-0.005
-0.99
-0.005
0.41
-0.875
-0.09
-0.415
0.96
-0.705
1.17
-0.155
0.96
-0.444021
1.24375
0.445
0.98
0.125
1.2
0.715
0.98
0.365
1.24
0.685
-0.18
0.895
-0.88
1.13875
-1.40375
1.30114
-1.65437
-0.505
0.01
-0.705
0.21
-0.505
0.81
-0.305
0.81
0.295
0.81
0.495
0.81
0.695
0.21
0.595
0.11
0.495
0.01
1.20875
-1.545
0.416293
2
0.885
-0.91
0.367696
1.5
0.695
-0.27
0.384708
1.2
-0.005
0.41
0.7
1
-0.435
0.99
0.411461
0.5
0.425
1
0.404969
0.5
0
-0.005
-0.99
-0.005
0.41
-0.875
-0.09
-0.415
0.96
-0.705
1.17
-0.155
0.96
-0.444021
1.24375
0.445
0.98
0.125
1.2
0.715
0.98
0.365
1.24
0.685
-0.18
0.895
-0.88
1.13875
-1.40375
1.30114
-1.65437
-0.505
0.01
-0.705
0.21
-0.505
0.81
-0.305
0.81
0.295
0.81
0.495
0.81
0.695
0.21
0.595
0.11
0.495
0.01
1.20875
-1.545
0.416293
2
0.885
-0.91
0.367696
1.5
0.695
-0.27
0.384708
1.2
-0.005
0.41
0.7
1
-0.435
0.99
0.411461
0.5
0.425
1
0.404969
0.5
0
-0.005
-0.99
-0.005
0.41
-0.875
-0.09
-0.415
0.96
-0.705
1.17
-0.155
0.96
-0.444021
1.24375
0.445
0.98
0.125
1.2
0.715
0.98
0.365
1.24
0.685
-0.18
0.895
-0.88
1.13875
-1.40375
1.30114
-1.65437
-0.505
0.01
-0.705
0.21
-0.505
0.81
-0.305
0.81
0.295
0.81
0.495
0.81
0.695
0.21
0.595
0.11
0.495
0.01
1.20875
-1.545
0.416293
2
0.885
-0.91
0.367696
1.5
0.695
-0.27
0.384708
1.2
-0.005
0.41
0.7
1
-0.435
0.99
0.411461
0.5
0.425
1
0.404969
0.5
0
-0.005
-0.99
-0.005
0.41
-0.875
-0.09
-0.415
0.96
-0.705
1.17
-0.155
0.96
-0.444021
1.24375
0.445
0.98
0.125
1.2
0.715
0.98
0.365
1.24
0.685
-0.18
0.895
-0.88
1.13875
-1.40375
1.30114
-1.65437
-0.505
0.01
-0.705
0.21
-0.505
0.81
-0.305
0.81
0.295
0.81
0.495
0.81
0.695
0.21
0.595
0.11
0.495
0.01
1.20875
-1.545
0.416293
2
0.885
-0.91
0.367696
1.5
0.695
-0.27
0.384708
1.2
-0.005
0.41
0.7
1
-0.435
0.99
0.411461
0.5
0.425
1
0.404969
0.5
0
-0.005
-0.99
-0.005
0.41
-0.875
-0.09
-0.415
0.96
-0.705
1.17
-0.155
0.96
-0.444021
1.24375
0.445
0.98
0.125
1.2
0.715
0.98
0.365
1.24
0.685
-0.18
0.895
-0.88
1.13875
-1.40375
1.30114
-1.65437
-0.505
0.01
-0.705
0.21
-0.505
0.81
-0.305
0.81
0.295
0.81
0.495
0.81
0.695
0.21
0.595
0.11
0.495
0.01
1.20875
-1.545
0.416293
2
0.885
-0.91
0.367696
1.5
0.695
-0.27
0.384708
1.2
-0.005
0.41
0.7
1
-0.435
0.99
0.411461
0.5
0.425
1
0.404969
0.5
0
-0.005
-0.99
-0.005
0.41
-0.875
-0.09
-0.415
0.96
-0.705
1.17
-0.155
0.96
-0.444021
1.24375
0.445
0.98
0.125
1.2
0.715
0.98
0.365
1.24
0.685
-0.18
0.895
-0.88
1.13875
-1.40375
1.30114
-1.65437
-0.505
0.01
-0.705
0.21
-0.505
0.81
-0.305
0.81
0.295
0.81
0.495
0.81
0.695
0.21
0.595
0.11
0.495
0.01
1.20875
-1.545
0.416293
2
0.885
-0.91
0.367696
1.5
0.695
-0.27
0.384708
1.2
-0.005
0.41
0.7
1
-0.435
0.99
0.411461
0.5
0.425
1
0.404969
0.5
0
-0.005
-0.99
-0.005
0.41
-0.875
-0.09
-0.415
0.96
-0.705
1.17
-0.155
0.96
-0.444021
1.24375
0.445
0.98
0.125
1.2
0.715
0.98
0.365
1.24
0.685
-0.18
0.895
-0.88
1.13875
-1.40375
1.30114
-1.65437
-0.505
0.01
-0.705
0.21
-0.505
0.81
-0.305
0.81
0.295
0.81
0.495
0.81
0.695
0.21
0.595
0.11
0.495
0.01
1.20875
-1.545
0.416293
2
0.885
-0.91
0.367696
1.5
0.695
-0.27
0.384708
1.2
-0.005
0.41
0.7
1
-0.435
0.99
0.411461
0.5
0.425
1
0.404969
0.5
0
-0.005
-0.99
-0.005
0.41
-0.875
-0.09
-0.415
0.96
-0.705
1.17
-0.155
0.96
-0.444021
1.24375
0.445
0.98
0.125
1.2
0.715
0.98
0.365
1.24
0.685
-0.18
0.895
-0.88
1.13875
-1.40375
1.30114
-1.65437
-0.505
0.01
-0.705
0.21
-0.505
0.81
-0.305
0.81
0.295
0.81
0.495
0.81
0.695
0.21
0.595
0.11
0.495
0.01
1.20875
-1.545
0.416293
2
0.885
-0.91
0.367696
1.5
0.695
-0.27
0.384708
1.2
-0.005
0.41
0.7
1
-0.435
0.99
0.411461
0.5
0.425
1
0.404969
0.5
0
-0.005
-0.99
-0.005
0.41
-0.875
-0.09
-0.415
0.96
-0.705
1.17
-0.155
0.96
-0.444021
1.24375
0.445
0.98
0.125
1.2
0.715
0.98
0.365
1.24
0.685
-0.18
0.895
-0.88
1.13875
-1.40375
1.30114
-1.65437
-0.505
0.01
-0.705
0.21
-0.505
0.81
-0.305
0.81
0.295
0.81
0.495
0.81
0.695
0.21
0.595
0.11
0.495
0.01
1.20875
-1.545
0.416293
2
0.885
-0.91
0.367696
1.5
0.695
-0.27
0.384708
1.2
-0.005
0.41
0.7
1
-0.435
0.99
0.411461
0.5
0.425
1
0.404969
0.5
0
-0.005
-0.99
-0.005
0.41
-0.875
-0.09
-0.415
0.96
-0.705
1.17
-0.155
0.96
-0.444021
1.24375
0.445
0.98
0.125
1.2
0.715
0.98
0.365
1.24
0.685
-0.18
0.895
-0.88
1.13875
-1.40375
1.30114
-1.65437
-0.505
0.01
-0.705
0.21
-0.505
0.81
-0.305
0.81
0.295
0.81
0.495
0.81
0.695
0.21
0.595
0.11
0.495
0.01
1.20875
-1.545
0.416293
2
0.885
-0.91
0.367696
1.5
0.695
-0.27
0.384708
1.2
-0.005
0.41
0.7
1
-0.435
0.99
0.411461
0.5
0.425
1
0.404969
0.5
0
-0.005
-0.99
-0.005
0.41
-0.875
-0.09
-0.415
0.96
-0.705
1.17
-0.155
0.96
-0.444021
1.24375
0.445
0.98
0.125
1.2
0.715
0.98
0.365
1.24
0.685
-0.18
0.895
-0.88
1.13875
-1.40375
1.30114
-1.65437
-0.505
0.01
-0.705
0.21
-0.505
0.81
-0.305
0.81
0.295
0.81
0.495
0.81
0.695
0.21
0.595
0.11
0.495
0.01
1.20875
-1.545
0.416293
2
0.885
-0.91
0.367696
1.5
0.695
-0.27
0.384708
1.2
-0.005
0.41
0.7
1
-0.435
0.99
0.411461
0.5
0.425
1
0.404969
0.5
0
-0.005
-0.99
-0.005
0.41
-0.875
-0.09
-0.415
0.96
-0.705
1.17
-0.155
0.96
-0.444021
1.24375
0.445
0.98
0.125
1.2
0.715
0.98
0.365
1.24
0.685
-0.18
0.895
-0.88
1.13875
-1.40375
1.30114
-1.65437
-0.505
0.01
-0.705
0.21
-0.505
0.81
-0.305
0.81
0.295
0.81
0.495
0.81
0.695
0.21
0.595
0.11
0.495
0.01
1.20875
-1.545
0.416293
2
0.885
-0.91
0.367696
1.5
0.695
-0.27
0.384708
1.2
-0.005
0.41
0.7
1
-0.435
0.99
0.411461
0.5
0.425
1
0.404969
0.5
0
-0.005
-0.99
-0.005
0.41
-0.875
-0.09
-0.415
0.96
-0.705
1.17
-0.155
0.96
-0.444021
1.24375
0.445
0.98
0.125
1.2
0.715
0.98
0.365
1.24
0.685
-0.18
0.895
-0.88
1.13875
-1.40375
1.30114
-1.65437
-0.505
0.01
-0.705
0.21
-0.505
0.81
-0.305
0.81
0.295
0.81
0.495
0.81
0.695
0.21
0.595
0.11
0.495
0.01
1.20875
-1.545
0.416293
2
0.885
-0.91
0.367696
1.5
0.695
-0.27
0.384708
1.2
-0.005
0.41
0.7
1
-0.435
0.99
0.411461
0.5
0.425
1
0.404969
0.5
0
-0.005
-0.99
-0.005
0.41
-0.875
-0.09
-0.415
0.96
-0.705
1.17
-0.155
0.96
-0.444021
1.24375
0.445
0.98
0.125
1.2
0.715
0.98
0.365
1.24
0.685
-0.18
0.895
-0.88
1.13875
-1.40375
1.30114
-1.65437
-0.505
0.01
-0.705
0.21
-0.505
0.81
-0.305
0.81
0.295
0.81
0.495
0.81
0.695
0.21
0.595
0.11
0.495
0.01
1.20875
-1.545
0.416293
2
0.885
-0.91
0.367696
1.5
0.695
-0.27
0.384708
1.2
-0.005
0.41
0.7
1
-0.435
0.99
0.411461
0.5
0.425
1
0.404969
0.5
0
-0.005
-0.99
-0.005
0.41
-0.875
-0.09
-0.415
0.96
-0.705
1.17
-0.155
0.96
-0.444021
1.24375
0.445
0.98
0.125
1.2
0.715
0.98
0.365
1.24
0.685
-0.18
0.895
-0.88
1.13875
-1.40375
1.30114
-1.65437
-0.505
0.01
-0.705
0.21
-0.505
0.81
-0.305
0.81
0.295
0.81
0.495
0.81
0.695
0.21
0.595
0.11
0.495
0.01
1.20875
-1.545
0.416293
2
0.885
-0.91
0.367696
1.5
0.695
-0.27
0.384708
1.2
-0.005
0.41
0.7
1
-0.435
0.99
0.411461
0.5
0.425
1
0.404969
0.5
0
-0.005
-0.99
-0.005
0.41
-0.875
-0.09
-0.415
0.96
-0.705
1.17
-0.155
0.96
-0.444021
1.24375
0.445
0.98
0.125
1.2
0.715
0.98
0.365
1.24
0.685
-0.18
0.895
-0.88
1.13875
-1.40375
1.30114
-1.65437
-0.505
0.01
-0.705
0.21
-0.505
0.81
-0.305
0.81
0.295
0.81
0.495
0.81
0.695
0.21
0.595
0.11
0.495
0.01
1.20875
-1.545
0.416293
2
0.885
-0.91
0.367696
1.5
0.695
-0.27
0.384708
1.2
-0.005
0.41
0.7
1
-0.435
0.99
0.411461
0.5
0.425
1
0.404969
0.5
0
-0.005
-0.99
-0.005
0.41
-0.875
-0.09
-0.415
0.96
-0.705
1.17
-0.155
0.96
-0.444021
1.24375
0.445
0.98
0.125
1.2
0.715
0.98
0.365
1.24
0.685
-0.18
0.895
-0.88
1.13875
-1.40375
1.30114
-1.65437
-0.505
0.01
-0.705
0.21
-0.505
0.81
-0.305
0.81
0.295
0.81
0.495
0.81
0.695
0.21
0.595
0.11
0.495
0.01
1.20875
-1.545
0.416293
2
0.885
-0.91
0.367696
1.5
0.695
-0.27
0.384708
1.2
-0.005
0.41
0.7
1
-0.435
0.99
0.411461
0.5
0.425
1
0.404969
0.5
0
-0.005
-0.99
-0.005
0.41
-0.875
-0.09
-0.415
0.96
-0.705
1.17
-0.155
0.96
-0.444021
1.24375
0.445
0.98
0.125
1.2
0.715
0.98
0.365
1.24
0.685
-0.18
0.895
-0.88
1.13875
-1.40375
1.30114
-1.65437
-0.505
0.01
-0.705
0.21
-0.505
0.81
-0.305
0.81
0.295
0.81
0.495
0.81
0.695
0.21
0.595
0.11
0.495
0.01
1.20875
-1.545
0.416293
2
0.885
-0.91
0.367696
1.5
0.695
-0.27
0.384708
1.2
-0.005
0.41
0.7
1
-0.435
0.99
0.411461
0.5
0.425
1
0.404969
0.5
0
-0.005
-0.99
-0.005
0.41
-0.875
-0.09
-0.415
0.96
-0.705
1.17
-0.155
0.96
-0.444021
1.24375
0.445
0.98
0.125
1.2
0.715
0.98
0.365
1.24
0.685
-0.18
0.895
-0.88
1.13875
-1.40375
1.30114
-1.65437
-0.505
0.01
-0.705
0.21
-0.505
0.81
-0.305
0.81
0.295
0.81
0.495
0.81
0.695
0.21
0.595
0.11
0.495
0.01
1.20875
-1.545
0.416293
2
0.885
-0.91
0.367696
1.5
0.695
-0.27
0.384708
1.2
-0.005
0.41
0.7
1
-0.435
0.99
0.411461
0.5
0.425
1
0.404969
0.5
0
-0.005
-0.99
-0.005
0.41
-0.875
-0.09
-0.415
0.96
-0.705
1.17
-0.155
0.96
-0.444021
1.24375
0.445
0.98
0.125
1.2
0.715
0.98
0.365
1.24
0.685
-0.18
0.895
-0.88
1.13875
-1.40375
1.30114
-1.65437
-0.505
0.01
-0.705
0.21
-0.505
0.81
-0.305
0.81
0.295
0.81
0.495
0.81
0.695
0.21
0.595
0.11
0.495
0.01
1.20875
-1.545
0.416293
2
0.885
-0.91
0.367696
1.5
0.695
-0.27
0.384708
1.2
-0.005
0.41
0.7
1
-0.435
0.99
0.411461
0.5
0.425
1
0.404969
0.5
0
-0.005
-0.99
-0.005
0.41
-0.875
-0.09
-0.415
0.96
-0.705
1.17
-0.155
0.96
-0.444021
1.24375
0.445
0.98
0.125
1.2
0.715
0.98
0.365
1.24
0.685
-0.18
0.895
-0.88
1.13875
-1.40375
1.30114
-1.65437
-0.505
0.01
-0.705
0.21
-0.505
0.81
-0.305
0.81
0.295
0.81
0.495
0.81
0.695
0.21
0.595
0.11
0.495
0.01
1.20875
-1.545
0.416293
2
0.885
-0.91
0.367696
1.5
0.695
-0.27
0.384708
1.2
-0.005
0.41
0.7
1
-0.435
0.99
0.411461
0.5
0.425
1
0.404969
0.5
0
-0.005
-0.99
-0.005
0.41
-0.875
-0.09
-0.415
0.96
-0.705
1.17
-0.155
0.96
-0.444021
1.24375
0.445
0.98
0.125
1.2
0.715
0.98
0.365
1.24
0.685
-0.18
0.895
-0.88
1.13875
-1.40375
1.30114
-1.65437
-0.505
0.01
-0.705
0.21
-0.505
0.81
-0.305
0.81
0.295
0.81
0.495
0.81
0.695
0.21
0.595
0.11
0.495
0.01
1.20875
-1.545
0.416293
2
0.885
-0.91
0.367696
1.5
0.695
-0.27
0.384708
1.2
-0.005
0.41
0.7
1
-0.435
0.99
0.411461
0.5
0.425
1
0.404969
0.5
0
-0.005
-0.99
-0.005
0.41
-0.875
-0.09
-0.415
0.96
-0.705
1.17
-0.155
0.96
-0.444021
1.24375
0.445
0.98
0.125
1.2
0.715
0.98
0.365
1.24
0.685
-0.18
0.895
-0.88
1.13875
-1.40375
1.30114
-1.65437
-0.505
0.01
-0.705
0.21
-0.505
0.81
-0.305
0.81
0.295
0.81
0.495
0.81
0.695
0.21
0.595
0.11
0.495
0.01
1.20875
-1.545
0.416293
2
0.885
-0.91
0.367696
1.5
0.695
-0.27
0.384708
1.2
-0.005
0.41
0.7
1
-0.435
0.99
0.411461
0.5
0.425
1
0.404969
0.5
0
-0.005
-0.99
-0.005
0.41
-0.875
-0.09
-0.415
0.96
-0.705
1.17
-0.155
0.96
-0.444021
1.24375
0.445
0.98
0.125
1.2
0.715
0.98
0.365
1.24
0.685
-0.18
0.895
-0.88
1.13875
-1.40375
1.30114
-1.65437
-0.505
0.01
-0.705
0.21
-0.505
0.81
-0.305
0.81
0.295
0.81
0.495
0.81
0.695
0.21
0.595
0.11
0.495
0.01
1.20875
-1.545
0.416293
2
0.885
-0.91
0.367696
1.5
0.695
-0.27
0.384708
1.2
-0.005
0.41
0.7
1
-0.435
0.99
0.411461
0.5
0.425
1
0.404969
0.5
0
-0.005
-0.99
-0.005
0.41
-0.875
-0.09
-0.415
0.96
-0.705
1.17
-0.155
0.96
-0.444021
1.24375
0.445
0.98
0.125
1.2
0.715
0.98
0.365
1.24
0.685
-0.18
0.895
-0.88
1.13875
-1.40375
1.30114
-1.65437
-0.505
0.01
-0.705
0.21
-0.505
0.81
-0.305
0.81
0.295
0.81
0.495
0.81
0.695
0.21
0.595
0.11
0.495
0.01
1.20875
-1.545
0.416293
2
0.885
-0.91
0.367696
1.5
0.695
-0.27
0.384708
1.2
-0.005
0.41
0.7
1
-0.435
0.99
0.411461
0.5
0.425
1
0.404969
0.5
0
-0.005
-0.99
-0.005
0.41
-0.875
-0.09
-0.415
0.96
-0.705
1.17
-0.155
0.96
-0.444021
1.24375
0.445
0.98
0.125
1.2
0.715
0.98
0.365
1.24
0.685
-0.18
0.895
-0.88
1.13875
-1.40375
1.30114
-1.65437
-0.505
0.01
-0.705
0.21
-0.505
0.81
-0.305
0.81
0.295
0.81
0.495
0.81
0.695
0.21
0.595
0.11
0.495
0.01
1.20875
-1.545
0.416293
2
0.885
-0.91
0.367696
1.5
0.695
-0.27
0.384708
1.2
-0.005
0.41
0.7
1
-0.435
0.99
0.411461
0.5
0.425
1
0.404969
0.5
0
-0.005
-0.99
-0.005
0.41
-0.875
-0.09
-0.415
0.96
-0.705
1.17
-0.155
0.96
-0.444021
1.24375
0.445
0.98
0.125
1.2
0.715
0.98
0.365
1.24
0.685
-0.18
0.895
-0.88
1.13875
-1.40375
1.30114
-1.65437
-0.505
0.01
-0.705
0.21
-0.505
0.81
-0.305
0.81
0.295
0.81
0.495
0.81
0.695
0.21
0.595
0.11
0.495
0.01
1.20875
-1.545
0.416293
2
0.885
-0.91
0.367696
1.5
0.695
-0.27
0.384708
1.2
-0.005
0.41
0.7
1
-0.435
0.99
0.411461
0.5
0.425
1
0.404969
0.5
0
-0.005
-0.99
-0.005
0.41
-0.875
-0.09
-0.415
0.96
-0.705
1.17
-0.155
0.96
-0.444021
1.24375
0.445
0.98
0.125
1.2
0.715
0.98
0.365
1.24
0.685
-0.18
0.895
-0.88
1.13875
-1.40375
1.30114
-1.65437
-0.505
0.01
-0.705
0.21
-0.505
0.81
-0.305
0.81
0.295
0.81
0.495
0.81
0.695
0.21
0.595
0.11
0.495
0.01
1.20875
-1.545
0.416293
2
0.885
-0.91
0.367696
1.5
0.695
-0.27
0.384708
1.2
-0.005
0.41
0.7
1
-0.435
0.99
0.411461
0.5
0.425
1
0.404969
0.5
0
-0.005
-0.99
-0.005
0.41
-0.875
-0.09
-0.415
0.96
-0.705
1.17
-0.155
0.96
-0.444021
1.24375
0.445
0.98
0.125
1.2
0.715
0.98
0.365
1.24
0.685
-0.18
0.895
-0.88
1.13875
-1.40375
1.30114
-1.65437
-0.505
0.01
-0.705
0.21
-0.505
0.81
-0.305
0.81
0.295
0.81
0.495
0.81
0.695
0.21
0.595
0.11
0.495
0.01
1.20875
-1.545
0.416293
2
0.885
-0.91
0.367696
1.5
0.695
-0.27
0.384708
1.2
-0.005
0.41
0.7
1
-0.435
0.99
0.411461
0.5
0.425
1
0.404969
0.5
0
-0.005
-0.99
-0.005
0.41
-0.875
-0.09
-0.415
0.96
-0.705
1.17
-0.155
0.96
-0.444021
1.24375
0.445
0.98
0.125
1.2
0.715
0.98
0.365
1.24
0.685
-0.18
0.895
-0.88
1.13875
-1.40375
1.30114
-1.65437
-0.505
0.01
-0.705
0.21
-0.505
0.81
-0.305
0.81
0.295
0.81
0.495
0.81
0.695
0.21
0.595
0.11
0.495
0.01
1.20875
-1.545
0.416293
2
0.885
-0.91
0.367696
1.5
0.695
-0.27
0.384708
1.2
-0.005
0.41
0.7
1
-0.435
0.99
0.411461
0.5
0.425
1
0.404969
0.5
0
-0.005
-0.99
-0.005
0.41
-0.875
-0.09
-0.415
0.96
-0.705
1.17
-0.155
0.96
-0.444021
1.24375
0.445
0.98
0.125
1.2
0.715
0.98
0.365
1.24
0.685
-0.18
0.895
-0.88
1.13875
-1.40375
1.30114
-1.65437
-0.505
0.01
-0.705
0.21
-0.505
0.81
-0.305
0.81
0.295
0.81
0.495
0.81
0.695
0.21
0.595
0.11
0.495
0.01
1.20875
-1.545
0.416293
2
0.885
-0.91
0.367696
1.5
0.695
-0.27
0.384708
1.2
-0.005
0.41
0.7
1
-0.435
0.99
0.411461
0.5
0.425
1
0.404969
0.5
0
-0.005
-0.99
-0.005
0.41
-0.875
-0.09
-0.415
0.96
-0.705
1.17
-0.155
0.96
-0.444021
1.24375
0.445
0.98
0.125
1.2
0.715
0.98
0.365
1.24
0.685
-0.18
0.895
-0.88
1.13875
-1.40375
1.30114
-1.65437
-0.505
0.01
-0.705
0.21
-0.505
0.81
-0.305
0.81
0.295
0.81
0.495
0.81
0.695
0.21
0.595
0.11
0.495
0.01
1.20875
-1.545
0.416293
2
0.885
-0.91
0.367696
1.5
0.695
-0.27
0.384708
1.2
-0.005
0.41
0.7
1
-0.435
0.99
0.411461
0.5
0.425
1
0.404969
0.5
0
-0.005
-0.99
-0.005
0.41
-0.875
-0.09
-0.415
0.96
-0.705
1.17
-0.155
0.96
-0.444021
1.24375
0.445
0.98
0.125
1.2
0.715
0.98
0.365
1.24
0.685
-0.18
0.895
-0.88
1.13875
-1.40375
1.30114
-1.65437
-0.505
0.01
-0.705
0.21
-0.505
0.81
-0.305
0.81
0.295
0.81
0.495
0.81
0.695
0.21
0.595
0.11
0.495
0.01
1.20875
-1.545
0.416293
2
0.885
-0.91
0.367696
1.5
0.695
-0.27
0.384708
1.2
-0.005
0.41
0.7
1
-0.435
0.99
0.411461
0.5
0.425
1
0.404969
0.5
0
-0.005
-0.99
-0.005
0.41
-0.875
-0.09
-0.415
0.96
-0.705
1.17
-0.155
0.96
-0.444021
1.24375
0.445
0.98
0.125
1.2
0.715
0.98
0.365
1.24
0.685
-0.18
0.895
-0.88
1.13875
-1.40375
1.30114
-1.65437
-0.505
0.01
-0.705
0.21
-0.505
0.81
-0.305
0.81
0.295
0.81
0.495
0.81
0.695
0.21
0.595
0.11
0.495
0.01
1.20875
-1.545
0.416293
2
0.885
-0.91
0.367696
1.5
0.695
-0.27
0.384708
1.2
-0.005
0.41
0.7
1
-0.435
0.99
0.411461
0.5
0.425
1
0.404969
0.5
0
-0.005
-0.99
-0.005
0.41
-0.875
-0.09
-0.415
0.96
-0.705
1.17
-0.155
0.96
-0.444021
1.24375
0.445
0.98
0.125
1.2
0.715
0.98
0.365
1.24
0.685
-0.18
0.895
-0.88
1.13875
-1.40375
1.30114
-1.65437
-0.505
0.01
-0.705
0.21
-0.505
0.81
-0.305
0.81
0.295
0.81
0.495
0.81
0.695
0.21
0.595
0.11
0.495
0.01
1.20875
-1.545
0.416293
2
0.885
-0.91
0.367696
1.5
0.695
-0.27
0.384708
1.2
-0.005
0.41
0.7
1
-0.435
0.99
0.411461
0.5
0.425
1
0.404969
0.5
0
-0.005
-0.99
-0.005
0.41
-0.875
-0.09
-0.415
0.96
-0.705
1.17
-0.155
0.96
-0.444021
1.24375
0.445
0.98
0.125
1.2
0.715
0.98
0.365
1.24
0.685
-0.18
0.895
-0.88
1.14188
-1.41188
1.30909
-1.66007
-0.505
0.01
-0.705
0.21
-0.505
0.81
-0.305
0.81
0.295
0.81
0.495
0.81
0.695
0.21
0.595
0.11
0.495
0.01
1.21187
-1.5475
0.416293
2
0.885
-0.91
0.367696
1.5
0.695
-0.27
0.384708
1.2
-0.005
0.41
0.7
1
-0.435
0.99
0.411461
0.5
0.425
1
0.404969
0.5
0
-0.005
-0.99
-0.005
0.41
-0.875
-0.09
-0.415
0.96
-0.705
1.17
-0.155
0.96
-0.444021
1.24375
0.445
0.98
0.125
1.2
0.715
0.98
0.365
1.24
0.685
-0.18
0.895
-0.88
1.14344
-1.41594
1.31306
-1.66292
-0.505
0.01
-0.705
0.21
-0.505
0.81
-0.305
0.81
0.295
0.81
0.495
0.81
0.695
0.21
0.595
0.11
0.495
0.01
1.21344
-1.54875
0.416293
2
0.885
-0.91
0.367696
1.5
0.695
-0.27
0.384708
1.2
-0.005
0.41
0.7
1
-0.435
0.99
0.411461
0.5
0.425
1
0.404969
0.5
0
-0.005
-0.99
-0.005
0.41
-0.875
-0.09
-0.415
0.96
-0.705
1.17
-0.155
0.96
-0.444021
1.24375
0.445
0.98
0.125
1.2
0.715
0.98
0.365
1.24
0.685
-0.18
0.895
-0.88
1.14422
-1.41797
1.31505
-1.66435
-0.505
0.01
-0.705
0.21
-0.505
0.81
-0.305
0.81
0.295
0.81
0.495
0.81
0.695
0.21
0.595
0.11
0.495
0.01
1.21422
-1.54937
0.416293
2
0.885
-0.91
0.367696
1.5
0.695
-0.27
0.384708
1.2
-0.005
0.41
0.7
1
-0.435
0.99
0.411461
0.5
0.425
1
0.404969
0.5
0
-0.005
-0.99
-0.005
0.41
-0.875
-0.09
-0.415
0.96
-0.705
1.17
-0.155
0.96
-0.444021
1.24375
0.445
0.98
0.125
1.2
0.715
0.98
0.365
1.24
0.685
-0.18
0.895
-0.88
1.14461
-1.41898
1.31605
-1.66506
-0.505
0.01
-0.705
0.21
-0.505
0.81
-0.305
0.81
0.295
0.81
0.495
0.81
0.695
0.21
0.595
0.11
0.495
0.01
1.21461
-1.54969
0.416293
2
0.885
-0.91
0.367696
1.5
0.695
-0.27
0.384708
1.2
-0.005
0.41
0.7
1
-0.435
0.99
0.411461
0.5
0.425
1
0.404969
0.5
0
-0.005
-0.99
-0.005
0.41
-0.875
-0.09
-0.415
0.96
-0.705
1.17
-0.155
0.96
-0.444021
1.24375
0.445
0.98
0.125
1.2
0.715
0.98
0.365
1.24
0.685
-0.18
0.895
-0.88
1.1448
-1.41949
1.31654
-1.66541
-0.505
0.01
-0.705
0.21
-0.505
0.81
-0.305
0.81
0.295
0.81
0.495
0.81
0.695
0.21
0.595
0.11
0.495
0.01
1.2148
-1.54984
0.416293
2
0.885
-0.91
0.367696
1.5
0.695
-0.27
0.384708
1.2
-0.005
0.41
0.7
1
-0.435
0.99
0.411461
0.5
0.425
1
0.404969
0.5
0
-0.005
-0.99
-0.005
0.41
-0.875
-0.09
-0.415
0.96
-0.705
1.17
-0.155
0.96
-0.444021
1.24375
0.445
0.98
0.125
1.2
0.715
0.98
0.365
1.24
0.685
-0.18
0.895
-0.88
1.1449
-1.41975
1.31679
-1.66559
-0.505
0.01
-0.705
0.21
-0.505
0.81
-0.305
0.81
0.295
0.81
0.495
0.81
0.695
0.21
0.595
0.11
0.495
0.01
1.2149
-1.54992
0.416293
2
0.885
-0.91
0.367696
1.5
0.695
-0.27
0.384708
1.2
-0.005
0.41
0.7
1
-0.435
0.99
0.411461
0.5
0.425
1
0.404969
0.5
0
-0.005
-0.99
-0.005
0.41
-0.875
-0.09
-0.415
0.96
-0.705
1.17
-0.155
0.96
-0.444021
1.24375
0.445
0.98
0.125
1.2
0.715
0.98
0.365
1.24
0.685
-0.18
0.895
-0.88
1.14495
-1.41987
1.31691
-1.66568
-0.505
0.01
-0.705
0.21
-0.505
0.81
-0.305
0.81
0.295
0.81
0.495
0.81
0.695
0.21
0.595
0.11
0.495
0.01
1.21495
-1.54996
0.416293
2
0.885
-0.91
0.367696
1.5
0.695
-0.27
0.384708
1.2
-0.005
0.41
0.7
1
-0.435
0.99
0.411461
0.5
0.425
1
0.404969
0.5
0
-0.005
-0.99
-0.005
0.41
-0.875
-0.09
-0.415
0.96
-0.705
1.17
-0.155
0.96
-0.444021
1.24375
0.445
0.98
0.125
1.2
0.715
0.98
0.365
1.24
0.685
-0.18
0.895
-0.88
1.14498
-1.41994
1.31698
-1.66572
-0.505
0.01
-0.705
0.21
-0.505
0.81
-0.305
0.81
0.295
0.81
0.495
0.81
0.695
0.21
0.595
0.11
0.495
0.01
1.21498
-1.54998
0.416293
2
0.885
-0.91
0.367696
1.5
0.695
-0.27
0.384708
1.2
-0.005
0.41
0.7
1
-0.435
0.99
0.411461
0.5
0.425
1
0.404969
0.5
0
-0.005
-0.99
-0.005
0.41
-0.875
-0.09
-0.415
0.96
-0.705
1.17
-0.155
0.96
-0.444021
1.24375
0.445
0.98
0.125
1.2
0.715
0.98
0.365
1.24
0.685
-0.18
0.895
-0.88
1.14499
-1.41997
1.31701
-1.66575
-0.505
0.01
-0.705
0.21
-0.505
0.81
-0.305
0.81
0.295
0.81
0.495
0.81
0.695
0.21
0.595
0.11
0.495
0.01
1.21499
-1.54999
0.416293
2
0.885
-0.91
0.367696
1.5
0.695
-0.27
0.384708
1.2
-0.005
0.41
0.7
1
-0.435
0.99
0.411461
0.5
0.425
1
0.404969
0.5
0
-0.005
-0.99
-0.005
0.41
-0.875
-0.09
-0.415
0.96
-0.705
1.17
-0.155
0.96
-0.444021
1.24375
0.445
0.98
0.125
1.2
0.715
0.98
0.365
1.24
0.685
-0.18
0.895
-0.88
1.14499
-1.41998
1.31702
-1.66576
-0.505
0.01
-0.705
0.21
-0.505
0.81
-0.305
0.81
0.295
0.81
0.495
0.81
0.695
0.21
0.595
0.11
0.495
0.01
1.21499
-1.55
0.416293
2
0.885
-0.91
0.367696
1.5
0.695
-0.27
0.384708
1.2
-0.005
0.41
0.7
1
-0.435
0.99
0.411461
0.5
0.425
1
0.404969
0.5
0
-0.005
-0.99
-0.005
0.41
-0.875
-0.09
-0.415
0.96
-0.705
1.17
-0.155
0.96
-0.444021
1.24375
0.445
0.98
0.125
1.2
0.715
0.98
0.365
1.24
0.685
-0.18
0.895
-0.88
1.145
-1.41999
1.31703
-1.66576
-0.505
0.01
-0.705
0.21
-0.505
0.81
-0.305
0.81
0.295
0.81
0.495
0.81
0.695
0.21
0.595
0.11
0.495
0.01
1.215
-1.55
0.416293
2
0.885
-0.91
0.367696
1.5
0.695
-0.27
0.384708
1.2
-0.005
0.41
0.7
1
-0.435
0.99
0.411461
0.5
0.425
1
0.404969
0.5
0
-0.005
-0.99
-0.005
0.41
-0.875
-0.09
-0.415
0.96
-0.705
1.17
-0.155
0.96
-0.444021
1.24375
0.445
0.98
0.125
1.2
0.715
0.98
0.365
1.24
0.685
-0.18
0.895
-0.88
1.145
-1.42
1.31703
-1.66577
-0.505
0.01
-0.705
0.21
-0.505
0.81
-0.305
0.81
0.295
0.81
0.495
0.81
0.695
0.21
0.595
0.11
0.495
0.01
1.215
-1.55
0.416293
2
0.885
-0.91
0.367696
1.5
0.695
-0.27
0.384708
1.2
-0.005
0.41
0.7
1
-0.435
0.99
0.411461
0.5
0.425
1
0.404969
0.5
0
-0.005
-0.99
-0.005
0.41
-0.875
-0.09
-0.415
0.96
-0.705
1.17
-0.155
0.96
-0.444021
1.24375
0.445
0.98
0.125
1.2
0.715
0.98
0.365
1.24
0.685
-0.18
0.895
-0.88
1.145
-1.42
1.31704
-1.66577
-0.505
0.01
-0.705
0.21
-0.505
0.81
-0.305
0.81
0.295
0.81
0.495
0.81
0.695
0.21
0.595
0.11
0.495
0.01
1.215
-1.55
0.416293
2
0.885
-0.91
0.367696
1.5
0.695
-0.27
0.384708
1.2
-0.005
0.41
0.7
1
-0.435
0.99
0.411461
0.5
0.425
1
0.404969
0.5
0
-0.005
-0.99
-0.005
0.41
-0.875
-0.09
-0.415
0.96
-0.705
1.17
-0.155
0.96
-0.444021
1.24375
0.445
0.98
0.125
1.2
0.715
0.98
0.365
1.24
0.685
-0.18
0.895
-0.88
1.145
-1.42
1.31704
-1.66577
-0.505
0.01
-0.705
0.21
-0.505
0.81
-0.305
0.81
0.295
0.81
0.495
0.81
0.695
0.21
0.595
0.11
0.495
0.01
1.215
-1.55
0.416293
2
0.885
-0.91
0.367696
1.5
0.695
-0.27
0.384708
1.2
-0.005
0.41
0.7
1
-0.435
0.99
0.411461
0.5
0.425
1
0.404969
0.5
0
-0.005
-0.99
-0.005
0.41
-0.875
-0.09
-0.415
0.96
-0.705
1.17
-0.155
0.96
-0.444021
1.24375
0.445
0.98
0.125
1.2
0.715
0.98
0.365
1.24
0.685
-0.18
0.895
-0.88
1.145
-1.42
1.31704
-1.66577
-0.505
0.01
-0.705
0.21
-0.505
0.81
-0.305
0.81
0.295
0.81
0.495
0.81
0.695
0.21
0.595
0.11
0.495
0.01
1.215
-1.55
0.416293
2
0.885
-0.91
0.367696
1.5
0.695
-0.27
0.384708
1.2
-0.005
0.41
0.7
1
-0.435
0.99
0.411461
0.5
0.425
1
0.404969
0.5
0
-0.005
-0.99
-0.005
0.41
-0.875
-0.09
-0.415
0.96
-0.705
1.17
-0.155
0.96
-0.444021
1.24375
0.445
0.98
0.125
1.2
0.715
0.98
0.365
1.24
0.685
-0.18
0.895
-0.88
1.145
-1.42
1.31704
-1.66577
-0.505
0.01
-0.705
0.21
-0.505
0.81
-0.305
0.81
0.295
0.81
0.495
0.81
0.695
0.21
0.595
0.11
0.495
0.01
1.215
-1.55
0.416293
2
0.885
-0.91
0.367696
1.5
0.695
-0.27
0.384708
1.2
-0.005
0.41
0.7
1
-0.435
0.99
0.411461
0.5
0.425
1
0.404969
0.5
0
-0.005
-0.99
-0.005
0.41
-0.875
-0.09
-0.415
0.96
-0.705
1.17
-0.155
0.96
-0.444021
1.24375
0.445
0.98
0.125
1.2
0.715
0.98
0.365
1.24
0.685
-0.18
0.895
-0.88
1.145
-1.42
1.31704
-1.66577
-0.505
0.01
-0.705
0.21
-0.505
0.81
-0.305
0.81
0.295
0.81
0.495
0.81
0.695
0.21
0.595
0.11
0.495
0.01
1.215
-1.55
0.416293
2
0.885
-0.91
0.367696
1.5
0.695
-0.27
0.384708
1.2
-0.005
0.41
0.7
1
-0.435
0.99
0.411461
0.5
0.425
1
0.404969
0.5
0
-0.005
-0.99
-0.005
0.41
-0.875
-0.09
-0.415
0.96
-0.705
1.17
-0.155
0.96
-0.444021
1.24375
0.445
0.98
0.125
1.2
0.715
0.98
0.365
1.24
0.685
-0.18
0.895
-0.88
1.145
-1.42
1.31704
-1.66577
-0.505
0.01
-0.705
0.21
-0.505
0.81
-0.305
0.81
0.295
0.81
0.495
0.81
0.695
0.21
0.595
0.11
0.495
0.01
1.215
-1.55
0.416293
2
0.885
-0.91
0.367696
1.5
0.695
-0.27
0.384708
1.2
-0.005
0.41
0.7
1
-0.435
0.99
0.411461
0.5
0.425
1
0.404969
0.5
0
-0.005
-0.99
-0.005
0.41
-0.875
-0.09
-0.415
0.96
-0.705
1.17
-0.155
0.96
-0.444021
1.24375
0.445
0.98
0.125
1.2
0.715
0.98
0.365
1.24
0.685
-0.18
0.845
-0.95
1.205
-1.44
1.45687
-1.60298
-0.505
0.01
-0.705
0.21
-0.505
0.81
-0.305
0.81
0.295
0.81
0.495
0.81
0.695
0.21
0.595
0.11
0.495
0.01
1.355
-1.52
0.416293
2
0.885
-0.91
0.367696
1.5
0.695
-0.27
0.384708
1.2
-0.005
0.41
0.7
1
-0.435
0.99
0.411461
0.5
0.425
1
0.404969
0.5
0
-0.005
-0.99
-0.005
0.41
-0.875
-0.09
-0.415
0.96
-0.705
1.17
-0.155
0.96
-0.444021
1.24375
0.445
0.98
0.125
1.2
0.715
0.98
0.365
1.24
0.685
-0.18
0.795
-1.07
1.205
-1.44
1.49555
-1.51471
-0.505
0.01
-0.705
0.21
-0.505
0.81
-0.305
0.81
0.295
0.81
0.495
0.81
0.695
0.21
0.595
0.11
0.495
0.01
1.355
-1.46
0.416293
2
0.885
-0.91
0.367696
1.5
0.695
-0.27
0.384708
1.2
-0.005
0.41
0.7
1
-0.435
0.99
0.411461
0.5
0.425
1
0.404969
0.5
0
-0.005
-0.99
-0.005
0.41
-0.875
-0.09
-0.415
0.96
-0.705
1.17
-0.155
0.96
-0.444021
1.24375
0.445
0.98
0.125
1.2
0.715
0.98
0.365
1.24
0.685
-0.18
0.785
-1.18
1.205
-1.44
1.50464
-1.45462
-0.505
0.01
-0.705
0.21
-0.505
0.81
-0.305
0.81
0.295
0.81
0.495
0.81
0.695
0.21
0.595
0.11
0.495
0.01
1.355
-1.46
0.416293
2
0.885
-0.91
0.367696
1.5
0.695
-0.27
0.384708
1.2
-0.005
0.41
0.7
1
-0.435
0.99
0.411461
0.5
0.425
1
0.404969
0.5
0
-0.005
-0.99
-0.005
0.41
-0.875
-0.09
-0.415
0.96
-0.705
1.17
-0.155
0.96
-0.444021
1.24375
0.445
0.98
0.125
1.2
0.715
0.98
0.375
1.245
0.58
-0.405
0.615
-1.235
1.175
-1.48
1.47479
-1.48437
-0.505
0.01
-0.705
0.21
-0.505
0.81
-0.305
0.81
0.295
0.81
0.495
0.81
0.695
0.21
0.595
0.11
0.495
0.01
1.355
-1.525
0.416293
2
0.905
-0.895
0.367696
1.5
0.705
-0.235
0.384708
1.2
-0.005
0.41
0.7
1
-0.385
1.185
0.411461
0.5
0.45
1.195
0.404969
0.5
0
-0.005
-0.99
-0.005
0.41
-0.875
-0.09
-0.415
0.96
-0.705
1.17
-0.155
0.96
-0.444021
1.24375
0.445
0.98
0.125
1.2
0.715
0.98
0.385
1.25
0.475
-0.63
0.445
-1.29
1.145
-1.52
1.44494
-1.51412
-0.505
0.01
-0.705
0.21
-0.505
0.81
-0.305
0.81
0.295
0.81
0.495
0.81
0.695
0.21
0.595
0.11
0.495
0.01
1.355
-1.59
0.456946
2
0.925
-0.88
0.39
1.5
0.715
-0.2
0.358469
1.2
-0.005
0.41
0.7
1
-0.335
1.38
0.411461
0.5
0.475
1.39
0.404969
0.5
0
