49
10
15
9
6
-0.005
-0.99
-0.005
0.41
-0.825
-0.12
-0.455
1.18
-0.515
1.58
-0.225
1.23
-0.265
1.68
0.345
1.19
0.275
1.58
0.625
1.23
0.605
1.67
0.73
-0.26
0.99
-1.05
1.24
-1.61
1.53994
-1.60412
-0.505
0.01
-0.705
0.21
-0.505
0.81
-0.305
0.81
0.295
0.81
0.495
0.81
0.695
0.21
0.595
0.11
0.495
0.01
1.355
-1.59
0.456946
2
0.925
-0.88
0.39
1.5
0.715
-0.2
0.358469
1.2
-0.005
0.41
0.7
1
-0.335
1.38
0.411461
0.5
0.475
1.39
0.404969
0.5
0
-0.171696
-0.597054
-0.095
0.4
-0.951945
-0.0682219
-0.487111
1.20118
-0.517485
1.60457
-0.254018
1.2341
-0.260759
1.6859
0.295
1.1
0.235
1.44
0.575
1.14
0.565
1.55
0.524311
-0.448048
0.772757
-1.42916
1.29142
-1.46747
1.57485
-1.369
-0.623188
0.0378667
-0.807939
0.252089
-0.564244
0.835813
-0.364758
0.821077
0.233702
0.776869
0.433188
0.762133
0.588467
0.148938
0.481356
0.0565624
0.374244
-0.0358127
1.39632
-1.40502
0.456946
2
0.777463
-0.958157
0.39
1.5
0.565286
-0.300644
0.380132
1.2
-0.095
0.4
0.7
1
-0.352684
1.39182
0.411461
0.5
0.455974
1.34212
0.404969
0.5
0
-0.228788
-0.605592
-0.135
0.39
-1.00477
-0.0539484
-0.504435
1.20188
-0.523458
1.60597
-0.270508
1.22825
-0.264548
1.68005
0.265
1.04
0.225
1.4
0.555
1.06
0.545
1.49
0.413091
-0.641216
0.703727
-1.53553
1.33347
-1.17764
1.58348
-1.01175
-0.673159
0.0428572
-0.851815
0.262188
-0.591808
0.838831
-0.392815
0.818493
0.204165
0.757481
0.403159
0.737143
0.54114
0.119825
0.431474
0.0304968
0.321808
-0.058831
1.45206
-1.09928
0.456946
2
0.698941
-0.992145
0.39
1.5
0.50533
-0.328927
0.380132
1.2
-0.135
0.39
0.7
1
-0.364702
1.38868
0.411461
0.5
0.442239
1.31626
0.404969
0.5
0
-0.365442
-0.608619
-0.215
0.38
-1.11163
-0.00677931
-0.531166
1.21405
-0.524024
1.61852
-0.296029
1.22524
-0.260871
1.6757
0.265
1
0.225
1.35
0.535
1.01
0.545
1.41
0.192823
-0.753428
0.500955
-1.45429
1.2581
-0.871655
1.49962
-0.69362
-0.774465
0.0683828
-0.938564
0.298801
-0.641826
0.857416
-0.444568
0.824256
0.147207
0.724777
0.344466
0.691617
0.442245
0.0666823
0.327035
-0.0153669
0.211826
-0.0974161
1.43415
-0.789691
0.456946
2
0.674278
-0.966203
0.39
1.5
0.377498
-0.378807
0.380132
1.2
-0.215
0.38
0.7
1
-0.379651
1.39142
0.411461
0.5
0.420903
1.26698
0.404969
0.5
0
-0.417057
-0.618372
-0.265
0.37
-1.17836
0.0241316
-0.543148
1.21764
-0.517708
1.62143
-0.307708
1.21817
-0.252195
1.66665
0.215
0.99
0.225
1.31
0.495
0.97
0.525
1.36
0.280559
-0.70908
0.647764
-1.09499
1.5158
-0.626827
1.79946
-0.528884
-0.838084
0.0839705
-0.991613
0.321616
-0.669852
0.866319
-0.474265
0.824262
0.112497
0.698088
0.308084
0.656029
0.377498
0.0272099
0.258675
-0.0495549
0.139852
-0.126319
1.67301
-0.609474
0.456946
2
0.879203
-0.827578
0.39
1.5
0.400955
-0.387097
0.380132
1.2
-0.265
0.37
0.7
1
-0.383738
1.38799
0.411461
0.5
0.410494
1.22744
0.404969
0.5
0
-0.602869
-0.611297
-0.365
0.36
-1.30339
0.0891147
-0.573698
1.2274
-0.515684
1.62783
-0.338975
1.20889
-0.24737
1.65144
0.185
0.93
0.225
1.27
0.425
0.88
0.535
1.25
0.458919
-0.442096
0.870625
-0.670676
1.4386
-0.831432
1.7303
-0.901972
-0.959368
0.121241
-1.09318
0.370536
-0.728406
0.887461
-0.536852
0.829721
0.0378129
0.656499
0.229368
0.598759
0.247702
-0.0336459
0.123054
-0.100553
-0.00159317
-0.167461
1.54487
-0.89481
0.456946
2
0.891751
-0.635252
0.39
1.5
0.341236
-0.312591
0.380132
1.2
-0.365
0.36
0.7
1
-0.401025
1.38431
0.411461
0.5
0.37766
1.16004
0.404969
0.5
0
-0.674456
-0.615755
-0.415
0.35
-1.36419
0.119449
-0.58645
1.22561
-0.511367
1.62323
-0.352711
1.19708
-0.242266
1.63534
0.125
0.82
0.205
1.12
0.335
0.72
0.455
1.04
0.52616
-0.23247
1.14347
-0.437136
1.33619
-0.917545
1.3646
-1.21633
-1.01908
0.136843
-1.14213
0.391653
-0.755561
0.892561
-0.566632
0.826679
0.000154957
0.629037
0.189084
0.563156
0.180371
-0.0695114
0.0529665
-0.131036
-0.0744382
-0.19256
1.39112
-1.06384
0.456946
2
1.03496
-0.505248
0.39
1.5
0.434119
-0.25335
0.380132
1.2
-0.415
0.35
0.7
1
-0.407212
1.37501
0.411461
0.5
0.361246
1.11764
0.404969
0.5
0
-0.915123
-0.587467
-0.495
0.32
-1.47091
0.268919
-0.545
1.21
-0.505
1.62
-0.295
1.19
-0.255
1.61
0.075
0.71
0.125
1.01
0.285
0.6
0.365
0.9
0.613062
-0.443626
1.17716
-0.767735
1.04527
-1.41919
0.923028
-1.69345
-1.12837
0.222177
-1.20222
0.495471
-0.72947
0.916454
-0.555901
0.816727
-0.035195
0.517549
0.138374
0.417823
0.0127648
-0.202609
-0.123882
-0.239531
-0.26053
-0.276452
0.985435
-1.52333
0.456946
2
0.915132
-0.801878
0.39
1.5
0.368581
-0.407047
0.380132
1.2
-0.495
0.32
0.7
1
-0.297718
1.32636
0.411461
0.5
0.410223
0.931147
0.404969
0.5
0
-1.31201
-0.502233
-0.715
0.3
-1.67838
0.463594
-0.545
1.21
-0.495
1.63
-0.295
1.19
-0.255
1.62
-0.0723284
0.494116
0.017742
0.781916
0.0756738
0.320567
0.213018
0.639459
0.506563
-0.426153
0.893837
-1.18853
0.104996
-2.10822
-0.0742575
-2.34908
-1.35439
0.343074
-1.36666
0.625883
-0.813329
0.93325
-0.665786
0.797985
-0.223154
0.392191
-0.0756106
0.256925
-0.333862
-0.320971
-0.475266
-0.327111
-0.616671
-0.33325
0.120366
-2.13589
0.533385
2
0.451179
-1.2715
0.487032
1.5
0.0442265
-0.545396
0.445982
1.2
-0.715
0.3
0.7
1
-0.302413
1.23877
0.411461
0.5
0.301903
0.698329
0.404969
0.5
1
-0.262684
-2.61295
0.872811
0
-1
1.4
0.2
1.1
0
-1.385
-0.32
-0.755
0.36
-1.67395
0.694014
-0.525
1.21
-0.495
1.63
-0.295
1.2
-0.255
1.62
-0.127169
0.372657
0.00265366
0.622682
-0.00875992
0.208298
0.169254
0.471729
0.519795
-0.659271
0.6236
-1.40985
-0.633463
-2.38737
-0.861511
-2.58295
-1.37666
0.517204
-1.33797
0.797797
-0.738092
1.00101
-0.617141
0.841365
-0.254289
0.362439
-0.133338
0.202796
-0.491314
-0.319699
-0.631611
-0.300353
-0.771907
-0.281008
-0.689338
-2.42971
0.57
2
0.0225174
-1.7773
0.487032
1.5
0.25325
-1.03711
0.445982
1.2
-0.755
0.36
0.7
1
0.0197549
0.846476
0.631506
0.5
-0.27409
-0.506912
0.404969
0.5
1
-0.998704
-2.65153
0.872811
0
-1
1.4
0.2
1.1
0
-1.4298
-0.28828
-0.695
0.39
-1.57845
0.808774
-0.515
1.19
-0.485
1.63
-0.275
1.19
-0.245
1.62
-0.0689247
0.319018
0.0796015
0.456831
0.0419835
0.161707
0.235
0.34
0.63567
-0.694072
0.651521
-1.70887
-1.05288
-2.6463
-1.31271
-2.79707
-1.2991
0.604854
-1.23424
0.880551
-0.617992
1.02653
-0.512574
0.856253
-0.196317
0.345422
-0.0908981
0.175144
-0.49631
-0.31139
-0.634158
-0.27896
-0.772007
-0.246532
-1.08572
-2.6313
0.57
2
-0.293526
-2.04663
0.487032
1.5
0.229452
-1.36954
0.445982
1.2
-0.695
0.39
0.7
1
0.12193
0.801546
0.631506
0.5
-0.092083
-0.602878
0.518652
0.5
1
-1.57993
-2.78417
0.872811
0
-1
1.4
0.2
1.1
0
-1.425
-0.14
-0.625
0.42
-1.47992
0.894757
-0.465
1.19
-0.495
1.63
-0.235
1.16
-0.255
1.61
-0.0246856
0.33917
0.0480271
0.505152
0.0826065
0.184807
0.192659
0.375445
0.756731
-0.9997
0.280217
-1.95773
-1.62854
-2.80574
-1.89758
-2.93953
-1.21418
0.673269
-1.13174
0.944292
-0.507241
1.05041
-0.412957
0.873674
-0.130101
0.343468
-0.0358159
0.166732
-0.471736
-0.29286
-0.607247
-0.251634
-0.742758
-0.210409
-1.6203
-2.77864
0.626418
2
-0.586396
-2.22707
0.553263
1.5
0.0480397
-1.47995
0.466154
1.2
-0.625
0.42
0.7
1
0.216865
0.77831
0.631506
0.5
-0.0869809
-0.60978
0.518652
0.5
1
-1.98261
-2.97192
0.872811
0
-1
1.4
0.2
1.1
0
-1.27697
-0.281384
-0.595
0.45
-1.52346
0.756031
-0.465
1.22
-0.505
1.63
-0.215
1.18
-0.255
1.61
0.00761783
0.497399
0.0340149
0.658123
0.117976
0.361554
0.17001
0.53426
1.02783
-0.685252
0.739392
-1.7153
-0.92079
-2.85462
-1.15991
-3.03642
-1.22102
0.588319
-1.19084
0.869905
-0.597474
1.09112
-0.471775
0.935229
-0.0946768
0.467568
0.0310223
0.311681
-0.310939
-0.221304
-0.451732
-0.20621
-0.592525
-0.191117
-0.917772
-2.82646
0.626418
2
-0.0454333
-2.16164
0.553263
1.5
0.423636
-1.33966
0.466154
1.2
-0.595
0.45
0.7
1
0.164566
0.959576
0.631506
0.5
0.126262
-0.460429
0.518652
0.5
0
-1.125
-0.2
-0.585
0.46
-1.53693
0.681359
-0.465
1.22
-0.505
1.63
-0.225
1.19
-0.245
1.61
0.00109923
0.563926
-0.00923336
0.701147
0.143817
0.438314
0.141144
0.60455
1.13275
-0.524667
0.938029
-1.57616
-0.587463
-2.83172
-0.809234
-3.0342
-1.22074
0.541521
-1.21596
0.824602
-0.64502
1.09812
-0.505867
0.9542
-0.088413
0.522408
0.0507388
0.378479
-0.241899
-0.182906
-0.383439
-0.180517
-0.52498
-0.178128
-0.586986
-2.80342
0.626418
2
0.20535
-2.10003
0.553263
1.5
0.593026
-1.25532
0.466154
1.2
-0.585
0.46
0.7
1
0.125542
1.03557
0.631506
0.5
0.214883
-0.38175
0.518652
0.5
0
-1.175
-0.33
-0.575
0.47
-1.54032
0.621683
-0.475
1.23
-0.505
1.63
-0.255
1.21
-0.255
1.6
-0.0079152
0.618071
-0.0484655
0.727432
0.164115
0.504408
0.111277
0.656778
1.20935
-0.387292
1.09145
-1.44995
-0.31552
-2.78301
-0.521981
-3.001
-1.21487
0.505174
-1.23064
0.787807
-0.681142
1.10198
-0.531939
0.968553
-0.0843357
0.568256
0.0648656
0.434825
-0.186226
-0.14621
-0.327542
-0.154096
-0.468858
-0.161981
-0.317096
-2.75474
0.614654
2
0.408166
-2.03384
0.496488
1.5
0.729066
-1.17958
0.487647
1.2
-0.575
0.47
0.7
1
0.0917908
1.09549
0.631506
0.5
0.283697
-0.31136
0.518652
0.5
0
-1.09325
-0.346314
-0.545
0.49
-1.51636
0.597674
-0.465
1.29
-0.515
1.63
-0.265
1.22
-0.245
1.61
0.0087254
0.653503
-0.0188864
0.778677
0.191216
0.551705
0.148743
0.714359
1.26113
-0.306613
1.15315
-1.37144
-0.124051
-2.72733
-0.31668
-2.95736
-1.1859
0.49606
-1.2145
0.777726
-0.679773
1.11659
-0.524638
0.990064
-0.059236
0.610471
0.0958988
0.48394
-0.128561
-0.107994
-0.269394
-0.122296
-0.410227
-0.136597
-0.134256
-2.71416
0.614654
2
0.532827
-1.9537
0.496488
1.5
0.805566
-1.09277
0.487647
1.2
-0.545
0.49
0.7
1
0.0927726
1.14525
0.631506
0.5
0.327812
-0.267115
0.518652
0.5
0
-0.9691
-0.360471
-0.495
0.52
-1.47194
0.547829
-0.475
1.32
-0.515
1.62
-0.265
1.26
-0.255
1.61
0.0381929
0.717612
0.0168546
0.859202
0.233525
0.635444
0.194068
0.808208
1.35641
-0.148495
1.2974
-1.21938
0.199973
-2.63015
0.0307587
-2.8777
-1.13426
0.473595
-1.18582
0.751982
-0.680598
1.13348
-0.515626
1.02007
-0.0207127
0.67982
0.144259
0.566405
-0.0310144
-0.0419245
-0.170208
-0.0677027
-0.309401
-0.0934808
0.182574
-2.63337
0.614654
2
0.759962
-1.8156
0.496488
1.5
0.952886
-0.943063
0.487647
1.2
-0.495
0.52
0.7
1
0.0870275
1.22526
0.631506
0.5
0.417499
-0.18021
0.518652
0.5
0
-0.893606
-0.358534
-0.455
0.54
-1.43177
0.51198
-0.465
1.33
-0.525
1.61
-0.265
1.27
-0.265
1.61
0.08
0.76
0.035
0.91
0.27
0.685
0.225
0.88
1.41862
-0.0446086
1.38245
-1.11982
0.429583
-2.54217
0.278888
-2.80125
-1.09046
0.457166
-1.15783
0.73211
-0.675305
1.14178
-0.504151
1.03799
0.00930899
0.726623
0.180463
0.622833
0.040248
0.00558344
-0.0972232
-0.0280986
-0.234695
-0.0617807
0.407107
-2.56221
0.614654
2
0.91125
-1.70905
0.496488
1.5
1.04599
-0.835346
0.487647
1.2
-0.455
0.54
0.7
1
0.085703
1.27723
0.631506
0.5
0.477457
-0.124907
0.518652
0.5
0
-0.805
-0.35
-0.385
0.55
-1.3604
0.491963
-0.453058
1.34812
-0.5225
1.61585
-0.261065
1.29482
-0.272298
1.61463
0.1573
0.779181
0.0917198
0.93698
0.340001
0.705547
0.292303
0.924012
1.49388
-0.00023818
1.45249
-1.08038
0.603912
-2.4803
0.465428
-2.74603
-1.01758
0.447672
-1.09336
0.7204
-0.623691
1.14469
-0.449436
1.04622
0.0733283
0.7508
0.247584
0.652328
0.12642
0.0310894
-0.00994435
-0.00680137
-0.146308
-0.0446926
0.577399
-2.51704
0.614654
2
1.02942
-1.64596
0.496488
1.5
1.12954
-0.777182
0.487647
1.2
-0.385
0.55
0.7
1
0.132755
1.30347
0.631506
0.5
0.549737
-0.104675
0.518652
0.5
0
-0.695
-0.38
-0.315
0.54
-1.28759
0.445977
-0.449158
1.33275
-0.527362
1.59806
-0.246216
1.29645
-0.27725
1.60507
0.234454
0.787901
0.148756
0.942443
0.410181
0.709652
0.350679
0.921108
1.57205
0.035584
1.53249
-1.05113
0.794337
-2.42829
0.670008
-2.70093
-0.94337
0.414377
-1.02917
0.684119
-0.575493
1.12547
-0.397721
1.0335
0.135597
0.75759
0.31337
0.665622
0.215235
0.0403344
0.0803641
-0.00256687
-0.054507
-0.0454687
0.765126
-2.48217
0.614654
2
1.15895
-1.59306
0.496488
1.5
1.21956
-0.73006
0.487647
1.2
-0.315
0.54
0.7
1
0.174569
1.31208
0.631506
0.5
0.626304
-0.0991179
0.518652
0.5
0
-0.575
-0.38
-0.225
0.55
-1.19533
0.434788
-0.402232
1.32774
-0.535805
1.59731
-0.185
1.28
-0.275
1.59
0.334935
0.808895
0.231562
0.960614
0.502919
0.722952
0.435122
0.927915
1.66211
0.0627446
1.60823
-1.03091
0.957687
-2.36992
0.843603
-2.64716
-0.850495
0.410702
-0.942163
0.678514
-0.498204
1.12966
-0.318464
1.04159
0.220756
0.777371
0.400496
0.689298
0.316018
0.0620044
0.182111
0.0161711
0.0482044
-0.0296625
0.925805
-2.44067
0.614654
2
1.27441
-1.54159
0.496488
1.5
1.30895
-0.686434
0.487647
1.2
-0.225
0.55
0.7
1
0.247627
1.33259
0.631506
0.5
0.713334
-0.0881018
0.518652
0.5
0
-0.509775
-0.439166
-0.195
0.51
-1.1556
0.336411
-0.391066
1.29416
-0.535
1.59
-0.155231
1.29825
-0.260467
1.58905
0.350511
0.827356
0.22079
0.964848
0.531757
0.775577
0.4278
0.955926
1.70837
0.113199
1.68371
-0.990997
1.16723
-2.30573
1.0747
-2.59054
-0.810292
0.333256
-0.917902
0.594763
-0.502497
1.07149
-0.317939
0.994538
0.235735
0.763693
0.420293
0.686744
0.374005
0.0561212
0.243252
0.00231677
0.112498
-0.0514881
1.13765
-2.39477
0.614654
2
1.40513
-1.47838
0.496488
1.5
1.38161
-0.633267
0.487647
1.2
-0.195
0.51
0.7
1
0.22894
1.31896
0.631506
0.5
0.764799
-0.0908633
0.518652
0.5
0
-0.491228
-0.428683
-0.175
0.52
-1.13592
0.343515
-0.395
1.3
-0.541374
1.58096
-0.155
1.29
-0.265
1.58
0.375048
0.864199
0.226765
0.995403
0.567139
0.835861
0.43699
0.99823
1.72116
0.103946
1.66174
-1.00847
1.20476
-2.27048
1.11729
-2.55764
-0.790311
0.341345
-0.89876
0.602767
-0.484365
1.08108
-0.29943
1.0046
0.255376
0.775141
0.440312
0.698655
0.395788
0.0673623
0.265077
0.0131376
0.134366
-0.0410871
1.17194
-2.37602
0.544518
2
1.41122
-1.45711
0.439318
1.5
1.37823
-0.620499
0.438634
1.2
-0.175
0.52
0.7
1
0.246986
1.33086
0.631506
0.5
0.771081
-0.0986814
0.463249
0.5
0
-0.475
-0.44
-0.165
0.51
-1.12119
0.31251
-0.375
1.3
-0.545
1.57
-0.145
1.29
-0.245
1.58
0.388168
0.886099
0.256798
1.02015
0.57553
0.839743
0.471809
1.02514
1.69042
0.103799
1.68278
-0.979988
1.28164
-2.22083
1.20665
-2.51061
-0.775836
0.317952
-0.889947
0.576756
-0.48645
1.06378
-0.299993
0.991434
0.259379
0.774394
0.445837
0.702048
0.415254
0.0703291
0.285852
0.013274
0.15645
-0.0437815
1.25077
-2.32817
0.544518
2
1.45631
-1.42403
0.439318
1.5
1.39088
-0.606518
0.438634
1.2
-0.165
0.51
0.7
1
0.23876
1.32944
0.631506
0.5
0.787053
-0.0955316
0.463249
0.5
0
-0.435
-0.44
-0.165
0.51
-1.11206
0.269709
-0.358998
1.31067
-0.545
1.57
-0.138217
1.30271
-0.245
1.59
0.38291
0.93056
0.265424
1.06436
0.566477
0.870484
0.485114
1.07637
1.6589
0.156173
1.72792
-0.899465
1.41103
-2.12856
1.3551
-2.42274
-0.767053
0.29063
-0.892731
0.544245
-0.511177
1.04922
-0.321531
0.985245
0.247408
0.79334
0.437053
0.72937
0.434793
0.0964625
0.307986
0.0336241
0.181178
-0.0292148
1.38453
-2.23844
0.544518
2
1.53567
-1.34418
0.439318
1.5
1.41905
-0.547088
0.438634
1.2
-0.165
0.51
0.7
1
0.201917
1.3473
0.631506
0.5
0.806861
-0.0607217
0.463249
0.5
0
-0.345
-0.42
-0.155
0.51
-1.07968
0.194493
-0.375
1.31
-0.535
1.57
-0.145
1.29
-0.235
1.59
0.375386
0.984407
0.240196
1.13887
0.562074
0.942201
0.464109
1.16178
1.64651
0.266817
1.82425
-0.748312
1.63157
-1.96608
1.60557
-2.26414
-0.737475
0.243032
-0.883089
0.485731
-0.543317
1.01967
-0.349158
0.971125
0.233316
0.825507
0.427475
0.776968
0.476014
0.145953
0.354665
0.0731436
0.233316
0.000334442
1.61368
-2.07894
0.544518
2
1.68125
-1.19595
0.439318
1.5
1.48881
-0.429759
0.438634
1.2
-0.155
0.51
0.7
1
0.143519
1.374
0.631506
0.5
0.853504
0.0102808
0.463249
0.5
0
-0.263648
-0.480342
-0.125
0.51
-1.02148
0.121111
-0.405
1.22
-0.525
1.57
-0.165
1.22
-0.235
1.59
0.382948
1.0379
0.226612
1.21107
0.571189
1.01371
0.45429
1.24559
1.64798
0.372937
1.92914
-0.591898
1.85752
-1.7873
1.86172
-2.08652
-0.684225
0.197017
-0.848912
0.427263
-0.553107
0.986885
-0.35564
0.954102
0.236758
0.855762
0.434224
0.822983
0.533352
0.197805
0.418229
0.115462
0.303106
0.033119
1.84854
-1.90248
0.544518
2
1.83482
-1.03785
0.439318
1.5
1.57026
-0.309122
0.438634
1.2
-0.125
0.51
0.7
1
0.103134
1.39535
0.631506
0.5
0.915152
0.0836992
0.463249
0.5
0
-0.213757
-0.496053
-0.125
0.5
-1.0067
0.0790059
-0.415
1.22
-0.525
1.56
-0.195
1.24
-0.235
1.59
0.333049
1.0763
0.166624
1.25892
0.553698
1.07566
0.414035
1.30527
1.61144
0.385181
1.94757
-0.534541
1.93967
-1.69617
1.96084
-1.99461
-0.672466
0.167045
-0.845347
0.391153
-0.57001
0.961025
-0.371514
0.93541
0.22397
0.85857
0.422466
0.832955
0.544118
0.211856
0.432064
0.125416
0.32001
0.0389753
1.93473
-1.81284
0.544518
2
1.88097
-0.971034
0.439318
1.5
1.58038
-0.272713
0.438634
1.2
-0.125
0.5
0.7
1
0.0709402
1.39291
0.631506
0.5
0.924869
0.102133
0.463249
0.5
0
-0.175
-0.44
-0.125
0.51
-0.993774
0.0627574
-0.415
1.22
-0.525
1.56
-0.195
1.24
-0.225
1.58
0.285123
1.13018
0.109294
1.32298
0.53735
1.15295
0.376381
1.38041
1.57424
0.405135
1.95801
-0.469947
2.00527
-1.5959
2.04149
-1.89317
-0.662293
0.160774
-0.841821
0.379622
-0.58365
0.957526
-0.384462
0.937867
0.213103
0.878887
0.412292
0.859226
0.552499
0.242001
0.443075
0.152237
0.333651
0.0624724
2.00367
-1.71391
0.544518
2
1.91599
-0.895713
0.439318
1.5
1.58477
-0.226947
0.438634
1.2
-0.125
0.51
0.7
1
0.0441296
1.40844
0.631506
0.5
0.931545
0.134193
0.463249
0.5
0
-0.145
-0.39
-0.125
0.52
-0.972094
0.0350612
-0.415
1.23
-0.515
1.58
-0.205
1.24
-0.225
1.58
0.281544
1.15036
0.106355
1.35453
0.533915
1.17118
0.377533
1.43135
1.53994
0.444944
1.97842
-0.37515
2.09225
-1.45931
2.14768
-1.75333
-0.645659
0.14761
-0.834545
0.358026
-0.602598
0.946215
-0.402947
0.935451
0.196007
0.903155
0.395659
0.89239
0.563015
0.282671
0.457806
0.188228
0.352599
0.0937854
2.09589
-1.5784
0.544518
2
1.96554
-0.788242
0.439318
1.5
1.59757
-0.156777
0.438634
1.2
-0.125
0.52
0.7
1
0.00384203
1.4241
0.631506
0.5
0.942224
0.181966
0.463249
0.5
0
-0.065
-0.37
-0.075
0.53
-0.903817
0.0125321
-0.435
1.22
-0.515
1.57
-0.185
1.23
-0.230039
1.58352
0.332064
1.16808
0.158851
1.38474
0.58473
1.18534
0.434753
1.47924
1.55553
0.474418
2.04393
-0.293892
2.21774
-1.33752
2.29054
-1.62877
-0.581583
0.137594
-0.778569
0.340854
-0.569036
0.938088
-0.368912
0.934952
0.231459
0.925542
0.431583
0.922407
0.622296
0.318898
0.520666
0.220405
0.419037
0.121912
2.22586
-1.45775
0.455412
2
2.05767
-0.694454
0.389487
1.5
1.65667
-0.0976582
0.358469
1.2
-0.075
0.53
0.7
1
0.0193201
1.43931
0.631506
0.5
1.00112
0.222883
0.420119
0.5
0
-0.05
-0.525
-0.0575
0.5
-0.884113
-0.0206009
-0.44
1.21
-0.515
1.5725
-0.195
1.23
-0.238779
1.60764
0.335298
1.17356
0.187888
1.43356
0.594797
1.19651
0.477315
1.52943
1.5429
0.398313
2.0142
-0.340419
2.21455
-1.29314
2.29913
-1.58033
-0.562437
0.105695
-0.760177
0.30814
-0.553027
0.906066
-0.352934
0.903714
0.247344
0.896657
0.447437
0.894305
0.640472
0.291674
0.53925
0.192804
0.438028
0.0939337
2.23314
-1.42831
0.455412
2
2.027
-0.683341
0.389487
1.5
1.62125
-0.110744
0.358469
1.2
-0.0575
0.5
0.7
1
0.0332401
1.40948
0.631506
0.5
0.97709
0.182162
0.420119
0.5
0
-0.035
-0.68
-0.04
0.47
-0.864409
-0.0537339
-0.445
1.2
-0.515
1.575
-0.205
1.23
-0.247519
1.63176
0.338532
1.17904
0.216926
1.48237
0.604865
1.20767
0.519877
1.57962
1.53027
0.322209
1.98446
-0.386946
2.21137
-1.24876
2.30771
-1.53189
-0.543291
0.0737968
-0.741784
0.275427
-0.537018
0.874044
-0.336956
0.872476
0.263229
0.867771
0.463291
0.866203
0.658648
0.264449
0.557833
0.165202
0.457019
0.0659558
2.24043
-1.39887
0.455412
2
1.99634
-0.672227
0.389487
1.5
1.58584
-0.123829
0.358469
1.2
-0.04
0.47
0.7
1
0.04716
1.37966
0.631506
0.5
0.95306
0.141442
0.420119
0.5
0
-0.02
-0.835
-0.0225
0.44
-0.844704
-0.086867
-0.45
1.19
-0.515
1.5775
-0.215
1.23
-0.25626
1.65588
0.341766
1.18452
0.245963
1.53119
0.614932
1.21884
0.562438
1.62981
1.51763
0.246105
1.95473
-0.433473
2.20818
-1.20438
2.3163
-1.48345
-0.524146
0.0418984
-0.723392
0.242713
-0.521009
0.842022
-0.320978
0.841238
0.279115
0.838886
0.479146
0.838102
0.676824
0.237225
0.576417
0.137601
0.476009
0.0379779
2.24771
-1.36944
0.455412
2
1.96567
-0.661114
0.389487
1.5
1.55042
-0.136915
0.358469
1.2
-0.0225
0.44
0.7
1
0.06108
1.34983
0.631506
0.5
0.92903
0.100721
0.420119
0.5
0
-0.005
-0.99
-0.005
0.41
-0.825
-0.12
-0.455
1.18
-0.515
1.58
-0.225
1.23
-0.265
1.68
0.345
1.19
0.275
1.58
0.625
1.23
0.605
1.68
1.505
0.17
1.925
-0.48
2.205
-1.16
2.32488
-1.43501
-0.505
0.01
-0.705
0.21
-0.505
0.81
-0.305
0.81
0.295
0.81
0.495
0.81
0.695
0.21
0.595
0.11
0.495
0.01
2.255
-1.34
0.455412
2
1.935
-0.65
0.389487
1.5
1.515
-0.15
0.358469
1.2
-0.005
0.41
0.7
1
0.075
1.32
0.631506
0.5
0.905
0.06
0.343657
0.5
0
-0.005
-0.99
-0.005
0.41
-0.825
-0.12
-0.455
1.18
-0.515
1.58
-0.225
1.23
-0.265
1.68
0.345
1.19
0.275
1.58
0.625
1.23
0.605
1.68
1.38
0.13
1.955
-0.45
2.24
-1.015
2.39564
-1.26801
-0.505
0.01
-0.705
0.21
-0.505
0.81
-0.305
0.81
0.295
0.81
0.495
0.81
0.695
0.21
0.595
0.11
0.495
0.01
2.35
-1.195
0.455412
2
1.965
-0.6
0.389487
1.5
1.505
-0.145
0.358469
1.2
-0.005
0.41
0.7
1
0.075
1.32
0.631506
0.5
0.905
0.06
0.343657
0.5
0
-0.005
-0.99
-0.005
0.41
-0.825
-0.12
-0.455
1.18
-0.515
1.58
-0.225
1.23
-0.265
1.68
0.345
1.19
0.275
1.58
0.625
1.23
0.605
1.68
1.255
0.09
1.985
-0.42
2.275
-0.87
2.46641
-1.10101
-0.505
0.01
-0.705
0.21
-0.505
0.81
-0.305
0.81
0.295
0.81
0.495
0.81
0.695
0.21
0.595
0.11
0.495
0.01
2.445
-1.05
0.455412
2
1.995
-0.55
0.389487
1.5
1.495
-0.14
0.358469
1.2
-0.005
0.41
0.7
1
0.075
1.32
0.631506
0.5
0.905
0.06
0.343657
0.5
0
-0.005
-0.99
-0.005
0.41
-0.825
-0.12
-0.455
1.18
-0.515
1.58
-0.225
1.23
-0.265
1.68
0.345
1.19
0.275
1.58
0.625
1.23
0.605
1.68
1.205
0.07
1.895
-0.3775
2.2575
-0.795
2.46596
-1.00583
-0.505
0.01
-0.705
0.21
-0.505
0.81
-0.305
0.81
0.295
0.81
0.495
0.81
0.695
0.21
0.595
0.11
0.495
0.01
2.44
-0.9625
0.455412
2
1.9775
-0.5175
0.389487
1.5
1.4725
-0.145
0.358469
1.2
-0.005
0.41
0.7
1
0.075
1.32
0.631506
0.5
0.905
0.06
0.343657
0.5
0
-0.005
-0.99
-0.005
0.41
-0.825
-0.12
-0.455
1.18
-0.515
1.58
-0.225
1.23
-0.265
1.68
0.345
1.19
0.275
1.58
0.625
1.23
0.605
1.68
1.08
0.02
1.67
-0.27125
2.21375
-0.6075
2.46485
-0.767898
-0.505
0.01
-0.705
0.21
-0.505
0.81
-0.305
0.81
0.295
0.81
0.495
0.81
0.695
0.21
0.595
0.11
0.495
0.01
2.4275
-0.74375
0.455412
2
1.93375
-0.43625
0.389487
1.5
1.41625
-0.1575
0.358469
1.2
-0.005
0.41
0.7
1
0.075
1.32
0.631506
0.5
0.905
0.06
0.343657
0.5
0
-0.005
-0.99
-0.005
0.41
-0.825
-0.12
-0.455
1.18
-0.515
1.58
-0.225
1.23
-0.265
1.68
0.345
1.19
0.275
1.58
0.625
1.23
0.605
1.68
1.0325
-0.0075
1.57
-0.285
2.195
-0.5275
2.46472
-0.640233
-0.505
0.01
-0.705
0.21
-0.505
0.81
-0.305
0.81
0.295
0.81
0.495
0.81
0.695
0.21
0.595
0.11
0.495
0.01
2.405
-0.6275
0.455412
2
1.925
-0.42
0.389487
1.5
1.39
-0.1775
0.358469
1.2
-0.005
0.41
0.7
1
0.075
1.32
0.631506
0.5
0.8875
0.0525
0.343657
0.5
0
-0.005
-0.99
-0.005
0.41
-0.825
-0.12
-0.455
1.18
-0.515
1.58
-0.225
1.23
-0.265
1.68
0.345
1.19
0.275
1.58
0.625
1.23
0.605
1.68
0.9875
-0.0425
1.46
-0.355
2.175
-0.4425
2.46491
-0.480078
-0.505
0.01
-0.705
0.21
-0.505
0.81
-0.305
0.81
0.295
0.81
0.495
0.81
0.695
0.21
0.595
0.11
0.495
0.01
2.365
-0.4825
0.455412
2
1.925
-0.42
0.389487
1.5
1.36
-0.2125
0.358469
1.2
-0.005
0.41
0.7
1
0.075
1.32
0.631506
0.5
0.8525
0.0375
0.343657
0.5
0
-0.005
-0.99
-0.005
0.41
-0.825
-0.12
-0.455
1.18
-0.515
1.58
-0.225
1.23
-0.265
1.68
0.345
1.19
0.275
1.58
0.625
1.23
0.605
1.68
0.965
-0.06
1.405
-0.39
2.165
-0.4
2.465
-0.4
-0.505
0.01
-0.705
0.21
-0.505
0.81
-0.305
0.81
0.295
0.81
0.495
0.81
0.695
0.21
0.595
0.11
0.495
0.01
2.345
-0.41
0.455412
2
1.925
-0.42
0.389487
1.5
1.345
-0.23
0.358469
1.2
-0.005
0.41
0.7
1
0.075
1.32
0.631506
0.5
0.835
0.03
0.343657
0.5
0
-0.005
-0.99
-0.005
0.41
-0.825
-0.12
-0.455
1.18
-0.515
1.58
-0.225
1.23
-0.265
1.68
0.345
1.19
0.275
1.58
0.625
1.23
0.605
1.68
0.965
-0.06
1.44
-0.465
2.06
-0.56
2.36
-0.56
-0.505
0.01
-0.705
0.21
-0.505
0.81
-0.305
0.81
0.295
0.81
0.495
0.81
0.695
0.21
0.595
0.11
0.495
0.01
2.23
-0.565
0.455412
2
1.745
-0.485
0.389487
1.5
1.265
-0.255
0.358469
1.2
-0.005
0.41
0.7
1
0.075
1.32
0.631506
0.5
0.835
0.03
0.343657
0.5
0
-0.005
-0.99
-0.005
0.41
-0.825
-0.12
-0.455
1.18
-0.515
1.58
-0.225
1.23
-0.265
1.68
0.345
1.19
0.275
1.58
0.625
1.23
0.605
1.68
0.975
-0.11
1.365
-0.7
1.845
-0.84
2.145
-0.84
-0.505
0.01
-0.705
0.21
-0.505
0.81
-0.305
0.81
0.295
0.81
0.495
0.81
0.695
0.21
0.595
0.11
0.495
0.01
2.005
-0.84
0.455412
2
1.46
-0.62
0.389487
1.5
1.12
-0.31
0.358469
1.2
-0.005
0.41
0.7
1
0.075
1.32
0.631506
0.5
0.8
0.025
0.343657
0.5
0
-0.005
-0.99
-0.005
0.41
-0.825
-0.12
-0.455
1.18
-0.515
1.58
-0.225
1.23
-0.265
1.68
0.345
1.19
0.275
1.58
0.625
1.23
0.605
1.68
0.985
-0.16
1.255
-0.86
1.735
-0.96
2.035
-0.96
-0.505
0.01
-0.705
0.21
-0.505
0.81
-0.305
0.81
0.295
0.81
0.495
0.81
0.695
0.21
0.595
0.11
0.495
0.01
1.895
-0.96
0.455412
2
1.355
-0.69
0.389487
1.5
1.055
-0.34
0.358469
1.2
-0.005
0.41
0.7
1
0.075
1.32
0.631506
0.5
0.765
0.02
0.343657
0.5
0
-0.005
-0.99
-0.005
0.41
-0.825
-0.12
-0.455
1.18
-0.515
1.58
-0.225
1.23
-0.265
1.68
0.345
1.19
0.275
1.58
0.625
1.23
0.605
1.68
0.925
-0.28
1.195
-1.05
1.585
-1.27
1.885
-1.27
-0.505
0.01
-0.705
0.21
-0.505
0.81
-0.305
0.81
0.295
0.81
0.495
0.81
0.695
0.21
0.595
0.11
0.495
0.01
1.725
-1.28
0.455412
2
1.215
-0.84
0.389487
1.5
0.955
-0.44
0.358469
1.2
-0.005
0.41
0.7
1
0.075
1.32
0.631506
0.5
0.655
0.03
0.343657
0.5
0
-0.005
-0.99
-0.005
0.41
-0.825
-0.12
-0.455
1.18
-0.515
1.58
-0.225
1.23
-0.265
1.68
0.345
1.19
0.275
1.58
0.625
1.23
0.605
1.68
0.8275
-0.27
1.0925
-1.05
1.4125
-1.44
1.71247
-1.43706
-0.505
0.01
-0.705
0.21
-0.505
0.81
-0.305
0.81
0.295
0.81
0.495
0.81
0.695
0.21
0.595
0.11
0.495
0.01
1.54
-1.435
0.455412
2
1.07
-0.86
0.389487
1.5
0.835
-0.32
0.358469
1.2
-0.005
0.41
0.7
1
-0.13
1.35
0.631506
0.5
0.565
0.71
0.343657
0.5
0
-0.005
-0.99
-0.005
0.41
-0.825
-0.12
-0.455
1.18
-0.515
1.58
-0.225
1.23
-0.265
1.68
0.345
1.19
0.275
1.58
0.625
1.23
0.605
1.68
0.77875
-0.265
1.04125
-1.05
1.32625
-1.525
1.62621
-1.52059
-0.505
0.01
-0.705
0.21
-0.505
0.81
-0.305
0.81
0.295
0.81
0.495
0.81
0.695
0.21
0.595
0.11
0.495
0.01
1.4475
-1.5125
0.455412
2
0.9975
-0.87
0.389487
1.5
0.775
-0.26
0.358469
1.2
-0.005
0.41
0.7
1
-0.2325
1.365
0.631506
0.5
0.52
1.05
0.343657
0.5
0
-0.005
-0.99
-0.005
0.41
-0.825
-0.12
-0.455
1.18
-0.515
1.58
-0.225
1.23
-0.265
1.68
0.345
1.19
0.275
1.58
0.625
1.23
0.605
1.68
0.73
-0.26
0.99
-1.05
1.24
-1.61
1.53994
-1.60412
-0.505
0.01
-0.705
0.21
-0.505
0.81
-0.305
0.81
0.295
0.81
0.495
0.81
0.695
0.21
0.595
0.11
0.495
0.01
1.355
-1.59
0.456946
2
0.925
-0.88
0.39
1.5
0.715
-0.2
0.358469
1.2
-0.005
0.41
0.7
1
-0.335
1.38
0.411461
0.5
0.475
1.39
0.404969
0.5
0
