54
10
15
9
6
-0.005
-0.99
-0.005
0.41
-0.825
-0.12
-0.455
1.18
-0.515
1.58
-0.225
1.23
-0.265
1.68
0.345
1.19
0.275
1.58
0.625
1.23
0.605
1.68
0.73
-0.26
0.99
-1.05
1.24
-1.61
1.53994
-1.60412
-0.505
0.01
-0.705
0.21
-0.505
0.81
-0.305
0.81
0.295
0.81
0.495
0.81
0.695
0.21
0.595
0.11
0.495
0.01
1.355
-1.59
0.456946
2
0.925
-0.88
0.39
1.5
0.715
-0.2
0.358469
1.2
-0.005
0.41
0.7
1
-0.335
1.38
0.411461
0.5
0.475
1.39
0.404969
0.5
0
-0.005
-0.99
-0.005
0.41
-0.825
-0.12
-0.455
1.18
-0.515
1.58
-0.225
1.23
-0.265
1.68
0.345
1.19
0.275
1.58
0.625
1.23
0.605
1.68
0.675
-0.39
0.995
-1.35
1.515
-1.35
1.79036
-1.23093
-0.505
0.01
-0.705
0.21
-0.505
0.81
-0.305
0.81
0.295
0.81
0.495
0.81
0.695
0.21
0.595
0.11
0.495
0.01
1.615
-1.28
0.456946
2
0.965
-0.88
0.39
1.5
0.705
-0.24
0.380132
1.2
-0.005
0.41
0.7
1
-0.335
1.38
0.411461
0.5
0.475
1.39
0.404969
0.5
0
-0.005
-0.99
-0.005
0.41
-0.825
-0.12
-0.455
1.18
-0.515
1.58
-0.225
1.23
-0.265
1.68
0.345
1.19
0.275
1.58
0.625
1.23
0.605
1.68
0.645
-0.56
1.025
-1.42
1.615
-1
1.84682
-0.809578
-0.505
0.01
-0.705
0.21
-0.505
0.81
-0.305
0.81
0.295
0.81
0.495
0.81
0.695
0.21
0.595
0.11
0.495
0.01
1.725
-0.91
0.456946
2
0.965
-0.88
0.39
1.5
0.705
-0.24
0.380132
1.2
-0.005
0.41
0.7
1
-0.335
1.38
0.411461
0.5
0.475
1.39
0.404969
0.5
0
-0.005
-0.99
-0.005
0.41
-0.825
-0.12
-0.455
1.18
-0.515
1.58
-0.225
1.23
-0.265
1.68
0.345
1.19
0.275
1.58
0.625
1.23
0.605
1.68
0.585
-0.64
1.005
-1.28
1.655
-0.58
1.86363
-0.364419
-0.505
0.01
-0.705
0.21
-0.505
0.81
-0.305
0.81
0.295
0.81
0.495
0.81
0.695
0.21
0.595
0.11
0.495
0.01
1.815
-0.47
0.456946
2
1.095
-0.77
0.39
1.5
0.705
-0.24
0.380132
1.2
-0.005
0.41
0.7
1
-0.335
1.38
0.411461
0.5
0.475
1.39
0.404969
0.5
0
-0.005
-0.99
-0.005
0.41
-0.825
-0.12
-0.455
1.18
-0.515
1.58
-0.225
1.23
-0.265
1.68
0.345
1.19
0.275
1.58
0.625
1.23
0.605
1.68
0.755
-0.53
1.195
-0.83
1.945
-0.19
2.20165
-0.0346592
-0.505
0.01
-0.705
0.21
-0.505
0.81
-0.305
0.81
0.295
0.81
0.495
0.81
0.695
0.21
0.595
0.11
0.495
0.01
2.095
-0.14
0.456946
2
1.365
-0.52
0.39
1.5
0.805
-0.19
0.380132
1.2
-0.005
0.41
0.7
1
-0.335
1.38
0.411461
0.5
0.475
1.39
0.404969
0.5
0
-0.005
-0.99
-0.005
0.41
-0.825
-0.12
-0.455
1.18
-0.515
1.58
-0.225
1.23
-0.265
1.68
0.345
1.19
0.275
1.58
0.625
1.23
0.605
1.68
1.015
-0.12
1.475
-0.22
2.065
-0.21
2.36454
-0.193359
-0.505
0.01
-0.705
0.21
-0.505
0.81
-0.305
0.81
0.295
0.81
0.495
0.81
0.695
0.21
0.595
0.11
0.495
0.01
2.185
-0.24
0.456946
2
1.485
-0.18
0.39
1.5
0.865
-0.03
0.380132
1.2
-0.005
0.41
0.7
1
-0.335
1.38
0.411461
0.5
0.475
1.39
0.404969
0.5
0
-0.005
-0.99
-0.005
0.41
-0.825
-0.12
-0.455
1.18
-0.515
1.58
-0.225
1.23
-0.265
1.68
0.345
1.19
0.275
1.58
0.625
1.23
0.605
1.68
1.075
0.17
1.725
0.18
2.065
-0.21
2.19015
-0.482649
-0.505
0.01
-0.705
0.21
-0.505
0.81
-0.305
0.81
0.295
0.81
0.495
0.81
0.695
0.21
0.595
0.11
0.495
0.01
2.165
-0.33
0.456946
2
1.645
0.08
0.39
1.5
0.995
0.12
0.380132
1.2
-0.005
0.41
0.7
1
-0.335
1.38
0.411461
0.5
0.475
1.39
0.404969
0.5
0
-0.005
-0.99
-0.005
0.41
-0.825
-0.12
-0.455
1.18
-0.515
1.58
-0.225
1.23
-0.265
1.68
0.345
1.19
0.275
1.58
0.625
1.23
0.605
1.68
1.335
0.3
1.985
0.3
2.195
-0.33
2.22561
-0.628434
-0.505
0.01
-0.705
0.21
-0.505
0.81
-0.305
0.81
0.295
0.81
0.495
0.81
0.695
0.21
0.595
0.11
0.495
0.01
2.195
-0.45
0.456946
2
1.775
0.14
0.39
1.5
1.105
0.21
0.380132
1.2
-0.005
0.41
0.7
1
-0.335
1.38
0.411461
0.5
0.475
1.39
0.404969
0.5
0
-0.005
-0.99
-0.005
0.41
-0.825
-0.12
-0.455
1.18
-0.515
1.58
-0.225
1.23
-0.265
1.68
0.345
1.19
0.275
1.58
0.625
1.23
0.605
1.68
1.385
0.7
2.185
0.4
2.225
-0.81
2.25561
-1.10843
-0.505
0.01
-0.705
0.21
-0.505
0.81
-0.305
0.81
0.295
0.81
0.495
0.81
0.695
0.21
0.595
0.11
0.495
0.01
2.255
-0.82
0.533385
2
1.915
0.04
0.487032
1.5
1.125
0.3
0.445982
1.2
-0.005
0.41
0.7
1
-0.335
1.38
0.411461
0.5
0.475
1.39
0.404969
0.5
1
2.295
-1.43
0.872811
0
-1
1.4
0.2
1.1
0
-0.005
-0.99
-0.005
0.41
-0.825
-0.12
-0.455
1.18
-0.515
1.58
-0.225
1.23
-0.265
1.68
0.345
1.19
0.275
1.58
0.625
1.23
0.605
1.68
1.575
0.81
2.235
0.44
2.255
-1.15
2.27315
-1.44945
-0.505
0.01
-0.705
0.21
-0.505
0.81
-0.305
0.81
0.295
0.81
0.495
0.81
0.695
0.21
0.595
0.11
0.495
0.01
2.255
-1.22
0.57
2
2.165
-0.26
0.487032
1.5
1.715
0.37
0.445982
1.2
-0.005
0.41
0.7
1
0.075
1.32
0.631506
0.5
0.975
0.27
0.404969
0.5
1
2.245
-1.6
0.872811
0
-1
1.4
0.2
1.1
0
-0.005
-0.99
-0.005
0.41
-0.825
-0.12
-0.455
1.18
-0.515
1.58
-0.225
1.23
-0.265
1.68
0.345
1.19
0.275
1.58
0.625
1.23
0.605
1.68
1.615
0.97
2.485
0.45
2.385
-1.49
2.37643
-1.78988
-0.505
0.01
-0.705
0.21
-0.505
0.81
-0.305
0.81
0.295
0.81
0.495
0.81
0.695
0.21
0.595
0.11
0.495
0.01
2.355
-1.51
0.57
2
2.275
-0.53
0.487032
1.5
1.975
0.27
0.445982
1.2
-0.005
0.41
0.7
1
0.075
1.32
0.631506
0.5
1.155
0.4
0.518652
0.5
1
2.225
-2.01
0.872811
0
-1
1.4
0.2
1.1
0
-0.005
-0.99
-0.005
0.41
-0.825
-0.12
-0.455
1.18
-0.515
1.58
-0.225
1.23
-0.265
1.68
0.345
1.19
0.275
1.58
0.625
1.23
0.605
1.68
1.895
0.96
2.515
0.09
2.365
-1.99
2.35643
-2.28988
-0.505
0.01
-0.705
0.21
-0.505
0.81
-0.305
0.81
0.295
0.81
0.495
0.81
0.695
0.21
0.595
0.11
0.495
0.01
2.345
-1.97
0.626418
2
2.345
-0.8
0.553263
1.5
1.985
0.11
0.466154
1.2
-0.005
0.41
0.7
1
0.075
1.32
0.631506
0.5
1.155
0.4
0.518652
0.5
1
2.345
-2.38
0.872811
0
-1
1.4
0.2
1.1
0
-0.005
-0.99
-0.005
0.41
-0.825
-0.12
-0.455
1.18
-0.515
1.58
-0.225
1.23
-0.265
1.68
0.345
1.19
0.275
1.58
0.625
1.23
0.605
1.68
1.895
0.96
2.515
0.09
2.36
-1.915
2.35143
-2.21488
-0.505
0.01
-0.705
0.21
-0.505
0.81
-0.305
0.81
0.295
0.81
0.495
0.81
0.695
0.21
0.595
0.11
0.495
0.01
2.34
-1.895
0.626418
2
2.37
-0.8
0.553263
1.5
2.025
0.08
0.466154
1.2
-0.005
0.41
0.7
1
0.075
1.32
0.631506
0.5
1.155
0.4
0.518652
0.5
0
-0.005
-0.99
-0.005
0.41
-0.825
-0.12
-0.455
1.18
-0.515
1.58
-0.225
1.23
-0.265
1.68
0.345
1.19
0.275
1.58
0.625
1.23
0.605
1.68
1.895
0.96
2.515
0.09
2.355
-1.84
2.34643
-2.13988
-0.505
0.01
-0.705
0.21
-0.505
0.81
-0.305
0.81
0.295
0.81
0.495
0.81
0.695
0.21
0.595
0.11
0.495
0.01
2.335
-1.82
0.614654
2
2.395
-0.8
0.496488
1.5
2.065
0.05
0.487647
1.2
-0.005
0.41
0.7
1
0.075
1.32
0.631506
0.5
1.155
0.4
0.518652
0.5
0
-0.005
-0.99
-0.005
0.41
-0.825
-0.12
-0.455
1.18
-0.515
1.58
-0.225
1.23
-0.265
1.68
0.345
1.19
0.275
1.58
0.625
1.23
0.605
1.68
1.8975
0.9075
2.455
-0.0075
2.35
-1.79
2.3508
-2.08956
-0.505
0.01
-0.705
0.21
-0.505
0.81
-0.305
0.81
0.295
0.81
0.495
0.81
0.695
0.21
0.595
0.11
0.495
0.01
2.3375
-1.8025
0.614654
2
2.35
-0.8025
0.496488
1.5
2.015
0.025
0.487647
1.2
-0.005
0.41
0.7
1
0.075
1.32
0.631506
0.5
1.1425
0.35
0.518652
0.5
0
-0.005
-0.99
-0.005
0.41
-0.825
-0.12
-0.455
1.18
-0.515
1.58
-0.225
1.23
-0.265
1.68
0.345
1.19
0.275
1.58
0.625
1.23
0.605
1.68
1.9
0.855
2.395
-0.105
2.345
-1.74
2.35516
-2.03924
-0.505
0.01
-0.705
0.21
-0.505
0.81
-0.305
0.81
0.295
0.81
0.495
0.81
0.695
0.21
0.595
0.11
0.495
0.01
2.34
-1.785
0.614654
2
2.305
-0.805
0.496488
1.5
1.965
0
0.487647
1.2
-0.005
0.41
0.7
1
0.075
1.32
0.631506
0.5
1.13
0.3
0.518652
0.5
0
-0.005
-0.99
-0.005
0.41
-0.825
-0.12
-0.455
1.18
-0.515
1.58
-0.225
1.23
-0.265
1.68
0.345
1.19
0.275
1.58
0.625
1.23
0.605
1.68
1.9025
0.8025
2.335
-0.2025
2.34
-1.69
2.35953
-1.98892
-0.505
0.01
-0.705
0.21
-0.505
0.81
-0.305
0.81
0.295
0.81
0.495
0.81
0.695
0.21
0.595
0.11
0.495
0.01
2.3425
-1.7675
0.614654
2
2.26
-0.8075
0.496488
1.5
1.915
-0.025
0.487647
1.2
-0.005
0.41
0.7
1
0.075
1.32
0.631506
0.5
1.1175
0.25
0.518652
0.5
0
-0.005
-0.99
-0.005
0.41
-0.825
-0.12
-0.455
1.18
-0.515
1.58
-0.225
1.23
-0.265
1.68
0.345
1.19
0.275
1.58
0.625
1.23
0.605
1.68
1.905
0.75
2.275
-0.3
2.335
-1.64
2.3639
-1.9386
-0.505
0.01
-0.705
0.21
-0.505
0.81
-0.305
0.81
0.295
0.81
0.495
0.81
0.695
0.21
0.595
0.11
0.495
0.01
2.345
-1.75
0.544518
2
2.215
-0.81
0.439318
1.5
1.865
-0.05
0.438634
1.2
-0.005
0.41
0.7
1
0.075
1.32
0.631506
0.5
1.105
0.2
0.463249
0.5
0
-0.005
-0.99
-0.005
0.41
-0.825
-0.12
-0.455
1.18
-0.515
1.58
-0.225
1.23
-0.265
1.68
0.345
1.19
0.275
1.58
0.625
1.23
0.605
1.68
1.835
0.6575
2.2375
-0.32
2.33
-1.585
2.371
-1.88142
-0.505
0.01
-0.705
0.21
-0.505
0.81
-0.305
0.81
0.295
0.81
0.495
0.81
0.695
0.21
0.595
0.11
0.495
0.01
2.34
-1.6975
0.544518
2
2.1975
-0.8025
0.439318
1.5
1.8325
-0.085
0.438634
1.2
-0.005
0.41
0.7
1
0.075
1.32
0.631506
0.5
1.0975
0.18
0.463249
0.5
0
-0.005
-0.99
-0.005
0.41
-0.825
-0.12
-0.455
1.18
-0.515
1.58
-0.225
1.23
-0.265
1.68
0.345
1.19
0.275
1.58
0.625
1.23
0.605
1.68
1.765
0.565
2.2
-0.34
2.325
-1.53
2.3781
-1.82424
-0.505
0.01
-0.705
0.21
-0.505
0.81
-0.305
0.81
0.295
0.81
0.495
0.81
0.695
0.21
0.595
0.11
0.495
0.01
2.335
-1.645
0.544518
2
2.18
-0.795
0.439318
1.5
1.8
-0.12
0.438634
1.2
-0.005
0.41
0.7
1
0.075
1.32
0.631506
0.5
1.09
0.16
0.463249
0.5
0
-0.005
-0.99
-0.005
0.41
-0.825
-0.12
-0.455
1.18
-0.515
1.58
-0.225
1.23
-0.265
1.68
0.345
1.19
0.275
1.58
0.625
1.23
0.605
1.68
1.695
0.4725
2.1625
-0.36
2.32
-1.475
2.3852
-1.76705
-0.505
0.01
-0.705
0.21
-0.505
0.81
-0.305
0.81
0.295
0.81
0.495
0.81
0.695
0.21
0.595
0.11
0.495
0.01
2.33
-1.5925
0.544518
2
2.1625
-0.7875
0.439318
1.5
1.7675
-0.155
0.438634
1.2
-0.005
0.41
0.7
1
0.075
1.32
0.631506
0.5
1.0825
0.14
0.463249
0.5
0
-0.005
-0.99
-0.005
0.41
-0.825
-0.12
-0.455
1.18
-0.515
1.58
-0.225
1.23
-0.265
1.68
0.345
1.19
0.275
1.58
0.625
1.23
0.605
1.68
1.625
0.38
2.125
-0.38
2.315
-1.42
2.3923
-1.70987
-0.505
0.01
-0.705
0.21
-0.505
0.81
-0.305
0.81
0.295
0.81
0.495
0.81
0.695
0.21
0.595
0.11
0.495
0.01
2.325
-1.54
0.455412
2
2.145
-0.78
0.389487
1.5
1.735
-0.19
0.358469
1.2
-0.005
0.41
0.7
1
0.075
1.32
0.631506
0.5
1.075
0.12
0.420119
0.5
0
-0.005
-0.99
-0.005
0.41
-0.825
-0.12
-0.455
1.18
-0.515
1.58
-0.225
1.23
-0.265
1.68
0.345
1.19
0.275
1.58
0.625
1.23
0.605
1.68
1.595
0.3275
2.075
-0.405
2.2875
-1.355
2.37544
-1.64116
-0.505
0.01
-0.705
0.21
-0.505
0.81
-0.305
0.81
0.295
0.81
0.495
0.81
0.695
0.21
0.595
0.11
0.495
0.01
2.3075
-1.49
0.455412
2
2.0925
-0.7475
0.389487
1.5
1.68
-0.18
0.358469
1.2
-0.005
0.41
0.7
1
0.075
1.32
0.631506
0.5
1.0325
0.105
0.420119
0.5
0
-0.005
-0.99
-0.005
0.41
-0.825
-0.12
-0.455
1.18
-0.515
1.58
-0.225
1.23
-0.265
1.68
0.345
1.19
0.275
1.58
0.625
1.23
0.605
1.68
1.565
0.275
2.025
-0.43
2.26
-1.29
2.35859
-1.57244
-0.505
0.01
-0.705
0.21
-0.505
0.81
-0.305
0.81
0.295
0.81
0.495
0.81
0.695
0.21
0.595
0.11
0.495
0.01
2.29
-1.44
0.455412
2
2.04
-0.715
0.389487
1.5
1.625
-0.17
0.358469
1.2
-0.005
0.41
0.7
1
0.075
1.32
0.631506
0.5
0.99
0.09
0.420119
0.5
0
-0.005
-0.99
-0.005
0.41
-0.825
-0.12
-0.455
1.18
-0.515
1.58
-0.225
1.23
-0.265
1.68
0.345
1.19
0.275
1.58
0.625
1.23
0.605
1.68
1.535
0.2225
1.975
-0.455
2.2325
-1.225
2.34173
-1.50372
-0.505
0.01
-0.705
0.21
-0.505
0.81
-0.305
0.81
0.295
0.81
0.495
0.81
0.695
0.21
0.595
0.11
0.495
0.01
2.2725
-1.39
0.455412
2
1.9875
-0.6825
0.389487
1.5
1.57
-0.16
0.358469
1.2
-0.005
0.41
0.7
1
0.075
1.32
0.631506
0.5
0.9475
0.075
0.420119
0.5
0
-0.005
-0.99
-0.005
0.41
-0.825
-0.12
-0.455
1.18
-0.515
1.58
-0.225
1.23
-0.265
1.68
0.345
1.19
0.275
1.58
0.625
1.23
0.605
1.68
1.505
0.17
1.925
-0.48
2.205
-1.16
2.32488
-1.43501
-0.505
0.01
-0.705
0.21
-0.505
0.81
-0.305
0.81
0.295
0.81
0.495
0.81
0.695
0.21
0.595
0.11
0.495
0.01
2.255
-1.34
0.455412
2
1.935
-0.65
0.389487
1.5
1.515
-0.15
0.358469
1.2
-0.005
0.41
0.7
1
0.075
1.32
0.631506
0.5
0.905
0.06
0.343657
0.5
0
-0.005
-0.99
-0.005
0.41
-0.825
-0.12
-0.455
1.18
-0.515
1.58
-0.225
1.23
-0.265
1.68
0.345
1.19
0.275
1.58
0.625
1.23
0.605
1.68
1.4425
0.15
1.94
-0.465
2.2225
-1.0875
2.36026
-1.35151
-0.505
0.01
-0.705
0.21
-0.505
0.81
-0.305
0.81
0.295
0.81
0.495
0.81
0.695
0.21
0.595
0.11
0.495
0.01
2.3025
-1.2675
0.455412
2
1.95
-0.625
0.389487
1.5
1.51
-0.1475
0.358469
1.2
-0.005
0.41
0.7
1
0.075
1.32
0.631506
0.5
0.905
0.06
0.343657
0.5
0
-0.005
-0.99
-0.005
0.41
-0.825
-0.12
-0.455
1.18
-0.515
1.58
-0.225
1.23
-0.265
1.68
0.345
1.19
0.275
1.58
0.625
1.23
0.605
1.68
1.38
0.13
1.955
-0.45
2.24
-1.015
2.39564
-1.26801
-0.505
0.01
-0.705
0.21
-0.505
0.81
-0.305
0.81
0.295
0.81
0.495
0.81
0.695
0.21
0.595
0.11
0.495
0.01
2.35
-1.195
0.455412
2
1.965
-0.6
0.389487
1.5
1.505
-0.145
0.358469
1.2
-0.005
0.41
0.7
1
0.075
1.32
0.631506
0.5
0.905
0.06
0.343657
0.5
0
-0.005
-0.99
-0.005
0.41
-0.825
-0.12
-0.455
1.18
-0.515
1.58
-0.225
1.23
-0.265
1.68
0.345
1.19
0.275
1.58
0.625
1.23
0.605
1.68
1.3175
0.11
1.97
-0.435
2.2575
-0.9425
2.43102
-1.18451
-0.505
0.01
-0.705
0.21
-0.505
0.81
-0.305
0.81
0.295
0.81
0.495
0.81
0.695
0.21
0.595
0.11
0.495
0.01
2.3975
-1.1225
0.455412
2
1.98
-0.575
0.389487
1.5
1.5
-0.1425
0.358469
1.2
-0.005
0.41
0.7
1
0.075
1.32
0.631506
0.5
0.905
0.06
0.343657
0.5
0
-0.005
-0.99
-0.005
0.41
-0.825
-0.12
-0.455
1.18
-0.515
1.58
-0.225
1.23
-0.265
1.68
0.345
1.19
0.275
1.58
0.625
1.23
0.605
1.68
1.255
0.09
1.985
-0.42
2.275
-0.87
2.46641
-1.10101
-0.505
0.01
-0.705
0.21
-0.505
0.81
-0.305
0.81
0.295
0.81
0.495
0.81
0.695
0.21
0.595
0.11
0.495
0.01
2.445
-1.05
0.455412
2
1.995
-0.55
0.389487
1.5
1.495
-0.14
0.358469
1.2
-0.005
0.41
0.7
1
0.075
1.32
0.631506
0.5
0.905
0.06
0.343657
0.5
0
-0.005
-0.99
-0.005
0.41
-0.825
-0.12
-0.455
1.18
-0.515
1.58
-0.225
1.23
-0.265
1.68
0.345
1.19
0.275
1.58
0.625
1.23
0.605
1.68
1.205
0.07
1.895
-0.3775
2.2575
-0.795
2.46596
-1.00583
-0.505
0.01
-0.705
0.21
-0.505
0.81
-0.305
0.81
0.295
0.81
0.495
0.81
0.695
0.21
0.595
0.11
0.495
0.01
2.44
-0.9625
0.455412
2
1.9775
-0.5175
0.389487
1.5
1.4725
-0.145
0.358469
1.2
-0.005
0.41
0.7
1
0.075
1.32
0.631506
0.5
0.905
0.06
0.343657
0.5
0
-0.005
-0.99
-0.005
0.41
-0.825
-0.12
-0.455
1.18
-0.515
1.58
-0.225
1.23
-0.265
1.68
0.345
1.19
0.275
1.58
0.625
1.23
0.605
1.68
1.18
0.06
1.85
-0.35625
2.24875
-0.7575
2.46574
-0.958246
-0.505
0.01
-0.705
0.21
-0.505
0.81
-0.305
0.81
0.295
0.81
0.495
0.81
0.695
0.21
0.595
0.11
0.495
0.01
2.4375
-0.91875
0.455412
2
1.96875
-0.50125
0.389487
1.5
1.46125
-0.1475
0.358469
1.2
-0.005
0.41
0.7
1
0.075
1.32
0.631506
0.5
0.905
0.06
0.343657
0.5
0
-0.005
-0.99
-0.005
0.41
-0.825
-0.12
-0.455
1.18
-0.515
1.58
-0.225
1.23
-0.265
1.68
0.345
1.19
0.275
1.58
0.625
1.23
0.605
1.68
1.155
0.05
1.805
-0.335
2.24
-0.72
2.46552
-0.910659
-0.505
0.01
-0.705
0.21
-0.505
0.81
-0.305
0.81
0.295
0.81
0.495
0.81
0.695
0.21
0.595
0.11
0.495
0.01
2.435
-0.875
0.455412
2
1.96
-0.485
0.389487
1.5
1.45
-0.15
0.358469
1.2
-0.005
0.41
0.7
1
0.075
1.32
0.631506
0.5
0.905
0.06
0.343657
0.5
0
-0.005
-0.99
-0.005
0.41
-0.825
-0.12
-0.455
1.18
-0.515
1.58
-0.225
1.23
-0.265
1.68
0.345
1.19
0.275
1.58
0.625
1.23
0.605
1.68
1.13
0.04
1.76
-0.31375
2.23125
-0.6825
2.46529
-0.863072
-0.505
0.01
-0.705
0.21
-0.505
0.81
-0.305
0.81
0.295
0.81
0.495
0.81
0.695
0.21
0.595
0.11
0.495
0.01
2.4325
-0.83125
0.455412
2
1.95125
-0.46875
0.389487
1.5
1.43875
-0.1525
0.358469
1.2
-0.005
0.41
0.7
1
0.075
1.32
0.631506
0.5
0.905
0.06
0.343657
0.5
0
-0.005
-0.99
-0.005
0.41
-0.825
-0.12
-0.455
1.18
-0.515
1.58
-0.225
1.23
-0.265
1.68
0.345
1.19
0.275
1.58
0.625
1.23
0.605
1.68
1.105
0.03
1.715
-0.2925
2.2225
-0.645
2.46507
-0.815485
-0.505
0.01
-0.705
0.21
-0.505
0.81
-0.305
0.81
0.295
0.81
0.495
0.81
0.695
0.21
0.595
0.11
0.495
0.01
2.43
-0.7875
0.455412
2
1.9425
-0.4525
0.389487
1.5
1.4275
-0.155
0.358469
1.2
-0.005
0.41
0.7
1
0.075
1.32
0.631506
0.5
0.905
0.06
0.343657
0.5
0
-0.005
-0.99
-0.005
0.41
-0.825
-0.12
-0.455
1.18
-0.515
1.58
-0.225
1.23
-0.265
1.68
0.345
1.19
0.275
1.58
0.625
1.23
0.605
1.68
1.08
0.02
1.67
-0.27125
2.21375
-0.6075
2.46485
-0.767898
-0.505
0.01
-0.705
0.21
-0.505
0.81
-0.305
0.81
0.295
0.81
0.495
0.81
0.695
0.21
0.595
0.11
0.495
0.01
2.4275
-0.74375
0.455412
2
1.93375
-0.43625
0.389487
1.5
1.41625
-0.1575
0.358469
1.2
-0.005
0.41
0.7
1
0.075
1.32
0.631506
0.5
0.905
0.06
0.343657
0.5
0
-0.005
-0.99
-0.005
0.41
-0.825
-0.12
-0.455
1.18
-0.515
1.58
-0.225
1.23
-0.265
1.68
0.345
1.19
0.275
1.58
0.625
1.23
0.605
1.68
1.055
0.01
1.625
-0.25
2.205
-0.57
2.46463
-0.720311
-0.505
0.01
-0.705
0.21
-0.505
0.81
-0.305
0.81
0.295
0.81
0.495
0.81
0.695
0.21
0.595
0.11
0.495
0.01
2.425
-0.7
0.455412
2
1.925
-0.42
0.389487
1.5
1.405
-0.16
0.358469
1.2
-0.005
0.41
0.7
1
0.075
1.32
0.631506
0.5
0.905
0.06
0.343657
0.5
0
-0.005
-0.99
-0.005
0.41
-0.825
-0.12
-0.455
1.18
-0.515
1.58
-0.225
1.23
-0.265
1.68
0.345
1.19
0.275
1.58
0.625
1.23
0.605
1.68
1.04375
0.00125
1.5975
-0.2675
2.2
-0.54875
2.46467
-0.680272
-0.505
0.01
-0.705
0.21
-0.505
0.81
-0.305
0.81
0.295
0.81
0.495
0.81
0.695
0.21
0.595
0.11
0.495
0.01
2.415
-0.66375
0.455412
2
1.925
-0.42
0.389487
1.5
1.3975
-0.16875
0.358469
1.2
-0.005
0.41
0.7
1
0.075
1.32
0.631506
0.5
0.89625
0.05625
0.343657
0.5
0
-0.005
-0.99
-0.005
0.41
-0.825
-0.12
-0.455
1.18
-0.515
1.58
-0.225
1.23
-0.265
1.68
0.345
1.19
0.275
1.58
0.625
1.23
0.605
1.68
1.0325
-0.0075
1.57
-0.285
2.195
-0.5275
2.46472
-0.640233
-0.505
0.01
-0.705
0.21
-0.505
0.81
-0.305
0.81
0.295
0.81
0.495
0.81
0.695
0.21
0.595
0.11
0.495
0.01
2.405
-0.6275
0.455412
2
1.925
-0.42
0.389487
1.5
1.39
-0.1775
0.358469
1.2
-0.005
0.41
0.7
1
0.075
1.32
0.631506
0.5
0.8875
0.0525
0.343657
0.5
0
-0.005
-0.99
-0.005
0.41
-0.825
-0.12
-0.455
1.18
-0.515
1.58
-0.225
1.23
-0.265
1.68
0.345
1.19
0.275
1.58
0.625
1.23
0.605
1.68
1.02125
-0.01625
1.5425
-0.3025
2.19
-0.50625
2.46477
-0.600194
-0.505
0.01
-0.705
0.21
-0.505
0.81
-0.305
0.81
0.295
0.81
0.495
0.81
0.695
0.21
0.595
0.11
0.495
0.01
2.395
-0.59125
0.455412
2
1.925
-0.42
0.389487
1.5
1.3825
-0.18625
0.358469
1.2
-0.005
0.41
0.7
1
0.075
1.32
0.631506
0.5
0.87875
0.04875
0.343657
0.5
0
-0.005
-0.99
-0.005
0.41
-0.825
-0.12
-0.455
1.18
-0.515
1.58
-0.225
1.23
-0.265
1.68
0.345
1.19
0.275
1.58
0.625
1.23
0.605
1.68
1.01
-0.025
1.515
-0.32
2.185
-0.485
2.46481
-0.560155
-0.505
0.01
-0.705
0.21
-0.505
0.81
-0.305
0.81
0.295
0.81
0.495
0.81
0.695
0.21
0.595
0.11
0.495
0.01
2.385
-0.555
0.455412
2
1.925
-0.42
0.389487
1.5
1.375
-0.195
0.358469
1.2
-0.005
0.41
0.7
1
0.075
1.32
0.631506
0.5
0.87
0.045
0.343657
0.5
0
-0.005
-0.99
-0.005
0.41
-0.825
-0.12
-0.455
1.18
-0.515
1.58
-0.225
1.23
-0.265
1.68
0.345
1.19
0.275
1.58
0.625
1.23
0.605
1.68
0.99875
-0.03375
1.4875
-0.3375
2.18
-0.46375
2.46486
-0.520117
-0.505
0.01
-0.705
0.21
-0.505
0.81
-0.305
0.81
0.295
0.81
0.495
0.81
0.695
0.21
0.595
0.11
0.495
0.01
2.375
-0.51875
0.455412
2
1.925
-0.42
0.389487
1.5
1.3675
-0.20375
0.358469
1.2
-0.005
0.41
0.7
1
0.075
1.32
0.631506
0.5
0.86125
0.04125
0.343657
0.5
0
-0.005
-0.99
-0.005
0.41
-0.825
-0.12
-0.455
1.18
-0.515
1.58
-0.225
1.23
-0.265
1.68
0.345
1.19
0.275
1.58
0.625
1.23
0.605
1.68
0.9875
-0.0425
1.46
-0.355
2.175
-0.4425
2.46491
-0.480078
-0.505
0.01
-0.705
0.21
-0.505
0.81
-0.305
0.81
0.295
0.81
0.495
0.81
0.695
0.21
0.595
0.11
0.495
0.01
2.365
-0.4825
0.455412
2
1.925
-0.42
0.389487
1.5
1.36
-0.2125
0.358469
1.2
-0.005
0.41
0.7
1
0.075
1.32
0.631506
0.5
0.8525
0.0375
0.343657
0.5
0
-0.005
-0.99
-0.005
0.41
-0.825
-0.12
-0.455
1.18
-0.515
1.58
-0.225
1.23
-0.265
1.68
0.345
1.19
0.275
1.58
0.625
1.23
0.605
1.68
0.97625
-0.05125
1.4325
-0.3725
2.17
-0.42125
2.46495
-0.440039
-0.505
0.01
-0.705
0.21
-0.505
0.81
-0.305
0.81
0.295
0.81
0.495
0.81
0.695
0.21
0.595
0.11
0.495
0.01
2.355
-0.44625
0.455412
2
1.925
-0.42
0.389487
1.5
1.3525
-0.22125
0.358469
1.2
-0.005
0.41
0.7
1
0.075
1.32
0.631506
0.5
0.84375
0.03375
0.343657
0.5
0
-0.005
-0.99
-0.005
0.41
-0.825
-0.12
-0.455
1.18
-0.515
1.58
-0.225
1.23
-0.265
1.68
0.345
1.19
0.275
1.58
0.625
1.23
0.605
1.68
0.965
-0.06
1.405
-0.39
2.165
-0.4
2.465
-0.4
-0.505
0.01
-0.705
0.21
-0.505
0.81
-0.305
0.81
0.295
0.81
0.495
0.81
0.695
0.21
0.595
0.11
0.495
0.01
2.345
-0.41
0.455412
2
1.925
-0.42
0.389487
1.5
1.345
-0.23
0.358469
1.2
-0.005
0.41
0.7
1
0.075
1.32
0.631506
0.5
0.835
0.03
0.343657
0.5
0
-0.005
-0.99
-0.005
0.41
-0.825
-0.12
-0.455
1.18
-0.515
1.58
-0.225
1.23
-0.265
1.68
0.345
1.19
0.275
1.58
0.625
1.23
0.605
1.68
0.965
-0.06
1.44
-0.465
2.06
-0.56
2.36
-0.56
-0.505
0.01
-0.705
0.21
-0.505
0.81
-0.305
0.81
0.295
0.81
0.495
0.81
0.695
0.21
0.595
0.11
0.495
0.01
2.23
-0.565
0.455412
2
1.745
-0.485
0.389487
1.5
1.265
-0.255
0.358469
1.2
-0.005
0.41
0.7
1
0.075
1.32
0.631506
0.5
0.835
0.03
0.343657
0.5
0
-0.005
-0.99
-0.005
0.41
-0.825
-0.12
-0.455
1.18
-0.515
1.58
-0.225
1.23
-0.265
1.68
0.345
1.19
0.275
1.58
0.625
1.23
0.605
1.68
0.965
-0.06
1.475
-0.54
1.955
-0.72
2.255
-0.72
-0.505
0.01
-0.705
0.21
-0.505
0.81
-0.305
0.81
0.295
0.81
0.495
0.81
0.695
0.21
0.595
0.11
0.495
0.01
2.115
-0.72
0.455412
2
1.565
-0.55
0.389487
1.5
1.185
-0.28
0.358469
1.2
-0.005
0.41
0.7
1
0.075
1.32
0.631506
0.5
0.835
0.03
0.343657
0.5
0
-0.005
-0.99
-0.005
0.41
-0.825
-0.12
-0.455
1.18
-0.515
1.58
-0.225
1.23
-0.265
1.68
0.345
1.19
0.275
1.58
0.625
1.23
0.605
1.68
0.975
-0.11
1.365
-0.7
1.845
-0.84
2.145
-0.84
-0.505
0.01
-0.705
0.21
-0.505
0.81
-0.305
0.81
0.295
0.81
0.495
0.81
0.695
0.21
0.595
0.11
0.495
0.01
2.005
-0.84
0.455412
2
1.46
-0.62
0.389487
1.5
1.12
-0.31
0.358469
1.2
-0.005
0.41
0.7
1
0.075
1.32
0.631506
0.5
0.8
0.025
0.343657
0.5
0
-0.005
-0.99
-0.005
0.41
-0.825
-0.12
-0.455
1.18
-0.515
1.58
-0.225
1.23
-0.265
1.68
0.345
1.19
0.275
1.58
0.625
1.23
0.605
1.68
0.985
-0.16
1.255
-0.86
1.735
-0.96
2.035
-0.96
-0.505
0.01
-0.705
0.21
-0.505
0.81
-0.305
0.81
0.295
0.81
0.495
0.81
0.695
0.21
0.595
0.11
0.495
0.01
1.895
-0.96
0.455412
2
1.355
-0.69
0.389487
1.5
1.055
-0.34
0.358469
1.2
-0.005
0.41
0.7
1
0.075
1.32
0.631506
0.5
0.765
0.02
0.343657
0.5
0
-0.005
-0.99
-0.005
0.41
-0.825
-0.12
-0.455
1.18
-0.515
1.58
-0.225
1.23
-0.265
1.68
0.345
1.19
0.275
1.58
0.625
1.23
0.605
1.68
0.955
-0.22
1.225
-0.955
1.66
-1.115
1.96
-1.115
-0.505
0.01
-0.705
0.21
-0.505
0.81
-0.305
0.81
0.295
0.81
0.495
0.81
0.695
0.21
0.595
0.11
0.495
0.01
1.81
-1.12
0.455412
2
1.285
-0.765
0.389487
1.5
1.005
-0.39
0.358469
1.2
-0.005
0.41
0.7
1
0.075
1.32
0.631506
0.5
0.71
0.025
0.343657
0.5
0
-0.005
-0.99
-0.005
0.41
-0.825
-0.12
-0.455
1.18
-0.515
1.58
-0.225
1.23
-0.265
1.68
0.345
1.19
0.275
1.58
0.625
1.23
0.605
1.68
0.925
-0.28
1.195
-1.05
1.585
-1.27
1.885
-1.27
-0.505
0.01
-0.705
0.21
-0.505
0.81
-0.305
0.81
0.295
0.81
0.495
0.81
0.695
0.21
0.595
0.11
0.495
0.01
1.725
-1.28
0.455412
2
1.215
-0.84
0.389487
1.5
0.955
-0.44
0.358469
1.2
-0.005
0.41
0.7
1
0.075
1.32
0.631506
0.5
0.655
0.03
0.343657
0.5
0
-0.005
-0.99
-0.005
0.41
-0.825
-0.12
-0.455
1.18
-0.515
1.58
-0.225
1.23
-0.265
1.68
0.345
1.19
0.275
1.58
0.625
1.23
0.605
1.68
0.8275
-0.27
1.0925
-1.05
1.4125
-1.44
1.71247
-1.43706
-0.505
0.01
-0.705
0.21
-0.505
0.81
-0.305
0.81
0.295
0.81
0.495
0.81
0.695
0.21
0.595
0.11
0.495
0.01
1.54
-1.435
0.455412
2
1.07
-0.86
0.389487
1.5
0.835
-0.32
0.358469
1.2
-0.005
0.41
0.7
1
-0.13
1.35
0.631506
0.5
0.565
0.71
0.343657
0.5
0
-0.005
-0.99
-0.005
0.41
-0.825
-0.12
-0.455
1.18
-0.515
1.58
-0.225
1.23
-0.265
1.68
0.345
1.19
0.275
1.58
0.625
1.23
0.605
1.68
0.77875
-0.265
1.04125
-1.05
1.32625
-1.525
1.62621
-1.52059
-0.505
0.01
-0.705
0.21
-0.505
0.81
-0.305
0.81
0.295
0.81
0.495
0.81
0.695
0.21
0.595
0.11
0.495
0.01
1.4475
-1.5125
0.455412
2
0.9975
-0.87
0.389487
1.5
0.775
-0.26
0.358469
1.2
-0.005
0.41
0.7
1
-0.2325
1.365
0.631506
0.5
0.52
1.05
0.343657
0.5
0
-0.005
-0.99
-0.005
0.41
-0.825
-0.12
-0.455
1.18
-0.515
1.58
-0.225
1.23
-0.265
1.68
0.345
1.19
0.275
1.58
0.625
1.23
0.605
1.68
0.73
-0.26
0.99
-1.05
1.24
-1.61
1.53994
-1.60412
-0.505
0.01
-0.705
0.21
-0.505
0.81
-0.305
0.81
0.295
0.81
0.495
0.81
0.695
0.21
0.595
0.11
0.495
0.01
1.355
-1.59
0.456946
2
0.925
-0.88
0.39
1.5
0.715
-0.2
0.358469
1.2
-0.005
0.41
0.7
1
-0.335
1.38
0.411461
0.5
0.475
1.39
0.404969
0.5
0
