53
10
15
9
6
-0.005
-0.99
-0.005
0.41
-0.825
-0.12
-0.455
1.18
-0.515
1.58
-0.225
1.23
-0.265
1.68
0.345
1.19
0.275
1.58
0.625
1.23
0.605
1.67
0.73
-0.26
0.99
-1.05
1.24
-1.61
1.53994
-1.60412
-0.505
0.01
-0.705
0.21
-0.505
0.81
-0.305
0.81
0.295
0.81
0.495
0.81
0.695
0.21
0.595
0.11
0.495
0.01
1.355
-1.59
0.456946
2
0.925
-0.88
0.39
1.5
0.715
-0.2
0.358469
1.2
-0.005
0.41
0.7
1
-0.335
1.38
0.411461
0.5
0.475
1.39
0.404969
0.5
0
-0.171696
-0.597054
-0.095
0.4
-0.951945
-0.0682219
-0.487111
1.20118
-0.517485
1.60457
-0.254018
1.2341
-0.260759
1.6859
0.295
1.1
0.235
1.44
0.575
1.14
0.565
1.55
0.524311
-0.448048
0.772757
-1.42916
1.29142
-1.46747
1.57485
-1.369
-0.623188
0.0378667
-0.807939
0.252089
-0.564244
0.835813
-0.364758
0.821077
0.233702
0.776869
0.433188
0.762133
0.588467
0.148938
0.481356
0.0565624
0.374244
-0.0358127
1.39632
-1.40502
0.456946
2
0.777463
-0.958157
0.39
1.5
0.565286
-0.300644
0.380132
1.2
-0.095
0.4
0.7
1
-0.352684
1.39182
0.411461
0.5
0.455974
1.34212
0.404969
0.5
0
-0.228788
-0.605592
-0.135
0.39
-1.00477
-0.0539484
-0.504435
1.20188
-0.523458
1.60597
-0.270508
1.22825
-0.264548
1.68005
0.265
1.04
0.225
1.4
0.555
1.06
0.545
1.49
0.413091
-0.641216
0.703727
-1.53553
1.33347
-1.17764
1.58348
-1.01175
-0.673159
0.0428572
-0.851815
0.262188
-0.591808
0.838831
-0.392815
0.818493
0.204165
0.757481
0.403159
0.737143
0.54114
0.119825
0.431474
0.0304968
0.321808
-0.058831
1.45206
-1.09928
0.456946
2
0.698941
-0.992145
0.39
1.5
0.50533
-0.328927
0.380132
1.2
-0.135
0.39
0.7
1
-0.364702
1.38868
0.411461
0.5
0.442239
1.31626
0.404969
0.5
0
-0.365442
-0.608619
-0.215
0.38
-1.11163
-0.00677931
-0.531166
1.21405
-0.524024
1.61852
-0.296029
1.22524
-0.260871
1.6757
0.265
1
0.225
1.35
0.535
1.01
0.545
1.41
0.192823
-0.753428
0.500955
-1.45429
1.2581
-0.871655
1.49962
-0.69362
-0.774465
0.0683828
-0.938564
0.298801
-0.641826
0.857416
-0.444568
0.824256
0.147207
0.724777
0.344466
0.691617
0.442245
0.0666823
0.327035
-0.0153669
0.211826
-0.0974161
1.43415
-0.789691
0.456946
2
0.674278
-0.966203
0.39
1.5
0.377498
-0.378807
0.380132
1.2
-0.215
0.38
0.7
1
-0.379651
1.39142
0.411461
0.5
0.420903
1.26698
0.404969
0.5
0
-0.417057
-0.618372
-0.265
0.37
-1.17836
0.0241316
-0.543148
1.21764
-0.517708
1.62143
-0.307708
1.21817
-0.252195
1.66665
0.215
0.99
0.225
1.31
0.495
0.97
0.525
1.36
0.280559
-0.70908
0.647764
-1.09499
1.5158
-0.626827
1.79946
-0.528884
-0.838084
0.0839705
-0.991613
0.321616
-0.669852
0.866319
-0.474265
0.824262
0.112497
0.698088
0.308084
0.656029
0.377498
0.0272099
0.258675
-0.0495549
0.139852
-0.126319
1.67301
-0.609474
0.456946
2
0.879203
-0.827578
0.39
1.5
0.400955
-0.387097
0.380132
1.2
-0.265
0.37
0.7
1
-0.383738
1.38799
0.411461
0.5
0.410494
1.22744
0.404969
0.5
0
-0.602869
-0.611297
-0.365
0.36
-1.30339
0.0891147
-0.573698
1.2274
-0.515684
1.62783
-0.338975
1.20889
-0.24737
1.65144
0.185
0.93
0.225
1.27
0.425
0.88
0.535
1.25
0.458919
-0.442096
0.870625
-0.670676
1.4386
-0.831432
1.7303
-0.901972
-0.959368
0.121241
-1.09318
0.370536
-0.728406
0.887461
-0.536852
0.829721
0.0378129
0.656499
0.229368
0.598759
0.247702
-0.0336459
0.123054
-0.100553
-0.00159317
-0.167461
1.54487
-0.89481
0.456946
2
0.891751
-0.635252
0.39
1.5
0.341236
-0.312591
0.380132
1.2
-0.365
0.36
0.7
1
-0.401025
1.38431
0.411461
0.5
0.37766
1.16004
0.404969
0.5
0
-0.674456
-0.615755
-0.415
0.35
-1.36419
0.119449
-0.58645
1.22561
-0.511367
1.62323
-0.352711
1.19708
-0.242266
1.63534
0.125
0.82
0.205
1.12
0.335
0.72
0.455
1.04
0.52616
-0.23247
1.14347
-0.437136
1.33619
-0.917545
1.3646
-1.21633
-1.01908
0.136843
-1.14213
0.391653
-0.755561
0.892561
-0.566632
0.826679
0.000154957
0.629037
0.189084
0.563156
0.180371
-0.0695114
0.0529665
-0.131036
-0.0744382
-0.19256
1.39112
-1.06384
0.456946
2
1.03496
-0.505248
0.39
1.5
0.434119
-0.25335
0.380132
1.2
-0.415
0.35
0.7
1
-0.407212
1.37501
0.411461
0.5
0.361246
1.11764
0.404969
0.5
0
-0.915123
-0.587467
-0.495
0.32
-1.47091
0.268919
-0.545
1.21
-0.505
1.62
-0.295
1.19
-0.245
1.63
0.075
0.71
0.125
1.01
0.285
0.6
0.365
0.9
0.613062
-0.443626
1.17716
-0.767735
1.04527
-1.41919
0.923028
-1.69345
-1.12837
0.222177
-1.20222
0.495471
-0.72947
0.916454
-0.555901
0.816727
-0.035195
0.517549
0.138374
0.417823
0.0127648
-0.202609
-0.123882
-0.239531
-0.26053
-0.276452
0.985435
-1.52333
0.456946
2
0.915132
-0.801878
0.39
1.5
0.368581
-0.407047
0.380132
1.2
-0.495
0.32
0.7
1
-0.297718
1.32636
0.411461
0.5
0.410223
0.931147
0.404969
0.5
0
-0.966048
-0.5825
-0.515
0.31
-1.49133
0.275396
-0.545
1.23
-0.525
1.62
-0.305
1.2
-0.245
1.62
0.075
0.63
0.105
0.93
0.255
0.49
0.325
0.83
0.827865
-0.154003
1.36119
-0.822151
0.774776
-1.88213
0.647965
-2.1542
-1.14974
0.2229
-1.21894
0.497319
-0.739309
0.910142
-0.567499
0.807534
-0.0520675
0.499709
0.119743
0.3971
-0.0162715
-0.22094
-0.153481
-0.255541
-0.290691
-0.290142
0.795418
-1.90611
0.533385
2
0.944555
-0.992889
0.487032
1.5
0.399295
-0.364233
0.445982
1.2
-0.515
0.31
0.7
1
-0.300837
1.31258
0.411461
0.5
0.400126
0.905612
0.404969
0.5
1
0.516824
-2.45065
0.872811
0
-1
1.4
0.2
1.1
0
-0.925
-0.58
-0.515
0.32
-1.49209
0.296978
-0.545
1.24
-0.525
1.62
-0.305
1.2
-0.255
1.62
0.065
0.56
0.095
0.84
0.235
0.45
0.305
0.76
1.04252
-0.165703
1.41201
-0.826867
0.596831
-2.19402
0.455579
-2.45903
-1.151
0.240407
-1.21697
0.515743
-0.732261
0.923018
-0.561609
0.818331
-0.0496529
0.504278
0.121
0.399593
-0.0224018
-0.217048
-0.16007
-0.250032
-0.297738
-0.283016
0.560192
-2.25375
0.57
2
0.985884
-1.38751
0.487032
1.5
0.931672
-0.614416
0.445982
1.2
-0.515
0.32
0.7
1
0.0295756
1.0546
0.631506
0.5
0.247917
-0.31241
0.404969
0.5
1
0.352759
-2.57275
0.872811
0
-1
1.4
0.2
1.1
0
-0.921123
-0.589308
-0.505
0.32
-1.48169
0.293471
-0.555
1.23
-0.525
1.62
-0.305
1.2
-0.255
1.62
0.085
0.54
0.155
0.73
0.255
0.45
0.325
0.65
1.1712
-0.0439738
1.64444
-0.94107
0.549792
-2.54751
0.386472
-2.79941
-1.14051
0.238144
-1.20745
0.513156
-0.724361
0.922044
-0.553387
0.818005
-0.040463
0.505893
0.130512
0.401855
-0.0106259
-0.215106
-0.148132
-0.248574
-0.285638
-0.282043
0.513742
-2.549
0.57
2
0.955136
-1.66961
0.487032
1.5
1.11482
-0.829653
0.445982
1.2
-0.505
0.32
0.7
1
0.0367607
1.05632
0.631506
0.5
0.481451
-0.291965
0.518652
0.5
1
0.142516
-2.90881
0.872811
0
-1
1.4
0.2
1.1
0
-0.85509
-0.432618
-0.385
0.45
-1.36221
0.433751
-0.495
1.22
-0.515
1.62
-0.255
1.2
-0.245
1.61
0.175
0.68
0.155
0.86
0.345
0.6
0.345
0.82
1.52037
-0.0884233
1.58662
-1.15576
0.358195
-2.84353
0.192182
-3.09377
-1.02153
0.374818
-1.08559
0.650603
-0.598073
1.0545
-0.428153
0.948637
0.0816087
0.631046
0.251529
0.525182
0.103859
-0.0904436
-0.0340332
-0.122472
-0.171926
-0.154501
0.35179
-2.81596
0.626418
2
0.971094
-1.82192
0.553263
1.5
1.14692
-0.858225
0.466154
1.2
-0.385
0.45
0.7
1
0.164649
1.1808
0.631506
0.5
0.595248
-0.172506
0.518652
0.5
1
0.13477
-3.16429
0.872811
0
-1
1.4
0.2
1.1
0
-0.74712
-0.431816
-0.315
0.47
-1.29164
0.440949
-0.395
1.28
-0.505
1.61
-0.175
1.25
-0.245
1.61
0.235
0.72
0.205
0.88
0.385
0.63
0.375
0.81
1.59673
-0.0432535
1.67694
-1.10933
0.505658
-2.74578
0.342987
-2.99811
-0.950311
0.386503
-1.01796
0.661347
-0.535919
1.07149
-0.364673
0.967889
0.149065
0.657095
0.320311
0.553497
0.180763
-0.0638386
0.0433413
-0.0976628
-0.0940807
-0.131487
0.498894
-2.7183
0.626418
2
1.09178
-1.79626
0.553263
1.5
1.25221
-0.864075
0.466154
1.2
-0.315
0.47
0.7
1
0.22487
1.20773
0.631506
0.5
0.673047
-0.13943
0.518652
0.5
0
-0.746219
-0.389785
-0.3
0.505
-1.27661
0.476072
-0.39
1.305
-0.5
1.605
-0.16
1.28
-0.235
1.61
0.24
0.755
0.195
0.885
0.41
0.67
0.365
0.83
1.6116
-0.00847508
1.69168
-1.07452
0.53752
-2.67737
0.374822
-2.92967
-0.935299
0.421585
-1.00291
0.696428
-0.520836
1.10649
-0.349609
1.00288
0.164072
0.69203
0.335299
0.588415
0.195679
-0.0288818
0.0582578
-0.0626879
-0.0791637
-0.0964936
0.530759
-2.64989
0.626418
2
1.11715
-1.76784
0.553263
1.5
1.27634
-0.852428
0.466154
1.2
-0.3
0.505
0.7
1
0.239942
1.24264
0.631506
0.5
0.687936
-0.104532
0.518652
0.5
0
-0.745317
-0.347754
-0.285
0.54
-1.26158
0.511196
-0.385
1.33
-0.495
1.6
-0.145
1.31
-0.225
1.61
0.245
0.79
0.185
0.89
0.435
0.71
0.355
0.85
1.62647
0.0263034
1.70641
-1.03971
0.569381
-2.60897
0.406656
-2.86124
-0.920287
0.456667
-0.987862
0.731509
-0.505754
1.1415
-0.334545
1.03787
0.179079
0.726966
0.350287
0.623332
0.210595
0.00607491
0.0731743
-0.0277129
-0.0642466
-0.0615001
0.562624
-2.58148
0.614654
2
1.14252
-1.73941
0.496488
1.5
1.30047
-0.840782
0.487647
1.2
-0.285
0.54
0.7
1
0.255015
1.27754
0.631506
0.5
0.702825
-0.0696343
0.518652
0.5
0
-0.722191
-0.356693
-0.28
0.54
-1.25666
0.509459
-0.38
1.33
-0.49
1.595
-0.145
1.315
-0.22
1.61
0.245
0.78
0.2
0.9
0.44
0.705
0.375
0.86
1.62017
0.00646263
1.6636
-1.06275
0.590815
-2.58511
0.43262
-2.83998
-0.915221
0.455529
-0.983293
0.730286
-0.501849
1.14118
-0.330435
1.03784
0.183806
0.727813
0.35522
0.624471
0.216606
0.00688684
0.0792276
-0.027149
-0.0581507
-0.0611845
0.578854
-2.57351
0.614654
2
1.13179
-1.72664
0.496488
1.5
1.28022
-0.835987
0.487647
1.2
-0.28
0.54
0.7
1
0.258775
1.2786
0.631506
0.5
0.690788
-0.0861903
0.518652
0.5
0
-0.699066
-0.365632
-0.275
0.54
-1.25173
0.507722
-0.375
1.33
-0.485
1.59
-0.145
1.32
-0.215
1.61
0.245
0.77
0.215
0.91
0.445
0.7
0.395
0.87
1.61387
-0.0133781
1.6208
-1.08579
0.612249
-2.56125
0.458584
-2.81872
-0.910155
0.454391
-0.978723
0.729063
-0.497945
1.14087
-0.326325
1.03782
0.188533
0.728661
0.360153
0.625609
0.222617
0.00769877
0.0852809
-0.0265851
-0.0520548
-0.0608688
0.595083
-2.56554
0.614654
2
1.12107
-1.71388
0.496488
1.5
1.25998
-0.831192
0.487647
1.2
-0.275
0.54
0.7
1
0.262534
1.27965
0.631506
0.5
0.678751
-0.102746
0.518652
0.5
0
-0.708606
-0.358534
-0.27
0.54
-1.24677
0.51198
-0.375
1.33
-0.485
1.595
-0.14
1.32
-0.215
1.61
0.265
0.76
0.22
0.91
0.455
0.685
0.41
0.88
1.60362
-0.0446086
1.56745
-1.11982
0.614583
-2.54217
0.463888
-2.80125
-0.905464
0.457166
-0.972828
0.73211
-0.490305
1.14178
-0.319151
1.03799
0.194309
0.726623
0.365463
0.622833
0.225248
0.00558344
0.0877768
-0.0280986
-0.0496947
-0.0617807
0.592107
-2.56221
0.614654
2
1.09625
-1.70905
0.496488
1.5
1.23099
-0.835346
0.487647
1.2
-0.27
0.54
0.7
1
0.270703
1.27723
0.631506
0.5
0.662457
-0.124907
0.518652
0.5
0
-0.718147
-0.351436
-0.265
0.54
-1.24182
0.516238
-0.375
1.33
-0.485
1.6
-0.135
1.32
-0.215
1.61
0.285
0.75
0.225
0.91
0.465
0.67
0.425
0.89
1.59337
-0.0758391
1.51409
-1.15384
0.616916
-2.52308
0.469192
-2.78378
-0.900772
0.459942
-0.966933
0.735156
-0.482665
1.14269
-0.311977
1.03817
0.200085
0.724584
0.370773
0.620058
0.22788
0.0034681
0.0902726
-0.029612
-0.0473347
-0.0626925
0.58913
-2.55887
0.614654
2
1.07144
-1.70421
0.496488
1.5
1.20199
-0.8395
0.487647
1.2
-0.265
0.54
0.7
1
0.278873
1.27482
0.631506
0.5
0.646162
-0.147069
0.518652
0.5
0
-0.705616
-0.357587
-0.265
0.54
-1.24169
0.512255
-0.375
1.33
-0.485
1.605
-0.135
1.315
-0.215
1.61
0.3
0.75
0.225
0.91
0.47
0.66
0.425
0.875
1.58336
-0.0913982
1.47008
-1.17287
0.640127
-2.49666
0.497572
-2.76022
-0.900426
0.457351
-0.967707
0.732287
-0.485116
1.14179
-0.314008
1.03796
0.199317
0.726475
0.370426
0.622648
0.230052
0.00549513
0.0925845
-0.028145
-0.0448836
-0.0617857
0.607325
-2.54843
0.614654
2
1.06061
-1.68816
0.496488
1.5
1.17969
-0.831302
0.487647
1.2
-0.265
0.54
0.7
1
0.275858
1.27701
0.631506
0.5
0.630684
-0.161549
0.518652
0.5
0
-0.693086
-0.363738
-0.265
0.54
-1.24156
0.508272
-0.375
1.33
-0.485
1.61
-0.135
1.31
-0.215
1.61
0.315
0.75
0.225
0.91
0.475
0.65
0.425
0.86
1.57335
-0.106957
1.42606
-1.19191
0.663338
-2.47023
0.525951
-2.73667
-0.900079
0.454761
-0.968481
0.729418
-0.487567
1.14088
-0.316038
1.03775
0.19855
0.728367
0.37008
0.625239
0.232225
0.00752217
0.0948964
-0.0266781
-0.0424325
-0.0608789
0.62552
-2.53799
0.614654
2
1.04978
-1.67211
0.496488
1.5
1.15738
-0.823105
0.487647
1.2
-0.265
0.54
0.7
1
0.272844
1.27921
0.631506
0.5
0.615207
-0.17603
0.518652
0.5
0
-0.659738
-0.386107
-0.26
0.53
-1.23321
0.455364
-0.375
1.33
-0.485
1.605
-0.14
1.31
-0.215
1.61
0.315
0.79
0.2
0.94
0.49
0.72
0.405
0.91
1.59277
-0.0589363
1.45555
-1.15475
0.807648
-2.40979
0.686544
-2.68365
-0.890061
0.416986
-0.970412
0.688086
-0.508563
1.11989
-0.332838
1.02451
0.194337
0.738388
0.370062
0.643014
0.259664
0.020464
0.124114
-0.019711
-0.0114363
-0.0598865
0.76914
-2.49534
0.614654
2
1.12871
-1.61111
0.496488
1.5
1.19156
-0.76809
0.487647
1.2
-0.26
0.53
0.7
1
0.244244
1.2914
0.631506
0.5
0.633382
-0.165621
0.518652
0.5
0
-0.626391
-0.408477
-0.255
0.52
-1.22487
0.402456
-0.375
1.33
-0.485
1.6
-0.145
1.31
-0.215
1.61
0.315
0.83
0.175
0.97
0.505
0.79
0.385
0.96
1.6122
-0.0109153
1.48504
-1.1176
0.951957
-2.34935
0.847137
-2.63064
-0.880043
0.379211
-0.972343
0.646753
-0.529559
1.09889
-0.349639
1.01127
0.190123
0.74841
0.370044
0.660789
0.287102
0.0334059
0.153331
-0.012744
0.0195598
-0.0588941
0.912761
-2.45269
0.544518
2
1.20763
-1.55011
0.439318
1.5
1.22573
-0.713074
0.438634
1.2
-0.255
0.52
0.7
1
0.215643
1.30359
0.631506
0.5
0.651558
-0.155213
0.463249
0.5
0
-0.607857
-0.432211
-0.26
0.505
-1.22428
0.352113
-0.395
1.315
-0.48
1.6
-0.17
1.295
-0.215
1.615
0.31
0.855
0.185
0.995
0.495
0.8
0.4
0.99
1.57447
0.0131407
1.51654
-1.06907
1.05826
-2.28989
0.969904
-2.57587
-0.879061
0.34152
-0.981031
0.605328
-0.555384
1.07308
-0.372495
0.992157
0.176172
0.749399
0.359062
0.66848
0.299193
0.0388932
0.167289
-0.0120916
0.0353844
-0.0630767
1.02244
-2.39568
0.544518
2
1.26972
-1.5021
0.439318
1.5
1.2423
-0.682473
0.438634
1.2
-0.26
0.505
0.7
1
0.181338
1.30478
0.631506
0.5
0.662874
-0.144037
0.463249
0.5
0
-0.589324
-0.455946
-0.265
0.49
-1.22369
0.301769
-0.415
1.3
-0.475
1.6
-0.195
1.28
-0.215
1.62
0.305
0.88
0.195
1.02
0.485
0.81
0.415
1.02
1.53673
0.0371967
1.54803
-1.02055
1.16457
-2.23042
1.09267
-2.52109
-0.878079
0.303829
-0.989719
0.563904
-0.581208
1.04726
-0.395351
0.973041
0.162222
0.750389
0.348079
0.676171
0.311284
0.0443806
0.181247
-0.0114392
0.051209
-0.0672593
1.13211
-2.33868
0.544518
2
1.33181
-1.45408
0.439318
1.5
1.25888
-0.651872
0.438634
1.2
-0.265
0.49
0.7
1
0.147033
1.30596
0.631506
0.5
0.67419
-0.132861
0.463249
0.5
0
-0.5913
-0.480213
-0.28
0.47
-1.23653
0.271497
-0.43
1.26
-0.475
1.6
-0.21
1.24
-0.215
1.62
0.305
0.875
0.19
1.045
0.485
0.81
0.415
1.04
1.4773
0.00557409
1.52791
-1.02363
1.18589
-2.20801
1.12318
-2.50051
-0.890986
0.277269
-1.0054
0.536106
-0.602149
1.02378
-0.415522
0.951568
0.144359
0.73494
0.330987
0.662731
0.300986
0.0306398
0.171567
-0.026569
0.0421491
-0.0837778
1.15417
-2.31777
0.544518
2
1.33058
-1.45005
0.439318
1.5
1.23455
-0.666019
0.438634
1.2
-0.28
0.47
0.7
1
0.123204
1.29027
0.631506
0.5
0.658718
-0.150729
0.463249
0.5
0
-0.593275
-0.50448
-0.295
0.45
-1.24936
0.241224
-0.445
1.22
-0.475
1.6
-0.225
1.2
-0.215
1.62
0.305
0.87
0.185
1.07
0.485
0.81
0.415
1.06
1.41787
-0.0260485
1.50779
-1.02671
1.20722
-2.18559
1.15369
-2.47993
-0.903894
0.25071
-1.02109
0.508308
-0.623089
1.0003
-0.435692
0.930095
0.126497
0.719491
0.313894
0.64929
0.290687
0.016899
0.161888
-0.0416987
0.0330892
-0.100296
1.17622
-2.29685
0.544518
2
1.32935
-1.44601
0.439318
1.5
1.21022
-0.680167
0.438634
1.2
-0.295
0.45
0.7
1
0.0993738
1.27457
0.631506
0.5
0.643245
-0.168597
0.463249
0.5
0
-0.569137
-0.52724
-0.29
0.425
-1.24132
0.203306
-0.446481
1.21877
-0.484485
1.59844
-0.231412
1.20544
-0.224577
1.6155
0.281018
0.889328
0.15774
1.10338
0.496322
0.841308
0.40927
1.0955
1.38081
-0.0600539
1.51148
-1.03027
1.25428
-2.1628
1.21085
-2.45874
-0.89606
0.217482
-1.01673
0.473434
-0.625494
0.970725
-0.437183
0.903083
0.127749
0.70016
0.31606
0.632518
0.301446
-5.54919e-05
0.17347
-0.0603902
0.0454945
-0.120725
1.2244
-2.27565
0.544518
2
1.3527
-1.44216
0.439318
1.5
1.20919
-0.695756
0.438634
1.2
-0.29
0.425
0.7
1
0.0930921
1.25476
0.631506
0.5
0.649648
-0.188966
0.463249
0.5
0
-0.545
-0.55
-0.285
0.4
-1.23329
0.165388
-0.447962
1.21755
-0.493971
1.59688
-0.237823
1.21087
-0.234154
1.61099
0.257036
0.908656
0.130481
1.13677
0.507645
0.872616
0.40354
1.13101
1.34375
-0.0940594
1.51516
-1.03384
1.30135
-2.14002
1.268
-2.43755
-0.888227
0.184254
-1.01237
0.43856
-0.627899
0.941153
-0.438674
0.876072
0.129
0.680828
0.318226
0.615746
0.312206
-0.0170099
0.185053
-0.0790818
0.0578998
-0.141154
1.27257
-2.25444
0.544518
2
1.37605
-1.43831
0.439318
1.5
1.20815
-0.711345
0.438634
1.2
-0.285
0.4
0.7
1
0.0868105
1.23494
0.631506
0.5
0.65605
-0.209334
0.463249
0.5
0
-0.5
-0.55
-0.265
0.41
-1.20099
0.133857
-0.456481
1.21377
-0.489485
1.59344
-0.236412
1.21544
-0.239577
1.6005
0.276018
0.929328
0.15274
1.16838
0.526322
0.891308
0.43427
1.1805
1.33726
-0.0474338
1.57445
-0.946434
1.43485
-2.02735
1.42088
-2.32616
-0.85746
0.167969
-0.992618
0.416266
-0.63118
0.93488
-0.439452
0.878311
0.135732
0.708601
0.32746
0.652031
0.349478
0.0202778
0.225329
-0.0473013
0.101181
-0.11488
1.4109
-2.14403
0.544518
2
1.46654
-1.3453
0.439318
1.5
1.25439
-0.646072
0.438634
1.2
-0.265
0.41
0.7
1
0.0690836
1.25973
0.631506
0.5
0.695107
-0.165241
0.463249
0.5
0
-0.455
-0.55
-0.245
0.42
-1.1687
0.102326
-0.465
1.21
-0.485
1.59
-0.235
1.22
-0.245
1.59
0.295
0.95
0.175
1.2
0.545
0.91
0.465
1.23
1.33077
-0.000808179
1.63373
-0.859031
1.56835
-1.91469
1.57377
-2.21477
-0.826694
0.151683
-0.972866
0.393972
-0.634461
0.928607
-0.44023
0.880549
0.142463
0.736375
0.336694
0.688317
0.38675
0.0575656
0.265606
-0.0155208
0.144462
-0.0886072
1.54922
-2.03363
0.455412
2
1.55704
-1.2523
0.389487
1.5
1.30064
-0.580799
0.358469
1.2
-0.245
0.42
0.7
1
0.0513567
1.28453
0.631506
0.5
0.734163
-0.121149
0.420119
0.5
0
-0.387017
-0.561139
-0.22
0.42
-1.12952
0.0660884
-0.47
1.21
-0.485
1.59
-0.235
1.22
-0.25
1.59
0.3
0.98
0.195
1.245
0.55
0.95
0.485
1.26
1.35083
0.0391388
1.67981
-0.790401
1.67495
-1.80431
1.69786
-2.10271
-0.790043
0.128977
-0.945617
0.365043
-0.629056
0.912257
-0.433236
0.87201
0.154224
0.75127
0.350044
0.711023
0.425124
0.0833163
0.30709
0.00552958
0.189057
-0.072257
1.66432
-1.93203
0.455412
2
1.62232
-1.15749
0.389487
1.5
1.33656
-0.508212
0.358469
1.2
-0.22
0.42
0.7
1
0.0414508
1.29488
0.631506
0.5
0.75688
-0.0852282
0.420119
0.5
0
-0.319035
-0.572278
-0.195
0.42
-1.09033
0.0298508
-0.475
1.21
-0.485
1.59
-0.235
1.22
-0.255
1.59
0.305
1.01
0.215
1.29
0.555
0.99
0.505
1.29
1.37089
0.0790857
1.72588
-0.72177
1.78156
-1.69393
1.82195
-1.99064
-0.753393
0.10627
-0.918367
0.336115
-0.623652
0.895907
-0.426243
0.863471
0.165985
0.766165
0.363394
0.73373
0.463497
0.109067
0.348575
0.0265799
0.233652
-0.0559069
1.77941
-1.83042
0.455412
2
1.68761
-1.06267
0.389487
1.5
1.37249
-0.435625
0.358469
1.2
-0.195
0.42
0.7
1
0.0315448
1.30524
0.631506
0.5
0.779596
-0.0493076
0.420119
0.5
0
-0.273247
-0.573997
-0.165
0.42
-1.04815
0.00404586
-0.47
1.215
-0.485
1.595
-0.23
1.22
-0.25
1.595
0.315
1.06
0.24
1.34
0.565
1.03
0.52
1.345
1.39181
0.100572
1.76136
-0.674487
1.86126
-1.60057
1.91578
-1.89454
-0.713737
0.0902386
-0.885278
0.315062
-0.607173
0.882967
-0.408991
0.856326
0.185555
0.776402
0.383737
0.749761
0.501996
0.128574
0.389585
0.0428039
0.277173
-0.0429667
1.86729
-1.74498
0.455412
2
1.73483
-0.987475
0.389487
1.5
1.39926
-0.381247
0.358469
1.2
-0.165
0.42
0.7
1
0.0354895
1.31107
0.631506
0.5
0.800521
-0.0256737
0.420119
0.5
0
-0.227459
-0.575716
-0.135
0.42
-1.00596
-0.0217591
-0.465
1.22
-0.485
1.6
-0.225
1.22
-0.245
1.6
0.325
1.11
0.265
1.39
0.575
1.07
0.535
1.4
1.41272
0.122059
1.79684
-0.627204
1.94097
-1.50721
2.0096
-1.79845
-0.67408
0.074207
-0.852189
0.294008
-0.590694
0.870026
-0.391739
0.84918
0.205126
0.78664
0.404081
0.765793
0.540496
0.148082
0.430595
0.0590278
0.320693
-0.0300264
1.95518
-1.65955
0.455412
2
1.78205
-0.912278
0.389487
1.5
1.42603
-0.32687
0.358469
1.2
-0.135
0.42
0.7
1
0.0394343
1.31691
0.631506
0.5
0.821446
-0.00203991
0.420119
0.5
0
-0.167487
-0.577406
-0.1
0.42
-0.957249
-0.0467839
-0.46
1.215
-0.485
1.6
-0.22
1.215
-0.245
1.605
0.33
1.125
0.29
1.425
0.585
1.1
0.575
1.445
1.4388
0.142
1.83507
-0.581154
2.01808
-1.41169
2.10055
-1.69904
-0.628481
0.058785
-0.812843
0.273181
-0.568413
0.856301
-0.369034
0.841284
0.229103
0.796232
0.428482
0.781215
0.582809
0.168061
0.475611
0.0758804
0.368413
-0.0163006
2.04137
-1.5712
0.455412
2
1.8287
-0.837616
0.389487
1.5
1.45415
-0.27433
0.358469
1.2
-0.1
0.42
0.7
1
0.0480794
1.32117
0.631506
0.5
0.846309
0.0197673
0.420119
0.5
0
-0.107515
-0.579096
-0.065
0.42
-0.908539
-0.0718087
-0.455
1.21
-0.485
1.6
-0.215
1.21
-0.245
1.61
0.335
1.14
0.315
1.46
0.595
1.13
0.615
1.49
1.46487
0.161941
1.87331
-0.535104
2.09519
-1.31617
2.19151
-1.59964
-0.582882
0.0433631
-0.773498
0.252354
-0.546132
0.842575
-0.346329
0.833387
0.253079
0.805825
0.452882
0.796637
0.625123
0.188041
0.520627
0.092733
0.416132
-0.00257474
2.12757
-1.48285
0.455412
2
1.87535
-0.762954
0.389487
1.5
1.48226
-0.22179
0.358469
1.2
-0.065
0.42
0.7
1
0.0567246
1.32543
0.631506
0.5
0.871172
0.0415744
0.420119
0.5
0
-0.0562574
-0.784548
-0.035
0.415
-0.866769
-0.0959044
-0.455
1.195
-0.5
1.59
-0.22
1.22
-0.255
1.645
0.34
1.165
0.295
1.52
0.61
1.18
0.61
1.585
1.48493
0.16597
1.89916
-0.507552
2.15009
-1.23809
2.25819
-1.51732
-0.543941
0.0266815
-0.739249
0.231177
-0.525566
0.826287
-0.325665
0.821694
0.27404
0.807912
0.473941
0.803318
0.660061
0.19902
0.557814
0.101366
0.455566
0.00371263
2.19128
-1.41142
0.455412
2
1.90517
-0.706477
0.389487
1.5
1.49863
-0.185895
0.358469
1.2
-0.035
0.415
0.7
1
0.0658623
1.32271
0.631506
0.5
0.888086
0.0507872
0.420119
0.5
0
-0.005
-0.99
-0.005
0.41
-0.825
-0.12
-0.455
1.18
-0.515
1.58
-0.225
1.23
-0.265
1.68
0.345
1.19
0.275
1.58
0.625
1.23
0.605
1.68
1.505
0.17
1.925
-0.48
2.205
-1.16
2.32488
-1.43501
-0.505
0.01
-0.705
0.21
-0.505
0.81
-0.305
0.81
0.295
0.81
0.495
0.81
0.695
0.21
0.595
0.11
0.495
0.01
2.255
-1.34
0.455412
2
1.935
-0.65
0.389487
1.5
1.515
-0.15
0.358469
1.2
-0.005
0.41
0.7
1
0.075
1.32
0.631506
0.5
0.905
0.06
0.343657
0.5
0
-0.005
-0.99
-0.005
0.41
-0.825
-0.12
-0.455
1.18
-0.515
1.58
-0.225
1.23
-0.265
1.68
0.345
1.19
0.275
1.58
0.625
1.23
0.605
1.68
1.38
0.13
1.955
-0.45
2.24
-1.015
2.39564
-1.26801
-0.505
0.01
-0.705
0.21
-0.505
0.81
-0.305
0.81
0.295
0.81
0.495
0.81
0.695
0.21
0.595
0.11
0.495
0.01
2.35
-1.195
0.455412
2
1.965
-0.6
0.389487
1.5
1.505
-0.145
0.358469
1.2
-0.005
0.41
0.7
1
0.075
1.32
0.631506
0.5
0.905
0.06
0.343657
0.5
0
-0.005
-0.99
-0.005
0.41
-0.825
-0.12
-0.455
1.18
-0.515
1.58
-0.225
1.23
-0.265
1.68
0.345
1.19
0.275
1.58
0.625
1.23
0.605
1.68
1.255
0.09
1.985
-0.42
2.275
-0.87
2.46641
-1.10101
-0.505
0.01
-0.705
0.21
-0.505
0.81
-0.305
0.81
0.295
0.81
0.495
0.81
0.695
0.21
0.595
0.11
0.495
0.01
2.445
-1.05
0.455412
2
1.995
-0.55
0.389487
1.5
1.495
-0.14
0.358469
1.2
-0.005
0.41
0.7
1
0.075
1.32
0.631506
0.5
0.905
0.06
0.343657
0.5
0
-0.005
-0.99
-0.005
0.41
-0.825
-0.12
-0.455
1.18
-0.515
1.58
-0.225
1.23
-0.265
1.68
0.345
1.19
0.275
1.58
0.625
1.23
0.605
1.68
1.205
0.07
1.895
-0.3775
2.2575
-0.795
2.46596
-1.00583
-0.505
0.01
-0.705
0.21
-0.505
0.81
-0.305
0.81
0.295
0.81
0.495
0.81
0.695
0.21
0.595
0.11
0.495
0.01
2.44
-0.9625
0.455412
2
1.9775
-0.5175
0.389487
1.5
1.4725
-0.145
0.358469
1.2
-0.005
0.41
0.7
1
0.075
1.32
0.631506
0.5
0.905
0.06
0.343657
0.5
0
-0.005
-0.99
-0.005
0.41
-0.825
-0.12
-0.455
1.18
-0.515
1.58
-0.225
1.23
-0.265
1.68
0.345
1.19
0.275
1.58
0.625
1.23
0.605
1.68
1.08
0.02
1.67
-0.27125
2.21375
-0.6075
2.46485
-0.767898
-0.505
0.01
-0.705
0.21
-0.505
0.81
-0.305
0.81
0.295
0.81
0.495
0.81
0.695
0.21
0.595
0.11
0.495
0.01
2.4275
-0.74375
0.455412
2
1.93375
-0.43625
0.389487
1.5
1.41625
-0.1575
0.358469
1.2
-0.005
0.41
0.7
1
0.075
1.32
0.631506
0.5
0.905
0.06
0.343657
0.5
0
-0.005
-0.99
-0.005
0.41
-0.825
-0.12
-0.455
1.18
-0.515
1.58
-0.225
1.23
-0.265
1.68
0.345
1.19
0.275
1.58
0.625
1.23
0.605
1.68
1.0325
-0.0075
1.57
-0.285
2.195
-0.5275
2.46472
-0.640233
-0.505
0.01
-0.705
0.21
-0.505
0.81
-0.305
0.81
0.295
0.81
0.495
0.81
0.695
0.21
0.595
0.11
0.495
0.01
2.405
-0.6275
0.455412
2
1.925
-0.42
0.389487
1.5
1.39
-0.1775
0.358469
1.2
-0.005
0.41
0.7
1
0.075
1.32
0.631506
0.5
0.8875
0.0525
0.343657
0.5
0
-0.005
-0.99
-0.005
0.41
-0.825
-0.12
-0.455
1.18
-0.515
1.58
-0.225
1.23
-0.265
1.68
0.345
1.19
0.275
1.58
0.625
1.23
0.605
1.68
0.9875
-0.0425
1.46
-0.355
2.175
-0.4425
2.46491
-0.480078
-0.505
0.01
-0.705
0.21
-0.505
0.81
-0.305
0.81
0.295
0.81
0.495
0.81
0.695
0.21
0.595
0.11
0.495
0.01
2.365
-0.4825
0.455412
2
1.925
-0.42
0.389487
1.5
1.36
-0.2125
0.358469
1.2
-0.005
0.41
0.7
1
0.075
1.32
0.631506
0.5
0.8525
0.0375
0.343657
0.5
0
-0.005
-0.99
-0.005
0.41
-0.825
-0.12
-0.455
1.18
-0.515
1.58
-0.225
1.23
-0.265
1.68
0.345
1.19
0.275
1.58
0.625
1.23
0.605
1.68
0.965
-0.06
1.405
-0.39
2.165
-0.4
2.465
-0.4
-0.505
0.01
-0.705
0.21
-0.505
0.81
-0.305
0.81
0.295
0.81
0.495
0.81
0.695
0.21
0.595
0.11
0.495
0.01
2.345
-0.41
0.455412
2
1.925
-0.42
0.389487
1.5
1.345
-0.23
0.358469
1.2
-0.005
0.41
0.7
1
0.075
1.32
0.631506
0.5
0.835
0.03
0.343657
0.5
0
-0.005
-0.99
-0.005
0.41
-0.825
-0.12
-0.455
1.18
-0.515
1.58
-0.225
1.23
-0.265
1.68
0.345
1.19
0.275
1.58
0.625
1.23
0.605
1.68
0.965
-0.06
1.44
-0.465
2.06
-0.56
2.36
-0.56
-0.505
0.01
-0.705
0.21
-0.505
0.81
-0.305
0.81
0.295
0.81
0.495
0.81
0.695
0.21
0.595
0.11
0.495
0.01
2.23
-0.565
0.455412
2
1.745
-0.485
0.389487
1.5
1.265
-0.255
0.358469
1.2
-0.005
0.41
0.7
1
0.075
1.32
0.631506
0.5
0.835
0.03
0.343657
0.5
0
-0.005
-0.99
-0.005
0.41
-0.825
-0.12
-0.455
1.18
-0.515
1.58
-0.225
1.23
-0.265
1.68
0.345
1.19
0.275
1.58
0.625
1.23
0.605
1.68
0.975
-0.11
1.365
-0.7
1.845
-0.84
2.145
-0.84
-0.505
0.01
-0.705
0.21
-0.505
0.81
-0.305
0.81
0.295
0.81
0.495
0.81
0.695
0.21
0.595
0.11
0.495
0.01
2.005
-0.84
0.455412
2
1.46
-0.62
0.389487
1.5
1.12
-0.31
0.358469
1.2
-0.005
0.41
0.7
1
0.075
1.32
0.631506
0.5
0.8
0.025
0.343657
0.5
0
-0.005
-0.99
-0.005
0.41
-0.825
-0.12
-0.455
1.18
-0.515
1.58
-0.225
1.23
-0.265
1.68
0.345
1.19
0.275
1.58
0.625
1.23
0.605
1.68
0.985
-0.16
1.255
-0.86
1.735
-0.96
2.035
-0.96
-0.505
0.01
-0.705
0.21
-0.505
0.81
-0.305
0.81
0.295
0.81
0.495
0.81
0.695
0.21
0.595
0.11
0.495
0.01
1.895
-0.96
0.455412
2
1.355
-0.69
0.389487
1.5
1.055
-0.34
0.358469
1.2
-0.005
0.41
0.7
1
0.075
1.32
0.631506
0.5
0.765
0.02
0.343657
0.5
0
-0.005
-0.99
-0.005
0.41
-0.825
-0.12
-0.455
1.18
-0.515
1.58
-0.225
1.23
-0.265
1.68
0.345
1.19
0.275
1.58
0.625
1.23
0.605
1.68
0.925
-0.28
1.195
-1.05
1.585
-1.27
1.885
-1.27
-0.505
0.01
-0.705
0.21
-0.505
0.81
-0.305
0.81
0.295
0.81
0.495
0.81
0.695
0.21
0.595
0.11
0.495
0.01
1.725
-1.28
0.455412
2
1.215
-0.84
0.389487
1.5
0.955
-0.44
0.358469
1.2
-0.005
0.41
0.7
1
0.075
1.32
0.631506
0.5
0.655
0.03
0.343657
0.5
0
-0.005
-0.99
-0.005
0.41
-0.825
-0.12
-0.455
1.18
-0.515
1.58
-0.225
1.23
-0.265
1.68
0.345
1.19
0.275
1.58
0.625
1.23
0.605
1.68
0.8275
-0.27
1.0925
-1.05
1.4125
-1.44
1.71247
-1.43706
-0.505
0.01
-0.705
0.21
-0.505
0.81
-0.305
0.81
0.295
0.81
0.495
0.81
0.695
0.21
0.595
0.11
0.495
0.01
1.54
-1.435
0.455412
2
1.07
-0.86
0.389487
1.5
0.835
-0.32
0.358469
1.2
-0.005
0.41
0.7
1
-0.13
1.35
0.631506
0.5
0.565
0.71
0.343657
0.5
0
-0.005
-0.99
-0.005
0.41
-0.825
-0.12
-0.455
1.18
-0.515
1.58
-0.225
1.23
-0.265
1.68
0.345
1.19
0.275
1.58
0.625
1.23
0.605
1.68
0.77875
-0.265
1.04125
-1.05
1.32625
-1.525
1.62621
-1.52059
-0.505
0.01
-0.705
0.21
-0.505
0.81
-0.305
0.81
0.295
0.81
0.495
0.81
0.695
0.21
0.595
0.11
0.495
0.01
1.4475
-1.5125
0.455412
2
0.9975
-0.87
0.389487
1.5
0.775
-0.26
0.358469
1.2
-0.005
0.41
0.7
1
-0.2325
1.365
0.631506
0.5
0.52
1.05
0.343657
0.5
0
-0.005
-0.99
-0.005
0.41
-0.825
-0.12
-0.455
1.18
-0.515
1.58
-0.225
1.23
-0.265
1.68
0.345
1.19
0.275
1.58
0.625
1.23
0.605
1.68
0.73
-0.26
0.99
-1.05
1.24
-1.61
1.53994
-1.60412
-0.505
0.01
-0.705
0.21
-0.505
0.81
-0.305
0.81
0.295
0.81
0.495
0.81
0.695
0.21
0.595
0.11
0.495
0.01
1.355
-1.59
0.456946
2
0.925
-0.88
0.39
1.5
0.715
-0.2
0.358469
1.2
-0.005
0.41
0.7
1
-0.335
1.38
0.411461
0.5
0.475
1.39
0.404969
0.5
0
