35
10
15
9
6
-0.005
-0.99
-0.005
0.41
-0.825
-0.12
-0.455
1.18
-0.515
1.58
-0.225
1.23
-0.265
1.68
0.345
1.19
0.275
1.58
0.625
1.23
0.605
1.68
0.775
-1.41
2.315
-2.4
3.415
-1.2
3.53393
-0.924581
-0.505
0.01
-0.705
0.21
-0.505
0.81
-0.305
0.81
0.295
0.81
0.495
0.81
0.695
0.21
0.595
0.11
0.495
0.01
3.305
-1.19
0.621289
2
2.005
-1.54
0.723395
1.5
0.975
-0.6
0.703847
1.2
-0.005
0.41
0.7
1
-0.335
1.38
0.436578
0.5
0.505
1.35
0.440114
0.5
0
-0.005
-0.99
-0.005
0.41
-0.825
-0.12
-0.455
1.18
-0.515
1.58
-0.225
1.23
-0.265
1.68
0.345
1.19
0.275
1.58
0.625
1.23
0.605
1.68
0.825
-1.5
3.255
-2.28
3.335
-0.84
3.27617
-0.545826
-0.505
0.01
-0.705
0.21
-0.505
0.81
-0.305
0.81
0.295
0.81
0.495
0.81
0.695
0.21
0.595
0.11
0.495
0.01
3.195
-0.87
0.621289
2
2.105
-1.4
0.723395
1.5
0.945
-0.58
0.703847
1.2
-0.005
0.41
0.7
1
-0.335
1.38
0.436578
0.5
0.505
1.35
0.440114
0.5
0
-0.005
-0.99
-0.005
0.41
-0.825
-0.12
-0.455
1.18
-0.515
1.58
-0.225
1.23
-0.265
1.68
0.345
1.19
0.275
1.58
0.625
1.23
0.605
1.68
0.99
-1.745
3.55
-2.035
3.24
-0.72
3.08086
-0.497593
-0.505
0.01
-0.705
0.21
-0.505
0.81
-0.305
0.81
0.295
0.81
0.495
0.81
0.695
0.21
0.595
0.11
0.495
0.01
3.03
-0.845
0.621289
2
1.985
-1.335
0.723395
1.5
0.925
-0.52
0.703847
1.2
-0.005
0.41
0.7
1
-0.335
1.38
0.436578
0.5
0.505
1.35
0.440114
0.5
0
-0.005
-0.99
-0.005
0.41
-0.825
-0.12
-0.455
1.18
-0.515
1.58
-0.225
1.23
-0.265
1.68
0.345
1.19
0.275
1.58
0.625
1.23
0.605
1.68
1.155
-1.99
3.845
-1.79
3.145
-0.6
2.88556
-0.449359
-0.505
0.01
-0.705
0.21
-0.505
0.81
-0.305
0.81
0.295
0.81
0.495
0.81
0.695
0.21
0.595
0.11
0.495
0.01
2.865
-0.82
0.621289
2
1.865
-1.27
0.686804
1.5
0.905
-0.46
0.703847
1.2
-0.005
0.41
0.7
1
-0.335
1.38
0.436578
0.5
0.505
1.35
0.440114
0.5
0
-0.005
-0.99
-0.005
0.41
-0.825
-0.12
-0.455
1.18
-0.515
1.58
-0.225
1.23
-0.265
1.68
0.345
1.19
0.275
1.58
0.625
1.23
0.605
1.68
1.365
-2.185
3.9
-1.5
3.02
-0.55
2.74034
-0.478845
-0.505
0.01
-0.705
0.21
-0.505
0.81
-0.305
0.81
0.295
0.81
0.495
0.81
0.695
0.21
0.595
0.11
0.495
0.01
2.805
-0.83
0.621289
2
1.82
-1.235
0.686804
1.5
0.905
-0.405
0.703847
1.2
-0.005
0.41
0.7
1
-0.335
1.38
0.436578
0.5
0.505
1.35
0.440114
0.5
0
-0.005
-0.99
-0.005
0.41
-0.825
-0.12
-0.455
1.18
-0.515
1.58
-0.225
1.23
-0.265
1.68
0.345
1.19
0.275
1.58
0.625
1.23
0.605
1.68
1.575
-2.38
3.955
-1.21
2.895
-0.5
2.59512
-0.50833
-0.505
0.01
-0.705
0.21
-0.505
0.81
-0.305
0.81
0.295
0.81
0.495
0.81
0.695
0.21
0.595
0.11
0.495
0.01
2.745
-0.84
0.621289
2
1.775
-1.2
0.669403
1.5
0.905
-0.35
0.65
1.2
-0.005
0.41
0.7
1
-0.335
1.38
0.436578
0.5
0.505
1.35
0.440114
0.5
0
-0.005
-0.99
-0.005
0.41
-0.825
-0.12
-0.455
1.18
-0.515
1.58
-0.225
1.23
-0.265
1.68
0.345
1.19
0.275
1.58
0.625
1.23
0.605
1.68
1.75
-2.645
4.005
-0.73
2.79
-0.43
2.53933
-0.545313
-0.505
0.01
-0.705
0.21
-0.505
0.81
-0.305
0.81
0.295
0.81
0.495
0.81
0.695
0.21
0.595
0.11
0.495
0.01
2.73
-0.79
0.621289
2
1.78
-1.18
0.669403
1.5
0.905
-0.375
0.65
1.2
-0.005
0.41
0.7
1
-0.335
1.38
0.436578
0.5
0.505
1.35
0.440114
0.5
0
-0.005
-0.99
-0.005
0.41
-0.825
-0.12
-0.455
1.18
-0.515
1.58
-0.225
1.23
-0.265
1.68
0.345
1.19
0.275
1.58
0.625
1.23
0.605
1.68
1.925
-2.91
4.055
-0.25
2.685
-0.36
2.48354
-0.582296
-0.505
0.01
-0.705
0.21
-0.505
0.81
-0.305
0.81
0.295
0.81
0.495
0.81
0.695
0.21
0.595
0.11
0.495
0.01
2.715
-0.74
0.591355
2
1.785
-1.16
0.595063
1.5
0.905
-0.4
0.618142
1.2
-0.005
0.41
0.7
1
-0.335
1.38
0.436578
0.5
0.505
1.35
0.440114
0.5
0
-0.005
-0.99
-0.005
0.41
-0.825
-0.12
-0.455
1.18
-0.515
1.58
-0.225
1.23
-0.265
1.68
0.345
1.19
0.275
1.58
0.625
1.23
0.605
1.68
2.255
-3.055
4.145
0.11
2.5
-0.415
2.38747
-0.675683
-0.505
0.01
-0.705
0.21
-0.505
0.81
-0.305
0.81
0.295
0.81
0.495
0.81
0.695
0.21
0.595
0.11
0.495
0.01
2.68
-0.74
0.591355
2
1.715
-1.11
0.595063
1.5
0.9
-0.345
0.618142
1.2
-0.005
0.41
0.7
1
-0.335
1.38
0.436578
0.5
0.505
1.35
0.440114
0.5
0
-0.005
-0.99
-0.005
0.41
-0.825
-0.12
-0.455
1.18
-0.515
1.58
-0.225
1.23
-0.265
1.68
0.345
1.19
0.275
1.58
0.625
1.23
0.605
1.68
2.585
-3.2
4.235
0.47
2.315
-0.47
2.29139
-0.769069
-0.505
0.01
-0.705
0.21
-0.505
0.81
-0.305
0.81
0.295
0.81
0.495
0.81
0.695
0.21
0.595
0.11
0.495
0.01
2.645
-0.74
0.654599
2
1.645
-1.06
0.534509
1.5
0.895
-0.29
0.560089
1.2
-0.005
0.41
0.7
1
-0.335
1.38
0.436578
0.5
0.505
1.35
0.440114
0.5
1
2.585
0.18
1.72166
0
-1
0.7
0.4
1
0
-0.005
-0.99
-0.005
0.41
-0.825
-0.12
-0.455
1.18
-0.515
1.58
-0.225
1.23
-0.265
1.68
0.345
1.19
0.275
1.58
0.625
1.23
0.605
1.68
2.73
-3.195
4.235
0.83
2.29
-0.73
2.26639
-1.02907
-0.505
0.01
-0.705
0.21
-0.505
0.81
-0.305
0.81
0.295
0.81
0.495
0.81
0.695
0.21
0.595
0.11
0.495
0.01
2.65
-0.815
0.654599
2
1.61
-0.98
0.534509
1.5
0.895
-0.29
0.560089
1.2
-0.005
0.41
0.7
1
-0.335
1.38
0.436578
0.5
0.505
1.35
0.440114
0.5
0
-0.005
-0.99
-0.005
0.41
-0.825
-0.12
-0.455
1.18
-0.515
1.58
-0.225
1.23
-0.265
1.68
0.345
1.19
0.275
1.58
0.625
1.23
0.605
1.68
2.8025
-3.1925
4.235
1.01
2.2775
-0.86
2.25389
-1.15907
-0.505
0.01
-0.705
0.21
-0.505
0.81
-0.305
0.81
0.295
0.81
0.495
0.81
0.695
0.21
0.595
0.11
0.495
0.01
2.6525
-0.8525
0.654599
2
1.5925
-0.94
0.534509
1.5
0.895
-0.29
0.560089
1.2
-0.005
0.41
0.7
1
-0.335
1.38
0.436578
0.5
0.505
1.35
0.440114
0.5
0
-0.005
-0.99
-0.005
0.41
-0.825
-0.12
-0.455
1.18
-0.515
1.58
-0.225
1.23
-0.265
1.68
0.345
1.19
0.275
1.58
0.625
1.23
0.605
1.68
2.875
-3.19
4.235
1.19
2.265
-0.99
2.24139
-1.28907
-0.505
0.01
-0.705
0.21
-0.505
0.81
-0.305
0.81
0.295
0.81
0.495
0.81
0.695
0.21
0.595
0.11
0.495
0.01
2.655
-0.89
0.725603
2
1.575
-0.9
0.534509
1.5
0.895
-0.29
0.560089
1.2
-0.005
0.41
0.7
1
-0.335
1.38
0.436578
0.5
0.505
1.35
0.440114
0.5
0
-0.005
-0.99
-0.005
0.41
-0.825
-0.12
-0.455
1.18
-0.515
1.58
-0.225
1.23
-0.265
1.68
0.345
1.19
0.275
1.58
0.625
1.23
0.605
1.68
3.27
-3.175
4.085
1.38
2.235
-1.2
2.21139
-1.49907
-0.505
0.01
-0.705
0.21
-0.505
0.81
-0.305
0.81
0.295
0.81
0.495
0.81
0.695
0.21
0.595
0.11
0.495
0.01
2.67
-0.985
0.725603
2
1.555
-0.785
0.534509
1.5
0.87
-0.22
0.560089
1.2
-0.005
0.41
0.7
1
-0.335
1.38
0.436578
0.5
0.505
1.35
0.440114
0.5
0
-0.005
-0.99
-0.005
0.41
-0.825
-0.12
-0.455
1.18
-0.515
1.58
-0.225
1.23
-0.265
1.68
0.345
1.19
0.275
1.58
0.625
1.23
0.605
1.68
3.665
-3.16
3.935
1.57
2.205
-1.41
2.18139
-1.70907
-0.505
0.01
-0.705
0.21
-0.505
0.81
-0.305
0.81
0.295
0.81
0.495
0.81
0.695
0.21
0.595
0.11
0.495
0.01
2.685
-1.08
0.850941
2
1.535
-0.67
0.488365
1.5
0.845
-0.15
0.470106
1.2
-0.005
0.41
0.7
1
-0.335
1.38
0.436578
0.5
0.505
1.35
0.440114
0.5
0
-0.005
-0.99
-0.005
0.41
-0.825
-0.12
-0.455
1.18
-0.515
1.58
-0.225
1.23
-0.265
1.68
0.345
1.19
0.275
1.58
0.625
1.23
0.605
1.68
3.81
-3.18
3.68
1.735
2.22
-1.54
2.21145
-1.8395
-0.505
0.01
-0.705
0.21
-0.505
0.81
-0.305
0.81
0.295
0.81
0.495
0.81
0.695
0.21
0.595
0.11
0.495
0.01
2.485
-1.335
0.850941
2
2.145
-0.695
0.488365
1.5
1.18
-0.415
0.470106
1.2
0.015
0.55
0.7
1
-0.125
1.21
0.436578
0.5
0.63
0.64
0.440114
0.5
0
-0.005
-0.99
-0.005
0.41
-0.825
-0.12
-0.455
1.18
-0.515
1.58
-0.225
1.23
-0.265
1.68
0.345
1.19
0.275
1.58
0.625
1.23
0.605
1.68
3.955
-3.2
3.425
1.9
2.235
-1.67
2.24152
-1.96993
-0.505
0.01
-0.705
0.21
-0.505
0.81
-0.305
0.81
0.295
0.81
0.495
0.81
0.695
0.21
0.595
0.11
0.495
0.01
2.285
-1.59
0.71847
2
2.755
-0.72
0.488365
1.5
1.515
-0.68
0.586686
1.2
0.035
0.69
0.86977
1
0.085
1.04
0.910494
0.5
0.755
-0.07
0.442945
0.5
0
-0.005
-0.99
-0.005
0.41
-0.825
-0.12
-0.455
1.18
-0.515
1.58
-0.225
1.23
-0.265
1.68
0.345
1.19
0.275
1.58
0.625
1.23
0.605
1.68
4.115
-3.135
3.41
1.96
2.2
-1.89
2.20652
-2.18993
-0.505
0.01
-0.705
0.21
-0.505
0.81
-0.305
0.81
0.295
0.81
0.495
0.81
0.695
0.21
0.595
0.11
0.495
0.01
2.215
-1.97
0.71847
2
2.755
-0.72
0.639531
1.5
1.515
-0.68
0.586686
1.2
0.035
0.69
0.86977
1
0.085
1.04
0.910494
0.5
0.755
-0.07
0.442945
0.5
0
-0.005
-0.99
-0.005
0.41
-0.825
-0.12
-0.455
1.18
-0.515
1.58
-0.225
1.23
-0.265
1.68
0.345
1.19
0.275
1.58
0.625
1.23
0.605
1.68
4.275
-3.07
3.395
2.02
2.165
-2.11
2.17152
-2.40993
-0.505
0.01
-0.705
0.21
-0.505
0.81
-0.305
0.81
0.295
0.81
0.495
0.81
0.695
0.21
0.595
0.11
0.495
0.01
2.155
-2.12
0.71847
2
2.625
-0.87
0.688767
1.5
1.515
-0.68
0.586686
1.2
0.035
0.69
0.86977
1
0.085
1.04
0.910494
0.5
0.755
-0.07
0.442945
0.5
0
-0.005
-0.99
-0.005
0.41
-0.825
-0.12
-0.455
1.18
-0.515
1.58
-0.225
1.23
-0.265
1.68
0.345
1.19
0.275
1.58
0.625
1.23
0.605
1.68
4.275
-3.07
3.395
2.16
2.145
-2.25
2.15152
-2.54993
-0.505
0.01
-0.705
0.21
-0.505
0.81
-0.305
0.81
0.295
0.81
0.495
0.81
0.695
0.21
0.595
0.11
0.495
0.01
2.155
-2.12
0.71847
2
2.735
-0.89
0.688767
1.5
1.515
-0.68
0.586686
1.2
0.035
0.69
0.86977
1
0.085
1.04
0.910494
0.5
0.755
-0.07
0.442945
0.5
0
-0.005
-0.99
-0.005
0.41
-0.825
-0.12
-0.455
1.18
-0.515
1.58
-0.225
1.23
-0.265
1.68
0.345
1.19
0.275
1.58
0.625
1.23
0.605
1.68
4.19
-3.095
3.465
2.06
2.155
-2.15
2.12522
-2.44628
-0.505
0.01
-0.705
0.21
-0.505
0.81
-0.305
0.81
0.295
0.81
0.495
0.81
0.695
0.21
0.595
0.11
0.495
0.01
2.17
-2.07
0.71847
2
2.735
-0.89
0.688767
1.5
1.515
-0.68
0.586686
1.2
0.035
0.69
0.86977
1
0.085
1.04
0.910494
0.5
0.755
-0.07
0.442945
0.5
0
-0.005
-0.99
-0.005
0.41
-0.825
-0.12
-0.455
1.18
-0.515
1.58
-0.225
1.23
-0.265
1.68
0.345
1.19
0.275
1.58
0.625
1.23
0.605
1.68
4.105
-3.12
3.535
1.96
2.165
-2.05
2.09892
-2.34263
-0.505
0.01
-0.705
0.21
-0.505
0.81
-0.305
0.81
0.295
0.81
0.495
0.81
0.695
0.21
0.595
0.11
0.495
0.01
2.185
-2.02
0.71847
2
2.735
-0.89
0.688767
1.5
1.515
-0.68
0.586686
1.2
0.035
0.69
0.86977
1
0.085
1.04
0.910494
0.5
0.755
-0.07
0.442945
0.5
0
-0.005
-0.99
-0.005
0.41
-0.825
-0.12
-0.455
1.18
-0.515
1.58
-0.225
1.23
-0.265
1.68
0.345
1.19
0.275
1.58
0.625
1.23
0.605
1.68
3.96
-3.16
3.715
1.635
2.19
-1.8
2.09522
-2.08302
-0.505
0.01
-0.705
0.21
-0.505
0.81
-0.305
0.81
0.295
0.81
0.495
0.81
0.695
0.21
0.595
0.11
0.495
0.01
2.16
-1.76
0.71847
2
2.805
-0.935
0.688767
1.5
1.515
-0.68
0.586686
1.2
0.035
0.69
0.86977
1
0.085
1.04
0.910494
0.5
0.755
-0.07
0.442945
0.5
0
-0.005
-0.99
-0.005
0.41
-0.825
-0.12
-0.455
1.18
-0.515
1.58
-0.225
1.23
-0.265
1.68
0.345
1.19
0.275
1.58
0.625
1.23
0.605
1.68
3.815
-3.2
3.895
1.31
2.215
-1.55
2.09152
-1.82341
-0.505
0.01
-0.705
0.21
-0.505
0.81
-0.305
0.81
0.295
0.81
0.495
0.81
0.695
0.21
0.595
0.11
0.495
0.01
2.135
-1.5
0.664831
2
2.875
-0.98
0.592115
1.5
1.515
-0.68
0.586686
1.2
0.035
0.69
0.86977
1
0.085
1.04
0.910494
0.5
0.755
-0.07
0.442945
0.5
0
-0.005
-0.99
-0.005
0.41
-0.825
-0.12
-0.455
1.18
-0.515
1.58
-0.225
1.23
-0.265
1.68
0.345
1.19
0.275
1.58
0.625
1.23
0.605
1.68
3.575
-3.41
4.085
0.47
2.315
-1.15
2.145
-1.38
-0.505
0.01
-0.705
0.21
-0.505
0.81
-0.305
0.81
0.295
0.81
0.495
0.81
0.695
0.21
0.595
0.11
0.495
0.01
2.245
-1.21
0.504876
2
2.885
-1.08
0.592115
1.5
1.515
-0.68
0.586686
1.2
0.035
0.69
0.86977
1
0.085
1.04
0.910494
0.5
0.755
-0.07
0.442945
0.5
0
-0.005
-0.99
-0.005
0.41
-0.825
-0.12
-0.455
1.18
-0.515
1.58
-0.225
1.23
-0.265
1.68
0.345
1.19
0.275
1.58
0.625
1.23
0.605
1.68
3.065
-3.135
4.015
-0.165
2.525
-1.035
2.29204
-1.17466
-0.505
0.01
-0.705
0.21
-0.505
0.81
-0.305
0.81
0.295
0.81
0.495
0.81
0.695
0.21
0.595
0.11
0.495
0.01
2.14
-1.195
0.504876
2
2.835
-1.11
0.592115
1.5
1.395
-0.73
0.586686
1.2
0.035
0.69
0.86977
1
0.085
1.04
0.910494
0.5
0.755
-0.07
0.442945
0.5
0
-0.005
-0.99
-0.005
0.41
-0.825
-0.12
-0.455
1.18
-0.515
1.58
-0.225
1.23
-0.265
1.68
0.345
1.19
0.275
1.58
0.625
1.23
0.605
1.68
2.555
-2.86
3.945
-0.8
2.735
-0.92
2.43908
-0.96932
-0.505
0.01
-0.705
0.21
-0.505
0.81
-0.305
0.81
0.295
0.81
0.495
0.81
0.695
0.21
0.595
0.11
0.495
0.01
2.035
-1.18
0.504876
2
2.785
-1.14
0.592115
1.5
1.275
-0.78
0.5
1.2
0.035
0.69
0.86977
1
0.085
1.04
0.910494
0.5
0.755
-0.07
0.441475
0.5
0
-0.005
-0.99
-0.005
0.41
-0.825
-0.12
-0.455
1.18
-0.515
1.58
-0.225
1.23
-0.265
1.68
0.345
1.19
0.275
1.58
0.625
1.23
0.605
1.68
2.305
-2.41
3.635
-1.35
2.885
-0.99
2.61667
-0.855836
-0.505
0.01
-0.705
0.21
-0.505
0.81
-0.305
0.81
0.295
0.81
0.495
0.81
0.695
0.21
0.595
0.11
0.495
0.01
1.865
-1.17
0.504876
2
2.685
-1.16
0.592115
1.5
1.135
-0.62
0.5
1.2
0.035
0.69
0.86977
1
0.085
1.04
0.910494
0.5
0.755
-0.07
0.441475
0.5
0
-0.005
-0.99
-0.005
0.41
-0.825
-0.12
-0.455
1.18
-0.515
1.58
-0.225
1.23
-0.265
1.68
0.345
1.19
0.275
1.58
0.625
1.23
0.605
1.68
1.865
-1.92
3.035
-1.59
3.055
-1.22
2.97726
-0.930247
-0.505
0.01
-0.705
0.21
-0.505
0.81
-0.305
0.81
0.295
0.81
0.495
0.81
0.695
0.21
0.595
0.11
0.495
0.01
1.865
-1.17
0.504876
2
2.745
-1.15
0.592115
1.5
1.135
-0.62
0.5
1.2
0.035
0.69
0.86977
1
0.085
1.04
0.910494
0.5
0.755
-0.07
0.441475
0.5
0
-0.005
-0.99
-0.005
0.41
-0.825
-0.12
-0.455
1.18
-0.515
1.58
-0.225
1.23
-0.265
1.68
0.345
1.19
0.275
1.58
0.625
1.23
0.605
1.68
1.43
-1.4
2.6
-1.655
2.87
-1.315
2.94764
-1.07565
-0.505
0.01
-0.705
0.21
-0.505
0.81
-0.305
0.81
0.295
0.81
0.495
0.81
0.695
0.21
0.595
0.11
0.495
0.01
1.825
-1.22
0.504876
2
2.74
-1.235
0.592115
1.5
1.135
-0.62
0.5
1.2
0.035
0.69
0.86977
1
0.085
1.04
0.910494
0.5
0.755
-0.07
0.441475
0.5
0
-0.005
-0.99
-0.005
0.41
-0.825
-0.12
-0.455
1.18
-0.515
1.58
-0.225
1.23
-0.265
1.68
0.345
1.19
0.275
1.58
0.625
1.23
0.605
1.68
0.995
-0.88
2.165
-1.72
2.685
-1.41
2.91803
-1.22106
-0.505
0.01
-0.705
0.21
-0.505
0.81
-0.305
0.81
0.295
0.81
0.495
0.81
0.695
0.21
0.595
0.11
0.495
0.01
1.785
-1.27
0.504876
2
2.735
-1.32
0.550363
1.5
1.135
-0.62
0.5
1.2
0.035
0.69
0.86977
1
0.085
1.04
0.910494
0.5
0.755
-0.07
0.441475
0.5
0
-0.005
-0.99
-0.005
0.41
-0.825
-0.12
-0.455
1.18
-0.515
1.58
-0.225
1.23
-0.265
1.68
0.345
1.19
0.275
1.58
0.625
1.23
0.6
1.675
0.92875
-0.725
1.87125
-1.5525
2.32375
-1.46
2.59026
-1.36553
-0.505
0.01
-0.705
0.21
-0.505
0.81
-0.305
0.81
0.295
0.81
0.495
0.81
0.695
0.21
0.595
0.11
0.495
0.01
1.6775
-1.35
0.504876
2
2.2825
-1.21
0.550363
1.5
1.03
-0.515
0.5
1.2
0.025
0.62
0.86977
1
-0.02
1.125
0.910494
0.5
0.685
0.295
0.441475
0.5
0
-0.005
-0.99
-0.005
0.41
-0.825
-0.12
-0.455
1.18
-0.515
1.58
-0.225
1.23
-0.265
1.68
0.345
1.19
0.275
1.58
0.625
1.23
0.595
1.67
0.8625
-0.57
1.5775
-1.385
1.9625
-1.51
2.2625
-1.51
-0.505
0.01
-0.705
0.21
-0.505
0.81
-0.305
0.81
0.295
0.81
0.495
0.81
0.695
0.21
0.595
0.11
0.495
0.01
1.57
-1.43
0.504876
2
1.83
-1.1
0.550363
1.5
0.925
-0.41
0.5
1.2
0.015
0.55
0.86977
1
-0.125
1.21
0.910494
0.5
0.615
0.66
0.441475
0.5
0
-0.005
-0.99
-0.005
0.41
-0.825
-0.12
-0.455
1.18
-0.515
1.58
-0.225
1.23
-0.265
1.68
0.345
1.19
0.275
1.58
0.625
1.23
0.59
1.665
0.79625
-0.415
1.28375
-1.2175
1.60125
-1.56
1.89249
-1.63197
-0.505
0.01
-0.705
0.21
-0.505
0.81
-0.305
0.81
0.295
0.81
0.495
0.81
0.695
0.21
0.595
0.11
0.495
0.01
1.4625
-1.51
0.504876
2
1.3775
-0.99
0.550363
1.5
0.82
-0.305
0.5
1.2
0.005
0.48
0.86977
1
-0.23
1.295
0.910494
0.5
0.545
1.025
0.441475
0.5
0
-0.005
-0.99
-0.005
0.41
-0.825
-0.12
-0.455
1.18
-0.515
1.58
-0.225
1.23
-0.265
1.68
0.345
1.19
0.275
1.58
0.625
1.23
0.585
1.66
0.73
-0.26
0.99
-1.05
1.24
-1.61
1.53994
-1.60412
-0.505
0.01
-0.705
0.21
-0.505
0.81
-0.305
0.81
0.295
0.81
0.495
0.81
0.695
0.21
0.595
0.11
0.495
0.01
1.355
-1.59
0.456946
2
0.925
-0.88
0.39
1.5
0.715
-0.2
0.358469
1.2
-0.005
0.41
0.7
1
-0.335
1.38
0.411461
0.5
0.475
1.39
0.404969
0.5
0
