32
10
15
9
6
-0.005
-0.99
-0.005
0.41
-0.825
-0.12
-0.455
1.18
-0.515
1.58
-0.225
1.23
-0.265
1.68
0.345
1.19
0.275
1.58
0.625
1.23
0.615
1.68
0.73
-0.26
0.99
-1.05
1.24
-1.61
1.53994
-1.60412
-0.505
0.01
-0.705
0.21
-0.505
0.81
-0.305
0.81
0.295
0.81
0.495
0.81
0.695
0.21
0.595
0.11
0.495
0.01
1.355
-1.59
0.456946
2
0.925
-0.88
0.39
1.5
0.715
-0.2
0.358469
1.2
-0.005
0.41
0.7
1
-0.335
1.38
0.411461
0.5
0.475
1.39
0.404969
0.5
0
0.049618
-0.759394
0.025
0.44
-0.77823
-0.114409
-0.49
1.17
-0.64
1.575
-0.22
1.235
-0.265
1.68
0.34
1.19
0.275
1.585
0.625
1.225
0.61
1.68
0.779685
-0.207143
1.0425
-1.025
1.3475
-1.5
1.64701
-1.48503
-0.462445
0.0251824
-0.668338
0.218948
-0.4867
0.824498
-0.286871
0.830562
0.312616
0.848754
0.512445
0.854818
0.730465
0.261394
0.633583
0.158448
0.5367
0.0555016
1.44448
-1.51706
0.456946
2
0.993317
-0.8207
0.39
1.5
0.762879
-0.147649
0.358469
1.2
0.025
0.44
0.7
1
-0.334128
1.39917
0.411461
0.5
0.474877
1.43372
0.404969
0.5
0
0.104236
-0.528787
0.055
0.47
-0.73146
-0.108817
-0.525
1.16
-0.765
1.57
-0.215
1.24
-0.265
1.68
0.335
1.19
0.275
1.59
0.625
1.22
0.605
1.68
0.829371
-0.154285
1.095
-1
1.455
-1.39
1.75407
-1.36594
-0.41989
0.0403647
-0.631676
0.227895
-0.468401
0.838997
-0.268743
0.851125
0.330232
0.887507
0.52989
0.899635
0.765931
0.312789
0.672166
0.206896
0.578401
0.101003
1.565
-1.34
0.456946
2
1.06163
-0.761401
0.39
1.5
0.810758
-0.0952973
0.358469
1.2
0.055
0.47
0.7
1
-0.415
1.42
0.411461
0.5
0.485
1.41
0.404969
0.5
0
0.189618
-0.469394
0.095
0.495
-0.654822
-0.128005
-0.6
1.15
-0.94
1.46
-0.185
1.25
-0.265
1.685
0.365
1.185
0.275
1.585
0.635
1.24
0.605
1.68
0.902185
-0.0821426
1.16
-0.865
1.62
-1.195
1.91947
-1.17856
-0.353064
0.0389548
-0.575136
0.21342
-0.448278
0.832028
-0.250009
0.855832
0.344796
0.927241
0.543064
0.951045
0.812743
0.380043
0.72551
0.269007
0.638278
0.157971
1.755
-1.15
0.456946
2
1.17048
-0.673146
0.39
1.5
0.881367
-0.0240266
0.358469
1.2
0.095
0.495
0.7
1
-0.475
1.4
0.463249
0.5
0.485
1.43
0.404969
0.5
0
0.275
-0.41
0.135
0.52
-0.578184
-0.147193
-0.675
1.14
-1.115
1.35
-0.155
1.26
-0.265
1.69
0.395
1.18
0.275
1.58
0.645
1.26
0.605
1.68
0.975
-0.01
1.225
-0.73
1.785
-1
2.08487
-0.99118
-0.286239
0.0375448
-0.518597
0.198945
-0.428155
0.82506
-0.231276
0.860539
0.35936
0.966976
0.556239
1.00246
0.859555
0.447298
0.778855
0.331119
0.698155
0.21494
1.895
-0.96
0.456946
2
1.27933
-0.584892
0.39
1.5
0.951975
0.047244
0.358469
1.2
0.135
0.52
0.7
1
-0.525
1.34
0.515461
0.5
0.485
1.41
0.404969
0.5
0
0.475
-0.405
0.21
0.52
-0.393736
-0.234924
-0.671561
1.01216
-1.13241
1.15531
-0.155
1.235
-0.265
1.685
0.375
1.23
0.28
1.58
0.66
1.295
0.61
1.68
1.10815
0.120265
1.45539
-0.549456
2.04231
-0.734319
2.33479
-0.683049
-0.13403
-0.0124642
-0.384577
0.112599
-0.384997
0.738756
-0.197191
0.801498
0.366225
0.989722
0.55403
1.05246
0.93006
0.55179
0.867528
0.426517
0.804996
0.301244
2.16
-0.7
0.456946
2
1.48798
-0.399595
0.39
1.5
1.07746
0.173064
0.358469
1.2
0.21
0.52
0.7
1
-0.66
1.115
0.515461
0.5
0.365
1.4
0.404969
0.5
0
0.675
-0.4
0.285
0.52
-0.209288
-0.322656
-0.668122
0.884315
-1.14982
0.960614
-0.155
1.21
-0.265
1.68
0.355
1.28
0.285
1.58
0.675
1.33
0.615
1.69
1.24131
0.250531
1.68578
-0.368912
2.29963
-0.468637
2.58471
-0.374918
0.0181798
-0.0624733
-0.250556
0.0262536
-0.341838
0.652452
-0.163105
0.742457
0.373089
1.01247
0.55182
1.10247
1.00056
0.656283
0.956201
0.521915
0.911838
0.387548
2.425
-0.44
0.456946
2
1.69663
-0.214298
0.39
1.5
1.20295
0.298884
0.358469
1.2
0.285
0.52
0.7
1
-0.795
0.89
0.411461
0.5
0.245
1.39
0.592368
0.5
0
0.675
-0.4
0.285
0.52
-0.209288
-0.322656
-0.735
0.8
-1.465
0.82
-0.155
1.21
-0.265
1.68
0.355
1.28
0.285
1.58
0.675
1.33
0.615
1.68
1.24131
0.250531
1.785
-0.4
2.355
-0.26
2.60887
-0.100156
0.0181798
-0.0624733
-0.250556
0.0262536
-0.341838
0.652452
-0.163105
0.742457
0.373089
1.01247
0.55182
1.10247
1.00056
0.656283
0.956201
0.521915
0.911838
0.387548
2.495
-0.16
0.456946
2
1.69663
-0.214298
0.39
1.5
1.20295
0.298884
0.358469
1.2
0.285
0.52
0.7
1
-0.875
0.79
0.461736
0.5
0.245
1.39
0.592368
0.5
2
-1.675
0.68
0.739797
-0.196116
-0.980581
0.9
0.4
1.2
0
-0.015
1.32
0.790569
-0.287348
-0.957826
0.9
0.4
1.2
0
0.825
-0.35
0.345
0.52
-0.0540832
-0.371771
-0.795
0.66
-1.635
0.53
-0.155
1.21
-0.265
1.67
0.365
1.28
0.294598
1.58742
0.675
1.33
0.615
1.68
1.32513
0.356843
1.93682
-0.230289
2.48811
-0.0287085
2.72297
0.157983
0.143544
-0.0882279
-0.13331
-0.0294537
-0.292616
0.583029
-0.124801
0.692069
0.378642
1.01919
0.546456
1.12823
1.04139
0.733825
1.012
0.595398
0.982616
0.456971
2.61632
0.0860266
0.456946
2
1.82864
-0.0553674
0.39
1.5
1.2817
0.40071
0.358469
1.2
0.345
0.52
0.7
1
-0.865
0.6
0.534603
0.5
0.209976
1.38045
0.592368
0.5
1
-1.645
0.43
0.739797
-0.196116
-0.980581
0.9
0.4
1.2
0
0.825
-0.35
0.345
0.52
-0.0540832
-0.371771
-0.841174
0.581845
-1.665
0.255
-0.155
1.21
-0.265
1.67
0.365
1.28
0.294598
1.58742
0.675
1.33
0.615
1.68
1.33506
0.378422
1.99091
-0.165145
2.47655
0.115646
2.65785
0.344714
0.143544
-0.0882279
-0.13331
-0.0294537
-0.292616
0.583029
-0.124801
0.692069
0.378642
1.01919
0.546456
1.12823
1.04139
0.733825
1.012
0.595398
0.982616
0.456971
2.57566
0.248013
0.456946
2
1.85682
0.0673163
0.39
1.5
1.2817
0.40071
0.358469
1.2
0.345
0.52
0.7
1
-0.915
0.505
0.534603
0.5
0.209976
1.38045
0.592368
0.5
1
-1.645
0.43
0.739797
-0.196116
-0.980581
0.9
0.4
1.2
0
0.825
-0.35
0.345
0.52
-0.0540832
-0.371771
-0.887347
0.503689
-1.695
-0.02
-0.155
1.21
-0.265
1.67
0.365
1.28
0.294598
1.58742
0.675
1.33
0.615
1.68
1.345
0.4
2.045
-0.1
2.465
0.26
2.59274
0.531446
0.143544
-0.0882279
-0.13331
-0.0294537
-0.292616
0.583029
-0.124801
0.692069
0.378642
1.01919
0.546456
1.12823
1.04139
0.733825
1.012
0.595398
0.982616
0.456971
2.535
0.41
0.456946
2
1.885
0.19
0.39
1.5
1.2817
0.40071
0.358469
1.2
0.345
0.52
0.7
1
-0.965
0.41
0.600833
0.5
0.209976
1.38045
0.592368
0.5
1
-1.785
-0.09
0.739797
-0.196116
-0.980581
0.9
0.4
1.2
0
0.825
-0.35
0.345
0.52
-0.0540832
-0.371771
-0.838231
0.33342
-1.49472
-0.420919
-0.155
1.21
-0.265
1.67
0.365
1.28
0.294598
1.58742
0.675
1.33
0.615
1.68
1.295
0.34
2.235
0.04
2.455
0.58
2.50935
0.875036
0.143544
-0.0882279
-0.13331
-0.0294537
-0.292616
0.583029
-0.124801
0.692069
0.378642
1.01919
0.546456
1.12823
1.04139
0.733825
1.012
0.595398
0.982616
0.456971
2.465
0.78
0.456946
2
1.875
0.25
0.39
1.5
1.2817
0.40071
0.358469
1.2
0.345
0.52
0.7
1
-0.905
0.14
0.600833
0.5
0.209976
1.38045
0.592368
0.5
1
-1.585
-0.48
0.739797
-0.196116
-0.980581
0.9
0.4
1.2
0
0.825
-0.35
0.345
0.52
-0.0540832
-0.371771
-0.763087
0.210662
-1.18838
-0.694393
-0.155
1.21
-0.265
1.67
0.365
1.28
0.294598
1.58742
0.675
1.33
0.615
1.68
1.275
0.44
2.435
0.25
2.525
0.87
2.58029
1.16486
0.143544
-0.0882279
-0.13331
-0.0294537
-0.292616
0.583029
-0.124801
0.692069
0.378642
1.01919
0.546456
1.12823
1.04139
0.733825
1.012
0.595398
0.982616
0.456971
2.565
1.04
0.456946
2
2.075
0.49
0.39
1.5
1.295
0.5
0.358469
1.2
0.345
0.52
0.7
1
-0.815
-0.01
0.600833
0.5
0.209976
1.38045
0.592368
0.5
1
-1.215
-0.78
0.739797
-0.196116
-0.980581
0.9
0.4
1.2
0
0.825
-0.35
0.345
0.52
-0.0540832
-0.371771
-0.765
0.3
-1.185
-0.48
-0.155
1.21
-0.265
1.67
0.365
1.28
0.294598
1.58742
0.675
1.33
0.615
1.68
1.245
0.48
2.325
0.18
2.535
0.65
2.6328
0.933612
0.143544
-0.0882279
-0.13331
-0.0294537
-0.292616
0.583029
-0.124801
0.692069
0.378642
1.01919
0.546456
1.12823
1.04139
0.733825
1.012
0.595398
0.982616
0.456971
2.585
0.81
0.456946
2
1.985
0.42
0.39
1.5
1.295
0.5
0.358469
1.2
0.345
0.52
0.7
1
-0.815
-0.01
0.600833
0.5
0.209976
1.38045
0.592368
0.5
0
0.765
-0.345
0.32
0.53
-0.115433
-0.343727
-0.79
0.395
-1.23
-0.365
-0.155
1.21
-0.265
1.67
0.37151
1.28791
0.294799
1.58371
0.675
1.325
0.615
1.68
1.21
0.42
2.25
0.055
2.535
0.47
2.64441
0.749082
0.0936342
-0.0688567
-0.180321
0.00131035
-0.313941
0.619388
-0.141879
0.721282
0.374305
1.02696
0.546366
1.12886
1.02411
0.714567
0.989024
0.577589
0.953941
0.440612
2.57
0.62
0.456946
2
1.95313
0.362099
0.39
1.5
1.26759
0.470604
0.358469
1.2
0.32
0.53
0.7
1
-0.89
0.115
0.600833
0.5
0.220913
1.39463
0.592368
0.5
0
0.705
-0.34
0.295
0.54
-0.176782
-0.315683
-0.815
0.49
-1.275
-0.25
-0.155
1.21
-0.265
1.67
0.37802
1.29582
0.295
1.58
0.675
1.32
0.615
1.68
1.175
0.36
2.175
-0.07
2.535
0.29
2.65601
0.564552
0.0437247
-0.0494856
-0.227331
0.0320744
-0.335267
0.655747
-0.158958
0.750495
0.369967
1.03474
0.546275
1.12949
1.00683
0.695309
0.966046
0.559781
0.925266
0.424253
2.555
0.43
0.456946
2
1.92125
0.304198
0.39
1.5
1.24019
0.441209
0.358469
1.2
0.295
0.54
0.7
1
-0.965
0.24
0.600833
0.5
0.231849
1.4088
0.592368
0.5
0
0.635
-0.345
0.255
0.55
-0.249656
-0.285881
-0.87
0.56
-1.375
-0.075
-0.155
1.21
-0.27
1.67
0.367558
1.30142
0.295816
1.58844
0.67
1.32
0.618833
1.67584
1.12661
0.335734
2.075
-0.165
2.485
0.135
2.63421
0.393237
-0.019033
-0.0287383
-0.286481
0.0633371
-0.369777
0.690308
-0.190015
0.777995
0.349271
1.04105
0.529033
1.12874
0.971853
0.677139
0.925814
0.543415
0.879777
0.409691
2.515
0.265
0.456946
2
1.82813
0.147099
0.39
1.5
1.18259
0.400604
0.358469
1.2
0.255
0.55
0.7
1
-1.005
0.325
0.600833
0.5
0.226041
1.41997
0.592368
0.5
0
0.565
-0.35
0.215
0.56
-0.32253
-0.25608
-0.925
0.63
-1.475
0.1
-0.155
1.21
-0.275
1.67
0.357096
1.30703
0.296632
1.59688
0.665
1.32
0.622667
1.67168
1.07823
0.311467
1.975
-0.26
2.435
-0.02
2.61241
0.221922
-0.0817906
-0.0079909
-0.34563
0.0945998
-0.404288
0.72487
-0.221071
0.805495
0.328575
1.04737
0.511791
1.12799
0.936879
0.658969
0.885583
0.527049
0.834288
0.39513
2.475
0.1
0.456946
2
1.735
-0.01
0.39
1.5
1.125
0.36
0.358469
1.2
0.215
0.56
0.7
1
-1.045
0.41
0.600833
0.5
0.220233
1.43115
0.592368
0.5
0
0.51
-0.335
0.19
0.57
-0.372449
-0.228613
-0.95
0.7
-1.55
0.25
-0.155
1.215
-0.275
1.67
0.355222
1.31193
0.303835
1.6034
0.663253
1.31531
0.618833
1.67584
1.03161
0.275734
1.915
-0.37
2.365
-0.15
2.55789
0.078871
-0.124204
0.0117587
-0.384613
0.12247
-0.423598
0.753999
-0.238037
0.828848
0.318644
1.05339
0.504204
1.12824
0.91431
0.646409
0.858954
0.516205
0.803598
0.386001
2.44
-0.035
0.456946
2
1.69089
-0.046802
0.39
1.5
1.09296
0.341853
0.358469
1.2
0.19
0.57
0.7
1
-1.08
0.53
0.600833
0.5
0.222346
1.4402
0.592368
0.5
0
0.455
-0.32
0.165
0.58
-0.422369
-0.201147
-0.975
0.77
-1.625
0.4
-0.155
1.22
-0.275
1.67
0.353348
1.31684
0.311038
1.60993
0.661505
1.31062
0.615
1.68
0.985
0.24
1.855
-0.48
2.295
-0.28
2.50338
-0.0641796
-0.166618
0.0315082
-0.423596
0.15034
-0.442909
0.783128
-0.255003
0.852201
0.308713
1.05942
0.496618
1.12849
0.891741
0.633849
0.832324
0.50536
0.772909
0.376872
2.405
-0.17
0.456946
2
1.64678
-0.0836039
0.39
1.5
1.06091
0.323707
0.358469
1.2
0.165
0.58
0.7
1
-1.115
0.65
0.600833
0.5
0.224458
1.44925
0.592368
0.5
0
0.37
-0.29
0.125
0.59
-0.495204
-0.164176
-0.96
0.85
-1.63
0.59
-0.166603
1.24271
-0.275
1.675
0.345003
1.31728
0.308019
1.60496
0.658253
1.31031
0.612039
1.67127
0.94
0.155
1.735
-0.53
2.22
-0.445
2.44686
-0.250766
-0.229824
0.0569362
-0.481161
0.186709
-0.472952
0.819156
-0.282396
0.879938
0.28927
1.06228
0.479825
1.12306
0.852724
0.612181
0.787837
0.486512
0.722951
0.360844
2.31
-0.335
0.456946
2
1.53589
-0.166802
0.39
1.5
1.00811
0.295268
0.358469
1.2
0.125
0.59
0.7
1
-1.145
0.75
0.600833
0.5
0.222106
1.45505
0.592368
0.5
0
0.285
-0.26
0.085
0.6
-0.56804
-0.127204
-0.945
0.93
-1.635
0.78
-0.178205
1.26541
-0.275
1.68
0.336659
1.31773
0.305
1.6
0.655
1.31
0.609079
1.66254
0.895
0.07
1.615
-0.58
2.145
-0.61
2.39034
-0.437352
-0.293031
0.0823642
-0.538727
0.223078
-0.502994
0.855183
-0.309788
0.907674
0.269827
1.06515
0.463031
1.11764
0.813708
0.590512
0.74335
0.467664
0.672994
0.344817
2.215
-0.5
0.447772
2
1.425
-0.25
0.39
1.5
0.955303
0.266829
0.358469
1.2
0.085
0.6
0.7
1
-1.175
0.85
0.600833
0.5
0.219754
1.46085
0.592368
0.5
0
0.23
-0.27
0.055
0.59
-0.619822
-0.116431
-0.91
0.995
-1.585
0.955
-0.187479
1.2629
-0.271423
1.68008
0.32852
1.29932
0.305
1.595
0.65
1.31
0.607039
1.66127
0.855
0.015
1.525
-0.665
2.07
-0.745
2.32043
-0.580064
-0.338616
0.0844789
-0.579754
0.232626
-0.524596
0.863047
-0.329953
0.909543
0.253974
1.04903
0.448616
1.09552
0.782743
0.558089
0.708669
0.437521
0.634596
0.316952
2.155
-0.65
0.447772
2
1.41
-0.42
0.39
1.5
0.945151
0.103415
0.358469
1.2
0.055
0.59
0.7
1
-1.15
0.93
0.600833
0.5
0.216129
1.4459
0.592368
0.5
0
0.175
-0.28
0.025
0.58
-0.671604
-0.105657
-0.875
1.06
-1.535
1.13
-0.196753
1.26039
-0.267845
1.68017
0.320381
1.28091
0.305
1.59
0.645
1.31
0.605
1.66
0.815
-0.04
1.435
-0.75
1.995
-0.88
2.25052
-0.722775
-0.384201
0.0865935
-0.62078
0.242174
-0.546198
0.870912
-0.350117
0.911411
0.238122
1.03291
0.434201
1.07341
0.751778
0.525667
0.673987
0.407377
0.596197
0.289088
2.095
-0.8
0.456946
2
1.395
-0.59
0.39
1.5
0.935
-0.06
0.358469
1.2
0.025
0.58
0.7
1
-1.125
1.01
0.538238
0.5
0.212503
1.43096
0.592368
0.5
0
0.08
-0.29
-0.03
0.57
-0.758582
-0.0798646
-0.85
1.09
-1.475
1.19
-0.217856
1.25965
-0.268191
1.68192
0.317691
1.25545
0.3
1.585
0.635
1.295
0.605
1.645
0.727718
-0.0872771
1.3
-0.88
1.84
-1.05
2.10912
-0.921226
-0.462431
0.0978336
-0.690819
0.264648
-0.585575
0.888237
-0.387973
0.919024
0.20483
1.01138
0.402431
1.04217
0.69239
0.480149
0.608982
0.365956
0.525575
0.251762
1.94
-0.955
0.456946
2
1.22
-0.65
0.39
1.5
0.815
-0.03
0.358469
1.2
-0.03
0.57
0.7
1
-1.115
1.045
0.538238
0.5
0.198796
1.40975
0.592368
0.5
0
-0.015
-0.3
-0.085
0.56
-0.84556
-0.0540723
-0.825
1.12
-1.415
1.25
-0.23896
1.25891
-0.268536
1.68368
0.315
1.23
0.295
1.58
0.625
1.28
0.605
1.63
0.640435
-0.134554
1.165
-1.01
1.685
-1.22
1.96773
-1.11968
-0.540661
0.109074
-0.760857
0.287123
-0.624952
0.905563
-0.425829
0.926636
0.171539
0.989854
0.370661
1.01093
0.633002
0.434632
0.543977
0.324534
0.454952
0.214437
1.785
-1.11
0.456946
2
1.045
-0.71
0.420595
1.5
0.695
0
0.384838
1.2
-0.085
0.56
0.7
1
-1.105
1.08
0.470106
0.5
0.185088
1.38853
0.592368
0.5
0
-0.075
-0.295
-0.115
0.555
-0.896621
-0.0310396
-0.79
1.155
-1.3
1.415
-0.243712
1.25856
-0.258025
1.68385
0.308517
1.20982
0.301089
1.5601
0.62
1.28
0.6
1.66
0.584629
-0.16469
1.07715
-1.05784
1.58898
-1.28622
1.87495
-1.19616
-0.586255
0.120972
-0.799793
0.306692
-0.641889
0.919487
-0.442259
0.933395
0.156627
0.97512
0.356256
0.989028
0.597609
0.40405
0.504748
0.297282
0.411889
0.190513
1.69279
-1.17994
0.456946
2
0.968059
-0.753918
0.420595
1.5
0.643949
-0.0322602
0.384838
1.2
-0.115
0.555
0.7
1
-1.045
1.21
0.470106
0.5
0.184451
1.37281
0.592368
0.5
0
-0.135
-0.29
-0.145
0.55
-0.947682
-0.00800681
-0.755
1.19
-1.185
1.58
-0.248465
1.2582
-0.247514
1.68402
0.302035
1.18965
0.307178
1.5402
0.615
1.28
0.595
1.69
0.528823
-0.194826
0.98931
-1.10569
1.49295
-1.35244
1.78217
-1.27264
-0.631849
0.132871
-0.838729
0.326262
-0.658825
0.93341
-0.45869
0.940154
0.141715
0.960386
0.34185
0.967129
0.562216
0.373468
0.46552
0.270029
0.368825
0.16659
1.60059
-1.24989
0.456946
2
0.891119
-0.797836
0.420595
1.5
0.592898
-0.0645205
0.384838
1.2
-0.145
0.55
0.7
1
-0.985
1.34
0.470106
0.5
0.183814
1.35709
0.592368
0.5
0
-0.1025
-0.465
-0.11
0.515
-0.917011
-0.0360051
-0.68
1.1875
-1.0175
1.58
-0.242599
1.25115
-0.251886
1.68302
0.312776
1.18973
0.299134
1.55015
0.6175
1.2675
0.6
1.6925
0.579117
-0.211119
0.989482
-1.09177
1.42971
-1.41683
1.72161
-1.35551
-0.600137
0.102153
-0.805297
0.297196
-0.620369
0.902558
-0.420267
0.907616
0.180036
0.922789
0.380138
0.927847
0.595412
0.332601
0.49789
0.230022
0.400369
0.127442
1.53919
-1.33492
0.456946
2
0.899589
-0.818377
0.420595
1.5
0.623424
-0.0983904
0.384838
1.2
-0.11
0.515
0.7
1
-0.8225
1.35
0.470106
0.5
0.25661
1.36532
0.592368
0.5
0
-0.07
-0.64
-0.075
0.48
-0.886341
-0.0640034
-0.605
1.185
-0.85
1.58
-0.236733
1.2441
-0.256257
1.68201
0.323517
1.18982
0.291089
1.5601
0.62
1.255
0.605
1.695
0.629412
-0.227413
0.989655
-1.07784
1.36648
-1.48122
1.66105
-1.43838
-0.568425
0.0714355
-0.771864
0.268131
-0.581913
0.871705
-0.381845
0.875077
0.218358
0.885193
0.418425
0.888564
0.628608
0.291734
0.53026
0.190015
0.431913
0.0882949
1.47779
-1.41994
0.456946
2
0.908059
-0.838918
0.420595
1.5
0.653949
-0.13226
0.384838
1.2
-0.075
0.48
0.7
1
-0.66
1.36
0.470106
0.5
0.329407
1.37355
0.592368
0.5
0
-0.0375
-0.815
-0.04
0.445
-0.85567
-0.0920017
-0.53
1.1825
-0.6825
1.58
-0.230866
1.23705
-0.260629
1.68101
0.334259
1.18991
0.283045
1.57005
0.6225
1.2425
0.61
1.6975
0.679706
-0.243706
0.989827
-1.06392
1.30324
-1.54561
1.6005
-1.52125
-0.536712
0.0407178
-0.738432
0.239065
-0.543456
0.840852
-0.343422
0.842539
0.256679
0.847596
0.456713
0.849282
0.661804
0.250867
0.56263
0.150007
0.463456
0.0491474
1.4164
-1.50497
0.456946
2
0.91653
-0.859459
0.420595
1.5
0.684475
-0.16613
0.384838
1.2
-0.04
0.445
0.7
1
-0.4975
1.37
0.470106
0.5
0.402203
1.38177
0.592368
0.5
0
-0.005
-0.99
-0.005
0.41
-0.825
-0.12
-0.455
1.18
-0.515
1.58
-0.225
1.23
-0.265
1.68
0.345
1.19
0.275
1.58
0.625
1.23
0.615
1.7
0.73
-0.26
0.99
-1.05
1.24
-1.61
1.53994
-1.60412
-0.505
0.01
-0.705
0.21
-0.505
0.81
-0.305
0.81
0.295
0.81
0.495
0.81
0.695
0.21
0.595
0.11
0.495
0.01
1.355
-1.59
0.456946
2
0.925
-0.88
0.39
1.5
0.715
-0.2
0.358469
1.2
-0.005
0.41
0.7
1
-0.335
1.38
0.411461
0.5
0.475
1.39
0.404969
0.5
0
