32
10
9
11
6
0.025
-0.54
0.025
0.86
-0.923171
0.19921
-0.575
1.57
-0.275
1.42
0.325
1.61
0.625
1.5
1.705
-0.08
2.20494
-0.0724251
-0.475
0.66
-0.675
0.46
-0.675
1.26
-0.475
1.26
-0.375
1.26
-0.175
1.26
0.225
1.26
0.425
1.26
0.525
1.26
0.725
1.26
0.725
0.46
1.935
-0.09
0.378021
2
1.385
0.12
0.328024
1.5
0.905
0.39
0.343984
1.2
0.01
0.85
0.754255
1
-0.435
1.42
0.371248
0.5
0.435
1.38
0.370135
0.5
0
0.025
-0.54
0.025
0.86
-0.872516
0.159023
-0.575
1.57
-0.275
1.42
0.325
1.61
0.625
1.49
1.715
0.14
2.21495
0.147352
-0.475
0.66
-0.675
0.46
-0.675
1.26
-0.475
1.26
-0.375
1.26
-0.175
1.26
0.225
1.26
0.425
1.26
0.525
1.26
0.725
1.26
0.725
0.46
1.945
0.15
0.378021
2
1.375
0.27
0.328024
1.5
0.845
0.46
0.343984
1.2
0.01
0.85
0.754255
1
-0.435
1.42
0.371248
0.5
0.435
1.38
0.370135
0.5
0
0.025
-0.54
0.025
0.86
-0.81207
0.127116
-0.575
1.57
-0.275
1.42
0.325
1.61
0.625
1.49
1.715
0.29
2.21495
0.297352
-0.475
0.66
-0.675
0.46
-0.675
1.26
-0.475
1.26
-0.375
1.26
-0.175
1.26
0.225
1.26
0.425
1.26
0.525
1.26
0.725
1.26
0.725
0.46
1.975
0.27
0.378021
2
1.435
0.38
0.328024
1.5
0.875
0.49
0.343984
1.2
0.01
0.85
0.754255
1
-0.435
1.42
0.371248
0.5
0.435
1.38
0.370135
0.5
0
0.025
-0.54
0.025
0.86
-0.751475
0.108216
-0.575
1.57
-0.275
1.42
0.325
1.61
0.625
1.49
1.735
0.46
2.235
0.46
-0.475
0.66
-0.675
0.46
-0.675
1.26
-0.475
1.26
-0.375
1.26
-0.175
1.26
0.225
1.26
0.425
1.26
0.525
1.26
0.725
1.26
0.725
0.46
1.975
0.46
0.378021
2
1.405
0.42
0.328024
1.5
0.905
0.39
0.343984
1.2
0.01
0.85
0.754255
1
-0.435
1.42
0.371248
0.5
0.435
1.38
0.370135
0.5
0
0.025
-0.54
0.025
0.86
-0.708344
0.101548
-0.575
1.57
-0.275
1.42
0.325
1.61
0.625
1.49
1.855
0.46
2.355
0.46
-0.475
0.66
-0.675
0.46
-0.675
1.26
-0.475
1.26
-0.375
1.26
-0.175
1.26
0.225
1.26
0.425
1.26
0.525
1.26
0.725
1.26
0.725
0.46
2.095
0.47
0.378021
2
1.465
0.46
0.328024
1.5
0.905
0.49
0.343984
1.2
0.01
0.85
0.754255
1
-0.435
1.42
0.371248
0.5
0.435
1.38
0.370135
0.5
0
0.025
-0.54
0.025
0.86
-0.688082
0.100238
-0.575
1.57
-0.275
1.42
0.325
1.61
0.625
1.49
1.985
0.46
2.485
0.46
-0.475
0.66
-0.675
0.46
-0.675
1.26
-0.475
1.26
-0.375
1.26
-0.175
1.26
0.225
1.26
0.425
1.26
0.525
1.26
0.725
1.26
0.725
0.46
2.215
0.45
0.378021
2
1.585
0.45
0.328024
1.5
0.995
0.44
0.343984
1.2
0.01
0.85
0.754255
1
-0.435
1.42
0.371248
0.5
0.435
1.38
0.370135
0.5
0
0.025
-0.54
0.025
0.86
-0.675
0.1
-0.575
1.57
-0.275
1.42
0.325
1.61
0.625
1.49
2.125
0.46
2.625
0.46
-0.475
0.66
-0.675
0.46
-0.675
1.26
-0.475
1.26
-0.375
1.26
-0.175
1.26
0.225
1.26
0.425
1.26
0.525
1.26
0.725
1.26
0.725
0.46
2.405
0.46
0.378021
2
1.735
0.45
0.378021
1.5
1.005
0.48
0.393573
1.2
0.01
0.85
0.754255
1
-0.435
1.42
0.371248
0.5
0.435
1.38
0.370135
0.5
0
0.025
-0.54
0.025
0.86
-0.675
0.1
-0.575
1.57
-0.275
1.42
0.325
1.61
0.625
1.48
2.175
0.46
2.675
0.46
-0.475
0.66
-0.675
0.46
-0.675
1.26
-0.475
1.26
-0.375
1.26
-0.175
1.26
0.225
1.26
0.425
1.26
0.525
1.26
0.725
1.26
0.725
0.46
2.375
0.46
0.396989
2
1.685
0.43
0.418688
1.5
0.995
0.46
0.418808
1.2
0.01
0.85
0.754255
1
-0.435
1.42
0.371248
0.5
0.435
1.38
0.370135
0.5
0
0.025
-0.54
0.025
0.86
-0.675
0.1
-0.575
1.57
-0.275
1.42
0.325
1.61
0.625
1.49
2.225
0.46
2.725
0.46
-0.475
0.66
-0.675
0.46
-0.675
1.26
-0.475
1.26
-0.375
1.26
-0.175
1.26
0.225
1.26
0.425
1.26
0.525
1.26
0.725
1.26
0.725
0.46
2.445
0.41
0.45
2
1.715
0.45
0.418688
1.5
0.905
0.39
0.45
1.2
0.01
0.85
0.754255
1
-0.435
1.42
0.371248
0.5
0.435
1.38
0.370135
0.5
0
0.025
-0.54
0.025
0.86
-0.740218
0.105957
-0.575
1.57
-0.275
1.42
0.325
1.61
0.625
1.49
2.12522
-0.0779385
2.59447
-0.250574
-0.475
0.66
-0.675
0.46
-0.675
1.26
-0.475
1.26
-0.375
1.26
-0.175
1.26
0.225
1.26
0.425
1.26
0.525
1.26
0.725
1.26
0.725
0.46
2.345
-0.2
0.446878
2
1.655
0.09
0.402244
1.5
1.005
0.37
0.375766
1.2
0.01
0.85
0.754255
1
-0.435
1.42
0.371248
0.5
0.435
1.38
0.370135
0.5
1
1.905
0.01
2.04475
-0.707107
-0.707107
0.8
0.5
0.42
0
0.025
-0.54
0.025
0.86
-0.791528
0.119381
-0.575
1.57
-0.275
1.42
0.325
1.61
0.625
1.48
1.9616
-0.38901
2.37265
-0.673682
-0.475
0.66
-0.675
0.46
-0.675
1.26
-0.475
1.26
-0.375
1.26
-0.175
1.26
0.225
1.26
0.425
1.26
0.525
1.26
0.725
1.26
0.725
0.46
2.135
-0.54
0.480833
2
1.535
-0.09
0.429418
1.5
0.905
0.39
0.447214
1.2
0.01
0.85
0.754255
1
-0.435
1.42
0.371248
0.5
0.435
1.38
0.370135
0.5
0
0.025
-0.54
0.025
0.86
-0.830063
0.135107
-0.575
1.57
-0.275
1.42
0.325
1.61
0.625
1.49
1.79806
-0.588109
2.14999
-0.943283
-0.475
0.66
-0.675
0.46
-0.675
1.26
-0.475
1.26
-0.375
1.26
-0.175
1.26
0.225
1.26
0.425
1.26
0.525
1.26
0.725
1.26
0.725
0.46
1.995
-0.8
0.454533
2
1.455
-0.23
0.361248
1.5
0.955
0.21
0.375766
1.2
0.01
0.85
0.754255
1
-0.435
1.42
0.371248
0.5
0.435
1.38
0.370135
0.5
0
0.025
-0.54
0.025
0.86
-0.906199
0.184053
-0.575
1.57
-0.275
1.42
0.325
1.61
0.625
1.49
1.61633
-0.746451
1.90365
-1.15566
-0.475
0.66
-0.675
0.46
-0.675
1.26
-0.475
1.26
-0.375
1.26
-0.175
1.26
0.225
1.26
0.425
1.26
0.525
1.26
0.725
1.26
0.725
0.46
1.755
-0.91
0.467547
2
1.325
-0.32
0.403113
1.5
0.885
0.22
0.35609
1.2
0.01
0.85
0.754255
1
-0.435
1.42
0.371248
0.5
0.435
1.38
0.370135
0.5
0
0.025
-0.54
0.025
0.86
-0.874692
0.160462
-0.575
1.57
-0.275
1.42
0.325
1.61
0.625
1.49
1.34308
-0.90674
1.53575
-1.36813
-0.475
0.66
-0.675
0.46
-0.675
1.26
-0.475
1.26
-0.375
1.26
-0.175
1.26
0.225
1.26
0.425
1.26
0.525
1.26
0.725
1.26
0.725
0.46
1.425
-1.11
0.438634
2
1.125
-0.41
0.414005
1.5
0.765
0.25
0.403113
1.2
0.01
0.85
0.754255
1
-0.435
1.42
0.371248
0.5
0.435
1.38
0.370135
0.5
0
0.025
-0.54
0.025
0.86
-0.918585
0.194922
-0.575
1.57
-0.275
1.42
0.325
1.61
0.625
1.49
0.986641
-1.01701
1.07899
-1.5084
-0.475
0.66
-0.675
0.46
-0.675
1.26
-0.475
1.26
-0.375
1.26
-0.175
1.26
0.225
1.26
0.425
1.26
0.525
1.26
0.725
1.26
0.725
0.46
1.025
-1.23
0.448219
2
0.945
-0.48
0.403609
1.5
0.775
0.2
0.404599
1.2
0.01
0.85
0.754255
1
-0.435
1.42
0.371248
0.5
0.435
1.38
0.370135
0.5
0
0.025
-0.54
0.025
0.86
-0.967944
0.250754
-0.575
1.57
-0.275
1.42
0.325
1.61
0.625
1.49
0.62582
-1.03672
0.583849
-1.53495
-0.475
0.66
-0.675
0.46
-0.675
1.26
-0.475
1.26
-0.375
1.26
-0.175
1.26
0.225
1.26
0.425
1.26
0.525
1.26
0.725
1.26
0.725
0.46
0.605
-1.28
0.438406
2
0.665
-0.51
0.375367
1.5
0.725
0.19
0.360694
1.2
0.01
0.85
0.754255
1
-0.435
1.42
0.371248
0.5
0.435
1.38
0.370135
0.5
0
0.025
-0.54
0.025
0.86
-0.999361
0.303826
-0.575
1.57
-0.275
1.42
0.325
1.61
0.625
1.49
0.26845
-0.968832
0.108054
-1.44241
-0.475
0.66
-0.675
0.46
-0.675
1.26
-0.475
1.26
-0.375
1.26
-0.175
1.26
0.225
1.26
0.425
1.26
0.525
1.26
0.725
1.26
0.725
0.46
0.215
-1.21
0.452769
2
0.435
-0.53
0.376431
1.5
0.655
0.14
0.402244
1.2
0.01
0.85
0.754255
1
-0.435
1.42
0.371248
0.5
0.435
1.38
0.370135
0.5
0
0.025
-0.54
0.025
0.86
-1.02028
0.358114
-0.575
1.57
-0.275
1.42
0.325
1.61
0.625
1.49
0.00735837
-0.85719
-0.226046
-1.29937
-0.475
0.66
-0.675
0.46
-0.675
1.26
-0.475
1.26
-0.375
1.26
-0.175
1.26
0.225
1.26
0.425
1.26
0.525
1.26
0.725
1.26
0.725
0.46
-0.065
-1.05
0.498197
2
0.275
-0.37
0.384187
1.5
0.595
0.21
0.343984
1.2
0.01
0.85
0.754255
1
-0.435
1.42
0.371248
0.5
0.435
1.38
0.370135
0.5
0
0.025
-0.54
0.025
0.86
-1.02968
0.398317
-0.575
1.57
-0.275
1.42
0.325
1.61
0.625
1.49
-0.250436
-0.679528
-0.568592
-1.06524
-0.475
0.66
-0.675
0.46
-0.675
1.26
-0.475
1.26
-0.375
1.26
-0.175
1.26
0.225
1.26
0.425
1.26
0.525
1.26
0.725
1.26
0.725
0.46
-0.425
-0.86
0.438292
2
0.115
-0.26
0.375899
1.5
0.545
0.26
0.393573
1.2
0.01
0.85
0.754255
1
-0.435
1.42
0.371248
0.5
0.435
1.38
0.370135
0.5
0
0.025
-0.54
0.025
0.86
-1.035
0.46
-0.575
1.57
-0.275
1.42
0.325
1.61
0.625
1.49
-0.483476
-0.428586
-0.868893
-0.747104
-0.475
0.66
-0.675
0.46
-0.675
1.26
-0.475
1.26
-0.375
1.26
-0.175
1.26
0.225
1.26
0.425
1.26
0.525
1.26
0.725
1.26
0.725
0.46
-0.625
-0.58
0.440454
2
0.005
-0.07
0.404969
1.5
0.545
0.35
0.341321
1.2
0.01
0.85
0.754255
1
-0.435
1.42
0.371248
0.5
0.435
1.38
0.370135
0.5
0
0.025
-0.54
0.025
0.86
-1.035
0.46
-0.575
1.57
-0.275
1.42
0.325
1.61
0.625
1.49
-0.483476
-0.428586
-0.737058
-0.859511
-0.475
0.66
-0.675
0.46
-0.675
1.26
-0.475
1.26
-0.375
1.26
-0.175
1.26
0.225
1.26
0.425
1.26
0.525
1.26
0.725
1.26
0.725
0.46
-0.595
-0.64
0.480208
2
-0.025
-0.12
0.376962
1.5
0.515
0.33
0.343984
1.2
0.01
0.85
0.754255
1
-0.435
1.42
0.371248
0.5
0.435
1.38
0.370135
0.5
0
0.025
-0.65
0.025
0.75
-1.035
0.35
-0.575
1.56
-0.275
1.41
0.325
1.6
0.625
1.49
-0.483476
-0.538586
-0.737058
-0.969511
-0.475
0.55
-0.675
0.35
-0.675
1.15
-0.475
1.15
-0.375
1.15
-0.175
1.15
0.225
1.15
0.425
1.15
0.525
1.15
0.725
1.15
0.725
0.35
-0.585
-0.76
0.452769
2
-0.035
-0.25
0.368782
1.5
0.535
0.15
0.333766
1.2
0.01
0.74
0.754255
1
-0.435
1.31
0.371248
0.5
0.435
1.27
0.370135
0.5
0
0.025
-0.73
0.025
0.67
-1.035
0.27
-0.575
1.55
-0.275
1.41
0.325
1.59
0.625
1.49
-0.483476
-0.618586
-0.630803
-1.09639
-0.475
0.47
-0.675
0.27
-0.675
1.07
-0.475
1.07
-0.375
1.07
-0.175
1.07
0.225
1.07
0.425
1.07
0.525
1.07
0.725
1.07
0.725
0.27
-0.505
-0.81
0.456508
2
-0.045
-0.31
0.328024
1.5
0.505
0.07
0.343984
1.2
0.035
0.71
0.754255
1
-0.475
1.34
0.371248
0.5
0.475
1.28
0.370135
0.5
0
0.015
-0.8
0.015
0.6
-1.045
0.2
-0.585
1.55
-0.285
1.42
0.315
1.58
0.615
1.48
-0.493476
-0.688586
-0.533169
-1.18701
-0.485
0.4
-0.685
0.2
-0.685
1
-0.485
1
-0.385
1
-0.185
1
0.215
1
0.415
1
0.515
1
0.715
1
0.715
0.2
-0.475
-0.92
0.472017
2
0.025
-0.33
0.354401
1.5
0.525
0.13
0.343984
1.2
0.005
0.66
0.754255
1
-0.465
1.27
0.371248
0.5
0.505
1.3
0.370135
0.5
0
0.015
-0.88
0.015
0.52
-1.045
0.12
-0.585
1.55
-0.285
1.4
0.315
1.57
0.615
1.47
-0.493476
-0.768586
-0.412837
-1.26204
-0.485
0.32
-0.685
0.12
-0.685
0.92
-0.485
0.92
-0.385
0.92
-0.185
0.92
0.215
0.92
0.415
0.92
0.515
0.92
0.715
0.92
0.715
0.12
-0.405
-0.97
0.432666
2
-0.005
-0.44
0.350571
1.5
0.485
-0.04
0.343984
1.2
-9.31323e-10
0.51
0.754255
1
-0.445
1.26
0.371248
0.5
0.455
1.26
0.370135
0.5
0
0.005
-0.98
0.005
0.42
-1.055
0.02
-0.595
1.55
-0.295
1.4
0.305
1.56
0.605
1.46
-0.503476
-0.868586
-0.296153
-1.32358
-0.495
0.22
-0.695
0.02
-0.695
0.82
-0.495
0.82
-0.395
0.82
-0.195
0.82
0.205
0.82
0.405
0.82
0.505
0.82
0.705
0.82
0.705
0.02
-0.425
-1.03
0.43566
2
-0.015
-0.54
0.328024
1.5
0.475
-0.13
0.343984
1.2
-0.01
0.41
0.754255
1
-0.465
1.17
0.411096
0.5
0.415
1.21
0.4
0.5
0
-0.005
-1.03
-0.005
0.37
-1.05211
-0.125456
-0.599269
1.56298
-0.305
1.4
0.303975
1.56254
0.595
1.45
-0.513476
-0.918586
-0.225237
-1.32714
-0.505
0.17
-0.705
-0.03
-0.705
0.77
-0.505
0.77
-0.405
0.77
-0.205
0.77
0.195
0.77
0.395
0.77
0.495
0.77
0.695
0.77
0.695
-0.03
-0.365
-1.05
0.434166
2
-0.065
-0.55
0.328024
1.5
0.495
-0.18
0.343984
1.2
-0.02
0.36
0.754255
1
-0.465
1.2
0.438292
0.5
0.455
1.18
0.412311
0.5
0
-0.005
-1.03
-0.005
0.37
-1.033
-0.17838
-0.599269
1.56298
-0.305
1.4
0.303975
1.56254
0.595
1.45
-0.340946
-1.11481
0.012862
-1.46811
-0.505
0.17
-0.705
-0.03
-0.705
0.77
-0.505
0.77
-0.405
0.77
-0.205
0.77
0.195
0.77
0.395
0.77
0.495
0.77
0.695
0.77
0.695
-0.03
-0.155
-1.23
0.470106
2
0.105
-0.67
0.328024
1.5
0.485
-0.2
0.343984
1.2
-0.02
0.36
0.754255
1
-0.505
1.21
0.480104
0.5
0.435
1.14
0.466905
0.5
0
-0.005
-1.03
-0.005
0.37
-1.01435
-0.214134
-0.599269
1.56298
-0.305
1.4
0.303975
1.56254
0.595
1.45
-0.152026
-1.26796
0.262637
-1.54734
-0.505
0.17
-0.705
-0.03
-0.705
0.77
-0.505
0.77
-0.405
0.77
-0.205
0.77
0.195
0.77
0.395
0.77
0.495
0.77
0.695
0.77
0.695
-0.03
0.005
-1.38
0.449444
2
0.185
-0.78
0.328024
1.5
0.495
-0.26
0.343984
1.2
-0.02
0.36
0.754255
1
-0.465
1.17
0.452769
0.5
0.425
1.16
0.410366
0.5
0
-0.005
-1.03
-0.005
0.37
-0.991618
-0.24783
-0.599269
1.56298
-0.305
1.4
0.303975
1.56254
0.595
1.45
0.0512187
-1.38482
0.50625
-1.59206
-0.505
0.17
-0.705
-0.03
-0.705
0.77
-0.505
0.77
-0.405
0.77
-0.205
0.77
0.195
0.77
0.395
0.77
0.495
0.77
0.695
0.77
0.695
-0.03
0.245
-1.45
0.490408
2
0.355
-0.75
0.348282
1.5
0.645
-0.24
0.343984
1.2
-0.02
0.36
0.754255
1
-0.455
1.16
0.431857
0.5
0.455
1.21
0.425206
0.5
0
-0.005
-1.03
-0.005
0.37
-0.988861
-0.251411
-0.599269
1.56298
-0.305
1.4
0.303975
1.56254
0.595
1.45
0.335536
-1.48629
0.816886
-1.62157
-0.505
0.17
-0.705
-0.03
-0.705
0.77
-0.505
0.77
-0.405
0.77
-0.205
0.77
0.195
0.77
0.395
0.77
0.495
0.77
0.695
0.77
0.695
-0.03
0.515
-1.54
0.418808
2
0.495
-0.89
0.328024
1.5
0.635
-0.33
0.343984
1.2
-0.02
0.36
0.754255
1
-0.455
1.18
0.361248
0.5
0.415
1.16
0.432782
0.5
0
-0.005
-1.03
-0.005
0.37
-0.984202
-0.257258
-0.599269
1.56298
-0.305
1.4
0.303975
1.56254
0.595
1.45
0.558316
-1.52376
1.05607
-1.57109
-0.505
0.17
-0.705
-0.03
-0.705
0.77
-0.505
0.77
-0.405
0.77
-0.205
0.77
0.195
0.77
0.395
0.77
0.495
0.77
0.695
0.77
0.695
-0.03
0.725
-1.52
0.424382
2
0.615
-0.85
0.328024
1.5
0.685
-0.3
0.343984
1.2
0.015
0.35
0.754255
1
-0.445
1.17
0.434166
0.5
0.445
1.14
0.446542
0.5
0
