37
10
9
11
6
0.133412
-0.591061
0
0.4
-0.818451
-0.415457
-0.796596
1.4801
-0.49954
1.52525
0.0904457
1.63403
0.384133
1.679
1.14347
-1.32423
1.64983
-1.17955
-0.458595
0.117365
-0.621509
-0.113961
-0.758333
0.67452
-0.561212
0.708726
-0.462652
0.725829
-0.265532
0.760035
0.128709
0.828446
0.325829
0.862652
0.424389
0.879755
0.621509
0.913961
0.758333
0.12548
1.405
-1.23
0.378021
2
1.045
-0.77
0.328024
1.5
0.875
-0.21
0.343984
1.2
-0.0130737
0.387579
0.754255
1
-0.610115
1.13681
0.45793
0.5
0.285072
1.3023
0.471699
0.5
0
0.0812904
-0.596691
0
0.4
-0.889337
-0.337195
-0.69453
1.54813
-0.394644
1.56596
0.202708
1.62041
0.503966
1.63804
1.29263
-1.33329
1.78353
-1.23832
-0.482403
0.160459
-0.665728
-0.054989
-0.729975
0.742556
-0.530589
0.758618
-0.430896
0.766649
-0.23151
0.782711
0.167262
0.814834
0.366648
0.830896
0.466342
0.838927
0.665728
0.854989
0.729975
0.0574443
1.565
-1.26
0.378021
2
1.135
-0.83
0.328024
1.5
0.875
-0.25
0.343984
1.2
-0.0141509
0.388826
0.754255
1
-0.540199
1.18931
0.45793
0.5
0.366205
1.27236
0.471699
0.5
0
0.145
-0.57
0
0.4
-0.817486
-0.416751
-0.798249
1.47922
-0.501196
1.52478
0.0887566
1.6344
0.387194
1.6799
1.44825
-1.20662
1.9444
-1.14385
-0.458295
0.116674
-0.620922
-0.114923
-0.758863
0.673526
-0.561751
0.708011
-0.463195
0.725254
-0.266083
0.759739
0.128142
0.82871
0.325254
0.863195
0.42381
0.880438
0.620922
0.914924
0.758863
0.126474
1.695
-1.21
0.378021
2
1.225
-0.78
0.380789
1.5
0.925
-0.19
0.366742
1.2
-0.0130592
0.387558
0.754255
1
-0.611256
1.13612
0.45793
0.5
0.283881
1.30288
0.471699
0.5
0
0.175
-0.57
0
0.4
-0.810693
-0.423089
-0.806693
1.4725
-0.51009
1.52043
0.0788143
1.63477
0.379417
1.68269
1.62583
-1.09284
2.12316
-1.04129
-0.455889
0.113073
-0.61661
-0.119766
-0.760847
0.667352
-0.564067
0.703411
-0.465677
0.721441
-0.268898
0.7575
0.124661
0.829618
0.321441
0.865677
0.41983
0.883707
0.61661
0.919766
0.760847
0.132648
1.875
-1.07
0.4245
2
1.305
-0.67
0.366879
1.5
0.925
-0.11
0.407922
1.2
-0.0129555
0.387457
0.754255
1
-0.616997
1.131
0.45793
0.5
0.276547
1.3049
0.471699
0.5
0
0.373968
-0.527442
0
0.4
-0.606986
-0.583423
-1.02582
1.26594
-0.74728
1.37883
-0.19851
1.62165
0.0733126
1.73207
2.04078
-0.536204
2.53322
-0.449572
-0.380571
0.0185362
-0.485371
-0.244358
-0.801558
0.49103
-0.617711
0.570077
-0.525787
0.6096
-0.34194
0.688648
0.0257535
0.846741
0.209601
0.925788
0.301524
0.965311
0.485371
1.04436
0.801558
0.30897
2.305
-0.49
0.378021
2
1.645
-0.28
0.37855
1.5
1.055
0.11
0.380132
1.2
-0.0098362
0.384879
0.754255
1
-0.764681
0.975231
0.45793
0.5
0.0678704
1.34409
0.471699
0.5
0
0.56486
-0.425187
0
0.4
-0.353767
-0.700437
-1.20367
0.995075
-0.960232
1.17145
-0.485521
1.53875
-0.245007
1.71343
2.26105
0.163251
2.7549
0.24142
-0.278151
-0.0616302
-0.316922
-0.342035
-0.80019
0.296315
-0.640603
0.417132
-0.560809
0.477541
-0.401222
0.598358
-0.0820468
0.839992
0.0775406
0.96081
0.157334
1.02122
0.316922
1.14204
0.80019
0.503685
2.505
0.19
0.378021
2
1.775
0.23
0.36
1.5
1.085
0.4
0.384708
1.2
-0.00592823
0.382959
0.754255
1
-0.880412
0.775349
0.45793
0.5
-0.16033
1.33305
0.471699
0.5
0
0.679309
-0.333852
0
0.4
-0.175611
-0.742627
-1.28267
0.797621
-1.07011
1.01024
-0.6593
1.44794
-0.449355
1.65842
2.2736
0.657839
2.77359
0.659187
-0.201804
-0.0998158
-0.195816
-0.382859
-0.773877
0.171252
-0.63535
0.315767
-0.566086
0.388025
-0.427558
0.53254
-0.150503
0.821571
-0.0119757
0.966087
0.0572879
1.03834
0.195815
1.18286
0.773877
0.628748
2.495
0.64
0.378021
2
1.795
0.65
0.374833
1.5
1.095
0.6
0.4005
1.2
-0.00316385
0.382235
0.754255
1
-0.928742
0.631668
0.45793
0.5
-0.305668
1.29614
0.471699
0.5
0
0.345
-0.47
0
0.4
-0.625815
-0.572623
-1.01019
1.28573
-0.729356
1.39345
-0.175696
1.62612
0.101875
1.73296
2.07635
-0.494658
2.345
-0.9
-0.387962
0.0254498
-0.497761
-0.235635
-0.800334
0.506133
-0.614892
0.581777
-0.52217
0.619598
-0.336728
0.695242
0.0341558
0.846528
0.219598
0.922173
0.31232
0.959995
0.497762
1.03564
0.800334
0.293867
2.175
-0.76
0.378021
2
1.685
-0.27
0.380789
1.5
1.065
0.08
0.392938
1.2
-0.010126
0.385055
0.754255
1
-0.754344
0.989935
0.45793
0.5
0.0856354
1.34338
0.471699
0.5
0
0.155
-0.53
0
0.4
-0.844267
-0.390883
-0.763938
1.50556
-0.465245
1.54157
0.128575
1.63225
0.423889
1.6682
1.50579
-1.19409
1.34614
-1.66792
-0.467686
0.131276
-0.637867
-0.0952148
-0.750487
0.69813
-0.55215
0.726286
-0.452982
0.740363
-0.254646
0.768518
0.142026
0.824828
0.340364
0.852984
0.439532
0.867063
0.637868
0.895219
0.750487
0.10187
1.435
-1.44
0.378021
2
1.255
-0.76
0.374833
1.5
0.905
-0.19
0.343984
1.2
-0.0134674
0.387972
0.754255
1
-0.587891
1.15623
0.45793
0.5
0.313132
1.29425
0.471699
0.5
0
0.25409
-0.567181
0
0.4
-0.948863
-0.264665
-0.600995
1.60409
-0.299779
1.59755
0.301756
1.60346
0.599614
1.59733
1.005
-1.46
0.517232
-1.56992
-0.501668
0.199738
-0.70242
-0.000734121
-0.701861
0.801713
-0.501249
0.801573
-0.400943
0.801503
-0.200331
0.801364
0.200891
0.801084
0.401504
0.800945
0.50181
0.800878
0.702422
0.800737
0.701861
-0.00171235
0.765
-1.51
0.378021
2
0.925
-0.94
0.338378
1.5
0.775
-0.31
0.343984
1.2
-0.0150528
0.38998
0.754255
1
-0.475871
1.23288
0.45793
0.5
0.436919
1.24227
0.471699
0.5
0
0.175
-0.58
0
0.4
-1.00715
-0.172746
-0.485397
1.6553
-0.186094
1.62052
0.413401
1.56995
0.709399
1.53589
0.458793
-1.55214
-0.0397877
-1.58979
-0.518299
0.247684
-0.737
0.0669172
-0.661133
0.86585
-0.461399
0.846884
-0.361532
0.8374
-0.161799
0.818434
0.237667
0.7805
0.437402
0.761535
0.537268
0.752053
0.737002
0.733086
0.661133
-0.0658501
0.255
-1.58
0.378021
2
0.555
-0.98
0.36
1.5
0.632683
-0.36545
0.343984
1.2
-0.0159282
0.391436
0.754255
1
-0.395652
1.27395
0.45793
0.5
0.514083
1.19764
0.471699
0.5
0
0.0528108
-0.598604
0
0.4
-1.083
-0.0123835
-0.288152
1.71496
0.00239468
1.63488
0.587268
1.49336
0.87466
1.41451
-0.02702
-1.53205
-0.526919
-1.52198
-0.535588
0.32857
-0.779371
0.183275
-0.582397
0.961429
-0.387858
0.912185
-0.290589
0.887564
-0.0960506
0.83832
0.293025
0.739833
0.487565
0.690591
0.584834
0.665971
0.779373
0.616727
0.582397
-0.161428
-0.275
-1.51
0.378021
2
0.195
-1.03
0.328024
1.5
0.508532
-0.453236
0.343984
1.2
-0.0170524
0.393966
0.754255
1
-0.257665
1.32429
0.45793
0.5
0.629947
1.10997
0.471699
0.5
0
-0.0909674
-0.595854
0
0.4
-1.13112
0.147112
-0.0966583
1.7429
0.17945
1.62198
0.738079
1.39803
1.01124
1.27876
-0.378947
-1.45764
-0.878903
-1.45101
-0.540383
0.406099
-0.80252
0.29724
-0.495965
1.03923
-0.310466
0.962593
-0.217717
0.924274
-0.0322194
0.847635
0.338775
0.694357
0.524275
0.61772
0.617024
0.579402
0.802523
0.502762
0.495965
-0.239231
-0.645
-1.48
0.378021
2
-0.085
-1.08
0.328024
1.5
0.381007
-0.517478
0.343984
1.2
-0.0177441
0.396473
0.754255
1
-0.122502
1.35184
0.45793
0.5
0.725346
1.01241
0.471699
0.5
0
-0.253786
-0.56726
0
0.4
-1.15808
0.347058
0.137684
1.73961
0.388695
1.5726
0.900139
1.25511
1.14853
1.09026
-0.737777
-1.31855
-1.23756
-1.30377
-0.531251
0.499725
-0.808352
0.437955
-0.377694
1.1157
-0.208258
1.00803
-0.123541
0.9542
0.0458947
0.846535
0.384764
0.631206
0.554201
0.523542
0.638919
0.469712
0.808355
0.362047
0.377694
-0.315695
-1.045
-1.34
0.378021
2
-0.425
-1.03
0.344819
1.5
0.095
-0.55
0.343984
1.2
-0.0180907
0.399603
0.754255
1
0.0444044
1.35887
0.45793
0.5
0.820719
0.877466
0.471699
0.5
0
-0.42788
-0.503836
0
0.4
-1.14574
0.578171
0.401097
1.68581
0.613975
1.47224
1.05225
1.05941
1.26299
0.848463
-1.09376
-1.08569
-1.59359
-1.07286
-0.500954
0.603297
-0.784856
0.597795
-0.228056
1.1766
-0.083354
1.0374
-0.011003
0.967804
0.133699
0.828604
0.423102
0.550204
0.567806
0.411004
0.640158
0.341406
0.78486
0.202205
0.228057
-0.376603
-1.365
-1.11
0.378021
2
-0.675
-0.9
0.366879
1.5
-0.105
-0.55
0.353553
1.2
-0.0178125
0.403205
0.754255
1
0.234019
1.33112
0.45793
0.5
0.899374
0.704995
0.471699
0.5
0
-0.624114
-0.381333
0
0.4
-1.05969
0.87148
0.723334
1.53667
0.873058
1.27482
1.18834
0.761676
1.33668
0.502915
-1.42724
-0.813829
-1.927
-0.829142
-0.430559
0.727221
-0.706116
0.796109
-0.0172252
1.20945
0.0861098
1.03723
0.137777
0.951116
0.241111
0.778892
0.44778
0.434447
0.551117
0.262224
0.602785
0.176114
0.70612
0.00389048
0.0172265
-0.409448
-1.705
-0.82
0.378021
2
-0.975
-0.71
0.390513
1.5
-0.315
-0.51
0.4
1.2
-0.0163611
0.40775
0.754255
1
0.469312
1.23787
0.45793
0.5
0.948097
0.459426
0.471699
0.5
0
-0.719401
-0.294595
0
0.4
-0.980235
1.02042
0.880831
1.41986
0.990985
1.13899
1.22849
0.585405
1.33774
0.307797
-1.57687
-0.66854
-2.07412
-0.708356
-0.378582
0.786325
-0.641275
0.894501
0.100463
1.20354
0.177722
1.01811
0.216352
0.925389
0.29361
0.739952
0.448128
0.369085
0.525389
0.183649
0.56402
0.0909332
0.641279
-0.0945019
-0.100461
-0.403537
-1.855
-0.7
0.378021
2
-1.155
-0.6
0.376563
1.5
-0.445
-0.45
0.372156
1.2
-0.015066
0.410045
0.754255
1
0.58607
1.16104
0.45793
0.5
0.946872
0.321172
0.471699
0.5
0
-0.814665
-0.179931
0
0.4
-0.856815
1.18242
1.0458
1.25029
1.10516
0.954427
1.24224
0.367722
1.30126
0.0752311
-1.73906
-0.408922
-2.23703
-0.377186
-0.305255
0.846663
-0.545033
0.999139
0.239474
1.17375
0.283126
0.977622
0.304951
0.879558
0.348602
0.683429
0.435905
0.291178
0.479558
0.09505
0.501385
-0.00301245
0.545037
-0.19914
-0.239471
-0.373745
-1.985
-0.42
0.378021
2
-1.345
-0.39
0.363456
1.5
-0.605
-0.4
0.391152
1.2
-0.0130801
0.412527
0.754255
1
0.71026
1.04696
0.45793
0.5
0.918683
0.156764
0.471699
0.5
0
-0.890325
-0.0553259
0
0.4
-0.686996
1.33552
1.19259
1.02894
1.19278
0.72709
1.21217
0.124709
1.21271
-0.17377
-1.86448
-0.052402
-2.34672
0.0763903
-0.211824
0.897997
-0.417117
1.09459
0.386648
1.112
0.391001
0.911061
0.393177
0.810589
0.397529
0.609646
0.406235
0.207766
0.410589
0.00682425
0.412768
-0.0936458
0.41712
-0.294587
-0.386644
-0.311998
-2.105
-0.04
0.378021
2
-1.405
-0.17
0.380526
1.5
-0.725
-0.28
0.381182
1.2
-0.0103734
0.414853
0.754255
1
0.823574
0.895302
0.45793
0.5
0.853429
-0.0187629
0.471699
0.5
0
-0.948253
0.0824853
0
0.4
-0.499789
1.44784
1.28954
0.794605
1.2332
0.49799
1.13944
-0.0974991
1.08407
-0.390865
-1.94572
0.2178
-2.42209
0.365767
-0.114857
0.928968
-0.279747
1.16057
0.513238
1.02715
0.479883
0.828906
0.463204
0.729782
0.429847
0.531534
0.363136
0.135044
0.329782
-0.063203
0.313106
-0.162326
0.27975
-0.360572
-0.513234
-0.227148
-2.185
0.24
0.378021
2
-1.475
0.07
0.390128
1.5
-0.8106
-0.177114
0.369406
1.2
-0.00741056
0.416536
0.754255
1
0.901948
0.73241
0.45793
0.5
0.760094
-0.171279
0.471699
0.5
0
-0.987563
0.242776
0
0.4
-0.307582
1.51962
1.33907
0.56147
1.23138
0.279362
1.03423
-0.290409
0.928063
-0.569488
-1.98656
0.48181
-2.46481
0.633564
-0.0199531
0.941008
-0.141517
1.19806
0.615713
0.927095
0.547971
0.737786
0.514099
0.643131
0.446356
0.453823
0.310873
0.0752103
0.243132
-0.114098
0.209263
-0.208752
0.14152
-0.39806
-0.615709
-0.127091
-2.215
0.55
0.378021
2
-1.535
0.29
0.364006
1.5
-0.935
0.01
0.376962
1.2
-0.00438467
0.417585
0.754255
1
0.946519
0.568475
0.45793
0.5
0.64776
-0.296261
0.471699
0.5
0
-0.999954
0.390431
0
0.4
-0.119508
1.55511
1.3476
0.339307
1.19502
0.0786805
0.906908
-0.451046
0.756319
-0.708932
-1.97929
0.754527
-2.44686
0.944004
0.0691965
0.937018
-0.00850376
1.21059
0.694036
0.818858
0.596103
0.643222
0.547136
0.555404
0.449201
0.379768
0.253337
0.0285011
0.155405
-0.147135
0.10644
-0.234953
0.0085067
-0.410588
-0.694031
-0.0188549
-2.235
0.82
0.378021
2
-1.575
0.51
0.355106
1.5
-0.965
0.19
0.364005
1.2
-0.00143675
0.418069
0.754255
1
0.961481
0.41071
0.45793
0.5
0.52467
-0.393326
0.471699
0.5
0
-0.991573
0.529552
0
0.4
0.0644518
1.55966
1.3213
0.127173
1.12943
-0.106116
0.761215
-0.583757
0.571754
-0.814655
-1.93077
1.02309
-2.3961
1.23499
0.153173
0.919426
0.119654
1.20188
0.751596
0.704023
0.627132
0.546036
0.564899
0.467043
0.440433
0.309057
0.191507
-0.00691131
0.0670437
-0.164898
0.00481375
-0.243891
-0.119651
-0.401876
-0.75159
0.0959799
-2.205
1.11
0.378021
2
-1.555
0.73
0.383275
1.5
-0.988565
0.282675
0.343984
1.2
0.00143553
0.418072
0.754255
1
0.951246
0.258687
0.45793
0.5
0.392836
-0.466369
0.471699
0.5
0
-0.935
0.73
0
0.4
0.326424
1.51484
1.2249
-0.166127
0.98499
-0.349727
0.517757
-0.731229
0.28073
-0.913048
-1.78019
1.4112
-2.21018
1.69542
0.26728
0.871091
0.298847
1.15381
0.801165
0.525239
0.64402
0.399659
0.565447
0.336869
0.408301
0.21129
0.0940142
-0.0398657
-0.0631296
-0.165446
-0.1417
-0.228237
-0.298845
-0.353815
-0.801159
0.274762
-1.995
1.55
0.378021
2
-1.425
1.03
0.393954
1.5
-0.989525
0.510477
0.343984
1.2
0.00550684
0.417275
0.754255
1
0.894375
0.0460976
0.45793
0.5
0.185649
-0.533144
0.471699
0.5
0
-0.855
0.9
0
0.4
0.552823
1.42191
1.07932
-0.410311
0.806223
-0.539602
0.269342
-0.814811
-0.000563029
-0.942965
-1.575
1.72
-1.98019
2.06889
0.360101
0.80472
0.450211
1.07461
0.80977
0.35462
0.629772
0.264729
0.539773
0.219785
0.359774
0.129896
-0.000217157
-0.0498815
-0.180214
-0.139773
-0.270211
-0.184719
-0.450208
-0.274608
-0.809764
0.44538
-1.775
1.88
0.378021
2
-1.315
1.31
0.379473
1.5
-0.944596
0.715373
0.343984
1.2
0.00900524
0.415741
0.754255
1
0.800538
-0.133504
0.45793
0.5
-0.0139526
-0.551501
0.471699
0.5
0
-0.665
1.08
0
0.4
0.828863
1.21462
0.793849
-0.691924
0.494737
-0.735289
-0.099458
-0.840655
-0.395179
-0.883872
-1.085
2.13
-1.3664
2.5433
0.463231
0.681143
0.628695
0.912709
0.760904
0.118654
0.562388
0.0856012
0.463131
0.069076
0.264615
0.0360252
-0.132409
-0.0300775
-0.330923
-0.0631308
-0.430179
-0.0796586
-0.628693
-0.112709
-0.760898
0.681344
-1.205
2.4
0.378021
2
-0.985
1.78
0.374833
1.5
-0.825
1.06
0.403113
1.2
0.0132358
0.412404
0.754255
1
0.608637
-0.34534
0.45793
0.5
-0.292947
-0.505649
0.471699
0.5
0
-0.445
1.26
0
0.4
1.04754
0.904046
0.399545
-0.889929
0.102337
-0.834529
-0.494274
-0.742677
-0.788223
-0.688231
-0.467927
2.40303
-0.670612
2.8601
0.529289
0.516821
0.760642
0.682725
0.629753
-0.111785
0.431123
-0.0790626
0.331809
-0.0627004
0.133181
-0.0299762
-0.264071
0.0354691
-0.462699
0.0681902
-0.562013
0.0845495
-0.76064
0.117273
-0.629748
0.911782
-0.555
2.62
0.378021
2
-0.525
1.94
0.366742
1.5
-0.565
1.28
0.343984
1.2
0.016533
0.407477
0.754255
1
0.335941
-0.502026
0.45793
0.5
-0.569448
-0.363068
0.471699
0.5
0
-0.265
1.31
0
0.4
1.13068
0.671009
0.117554
-0.945508
-0.161249
-0.828449
-0.725014
-0.612388
-1.00084
-0.496951
-0.0334731
2.45706
-0.177709
2.9358
0.542121
0.402172
0.803389
0.515383
0.507283
-0.233572
0.320043
-0.159545
0.226424
-0.122531
0.039184
-0.0485022
-0.33529
0.0995505
-0.52253
0.173576
-0.616149
0.210587
-0.803388
0.284615
-0.507279
1.03357
-0.055
2.74
0.378021
2
-0.165
2.03
0.35
1.5
-0.395
1.4
0.421901
1.2
0.0177441
0.40381
0.754255
1
0.137479
-0.552859
0.45793
0.5
-0.718156
-0.225399
0.471699
0.5
0
-0.005
1.3
0
0.4
1.16166
0.34373
-0.26377
-0.925
-0.498736
-0.73454
-0.979636
-0.369237
-1.21219
-0.181171
0.543702
2.38476
0.477617
2.88038
0.521207
0.250326
0.803794
0.285904
0.309784
-0.350427
0.1507
-0.226923
0.0711588
-0.165171
-0.087924
-0.0416657
-0.406086
0.205339
-0.56517
0.32884
-0.644712
0.39059
-0.803794
0.514094
-0.309781
1.15042
0.525
2.61
0.425793
2
0.245
1.94
0.354401
1.5
-0.124526
1.38904
0.343984
1.2
0.0181062
0.398691
0.754255
1
-0.134719
-0.553515
0.45793
0.5
-0.864717
0.000467837
0.471699
0.5
0
0.225
1.32
0
0.4
1.11055
0.0522683
-0.589874
-0.816324
-0.769297
-0.572599
-1.1427
-0.097502
-1.3204
0.143296
1.02746
2.18446
1.03463
2.68441
0.466867
0.123507
0.749458
0.0866186
0.110505
-0.40479
-0.0123476
-0.24505
-0.0737734
-0.165181
-0.196625
-0.00543994
-0.442327
0.314035
-0.56518
0.473772
-0.626607
0.55364
-0.749458
0.713379
-0.110503
1.20479
1.055
2.42
0.378021
2
0.665
1.84
0.371214
1.5
0.175
1.41
0.383275
1.2
0.0172007
0.394162
0.754255
1
-0.371145
-0.489216
0.45793
0.5
-0.938106
0.231449
0.471699
0.5
0
0.405
1.27
0
0.4
1.00411
-0.18882
-0.848618
-0.652707
-0.968641
-0.374792
-1.22565
0.172275
-1.34465
0.446949
1.40295
1.90795
1.44093
2.40651
0.392795
0.0254631
0.659913
-0.0740824
-0.0734066
-0.409231
-0.157194
-0.225898
-0.199087
-0.134234
-0.282873
0.0490989
-0.450445
0.415756
-0.534233
0.599086
-0.576127
0.69075
-0.659913
0.87408
0.0734082
1.20923
1.435
2.15
0.378021
2
0.975
1.66
0.361248
1.5
0.348402
1.3349
0.388188
1.2
0.0154504
0.39044
0.754255
1
-0.561831
-0.383125
0.45793
0.5
-0.952225
0.446835
0.471699
0.5
0
0.585
1.2
0
0.4
0.846214
-0.39972
-1.06386
-0.435145
-1.11833
-0.137285
-1.24578
0.453712
-1.29998
0.748182
1.70652
1.55417
1.82273
2.04048
0.298596
-0.0533805
0.53655
-0.210478
-0.253548
-0.372196
-0.293977
-0.174669
-0.314192
-0.0759073
-0.354619
0.121619
-0.435476
0.516666
-0.475907
0.71419
-0.496123
0.812952
-0.536551
1.01048
0.253549
1.17219
1.695
1.71
0.406079
2
1.14925
1.37095
0.328024
1.5
0.549834
1.23283
0.343984
1.2
0.0129083
0.387207
0.754255
1
-0.723712
-0.236902
0.45793
0.5
-0.91754
0.659811
0.471699
0.5
0
0.771068
1.03675
0
0.4
0.596098
-0.600636
-1.25182
-0.113344
-1.22294
0.188184
-1.18428
0.791749
-1.15606
1.08994
1.9574
1.04495
2.12624
1.51558
0.163611
-0.117839
0.349735
-0.333984
-0.454798
-0.27395
-0.439788
-0.0728149
-0.432284
0.0277514
-0.417273
0.228886
-0.387256
0.631149
-0.372249
0.832283
-0.364746
0.932849
-0.349736
1.13398
0.454798
1.07395
2.005
1.24
0.40025
2
1.37107
1.02074
0.328024
1.5
0.756495
1.05143
0.343984
1.2
0.00893084
0.384164
0.754255
1
-0.870352
-0.015404
0.45793
0.5
-0.812119
0.900499
0.471699
0.5
0
0.885
0.84
0
0.4
0.320942
-0.719947
-1.34173
0.223237
-1.2368
0.50747
-1.04527
1.0813
-0.941827
1.36248
2.05771
0.523845
2.27344
0.974914
0.0259811
-0.142585
0.150782
-0.399151
-0.611949
-0.13563
-0.546067
0.055055
-0.513127
0.150396
-0.447244
0.34108
-0.315483
0.722442
-0.249604
0.913126
-0.216666
1.00847
-0.150783
1.19915
0.611949
0.935629
2.08758
0.665924
0.418117
2
1.48449
0.650171
0.328024
1.5
0.89797
0.836807
0.343984
1.2
0.00459291
0.382405
0.754255
1
-0.947804
0.220535
0.45793
0.5
-0.657581
1.09143
0.471699
0.5
0
0.973417
0.629039
0
0.4
-0.00319732
-0.765371
-1.33836
0.603432
-1.15846
0.847339
-0.814793
1.34542
-0.637178
1.5868
2.01158
-0.0534623
2.33364
0.329001
-0.125984
-0.128563
-0.0774476
-0.4098
-0.736995
0.0555925
-0.620645
0.220481
-0.562471
0.302924
-0.44612
0.467811
-0.213424
0.797582
-0.0970765
0.962471
-0.0389036
1.04492
0.077447
1.2098
0.736995
0.744407
2.135
0.07
0.403113
2
1.49595
0.227387
0.328024
1.5
0.984321
0.569884
0.343984
1.2
-0.000481998
0.381816
0.754255
1
-0.960611
0.491244
0.45793
0.5
-0.43947
1.24729
0.471699
0.5
0
0.977139
0.187401
0
0.4
-0.53625
-0.635364
-1.09762
1.19358
-0.825927
1.32824
-0.29219
1.61408
-0.0236809
1.74754
1.58214
-0.924168
2.04373
-0.731302
-0.354018
-0.0125967
-0.439561
-0.285028
-0.813342
0.430914
-0.634354
0.52436
-0.544862
0.571082
-0.365873
0.664526
-0.00790419
0.851414
0.171082
0.944863
0.260574
0.991587
0.439562
1.08503
0.813342
0.369085
1.755
-0.85
0.37054
2
1.25193
-0.438287
0.328024
1.5
0.953506
0.100608
0.343984
1.2
-0.00875183
0.384042
0.754255
1
-0.81289
0.920863
0.45793
0.5
-0.00317721
1.35499
0.471699
0.5
0
0.862185
-0.106594
0
0.4
-0.872033
-0.374947
-0.740871
1.53473
-0.438805
1.56313
0.162225
1.63883
0.460883
1.66726
1.00329
-1.40403
1.5036
-1.38932
-0.478585
0.141476
-0.656141
-0.0823477
-0.748682
0.720407
-0.547991
0.743541
-0.447647
0.755108
-0.246956
0.778242
0.154419
0.82451
0.355109
0.847649
0.455453
0.859219
0.656144
0.882351
0.748681
0.0795929
1.14449
-1.36944
0.410618
2
0.86899
-0.831799
0.328024
1.5
0.78338
-0.221437
0.343984
1.2
-0.013895
0.388231
0.754255
1
-0.572644
1.17792
0.45793
0.5
0.339332
1.29322
0.471699
0.5
0
