81
10
9
11
6
0
-1
0
0.4
-0.945508
-0.263298
-0.6
1.6
-0.299699
1.59369
0.3
1.6
0.604107
1.5932
0.695562
-1.49999
1.19556
-1.5
-0.5
0.2
-0.7
0
-0.7
0.8
-0.5
0.8
-0.4
0.8
-0.2
0.8
0.2
0.8
0.4
0.8
0.5
0.8
0.7
0.8
0.7
0
0.925
-1.47
0.378021
2
0.715
-0.91
0.328024
1.5
0.7
-0.3
0.343984
1.2
-0.015
0.39
0.754255
1
-0.475
1.23
0.45793
0.5
0.435
1.24
0.471699
0.5
0
-0.225644
-0.57421
0
0.4
-1.0868
0.00750822
-0.295
1.63
-0.015
1.55
0.575
1.41
0.875
1.31
0.235
-1.51
0.564795
-1.88581
-0.535186
0.338004
-0.780724
0.197347
-0.570961
0.969739
-0.377863
0.917298
-0.281314
0.891078
-0.0882165
0.838637
0.29798
0.733755
0.491078
0.681314
0.587627
0.655094
0.780724
0.602653
0.570961
-0.169738
0.402757
-1.648
0.378021
2
0.346838
-1.05227
0.328024
1.5
0.4923
-0.459386
0.343984
1.2
-0.0171044
0.394278
0.754255
1
-0.240978
1.3259
0.45793
0.5
0.64024
1.09695
0.471699
0.5
0
-0.553608
-0.432778
0
0.4
-1.15421
0.463378
0.115
1.55
0.365
1.37
0.845
0.98
1.065
0.79
-0.395
-1.27
-0.466828
-1.76481
-0.517067
0.552104
-0.798155
0.518555
-0.303077
1.14783
-0.145758
1.02406
-0.0670991
0.962178
0.0902197
0.838408
0.404858
0.590868
0.562177
0.467099
0.640836
0.405214
0.798155
0.281445
0.303078
-0.347831
-0.455
-1.51
0.378021
2
-0.175
-0.91
0.328024
1.5
0.225
-0.41
0.343984
1.2
-0.0179874
0.401417
0.754255
1
0.145
1.25
0.45793
0.5
0.785
0.72
0.471699
0.5
0
-0.787116
-0.216805
0
0.4
-1.05289
0.878363
0.365
1.33
0.545
1.1
0.855
0.54
0.995
0.31
-0.835
-0.86
-1.235
-1.09
-0.426734
0.729617
-0.700941
0.800453
-0.0108548
1.2072
0.0908302
1.03468
0.141673
0.948416
0.243357
0.775892
0.446727
0.430849
0.548413
0.258328
0.599256
0.172067
0.700941
-0.000453264
0.0108561
-0.407195
-0.995
-0.94
0.378021
2
-0.515
-0.71
0.328024
1.5
-0.075
-0.36
0.343984
1.2
-0.0162524
0.407855
0.754255
1
0.255
1.03
0.45793
0.5
0.665
0.3
0.471699
0.5
0
-0.947301
0.0796565
0
0.4
-0.777586
1.25675
0.565
1.09
0.675
0.78
0.755
0.22
0.775
-0.09
-0.945
-0.43
-1.375
-0.28
-0.261354
0.871929
-0.485165
1.04569
0.30997
1.1458
0.334998
0.947018
0.347512
0.847626
0.372538
0.64884
0.422595
0.251273
0.447623
0.05249
0.460137
-0.0469019
0.485166
-0.245685
-0.309967
-0.345798
-1.115
-0.4
0.378021
2
-0.695
-0.36
0.328024
1.5
-0.285
-0.19
0.343984
1.2
-0.0118161
0.413658
0.754255
1
0.365
0.85
0.45793
0.5
0.465
0.18
0.471699
0.5
0
-0.885
0.47
0
0.4
-0.413754
1.44839
0.775
0.79
0.675
0.49
0.525
-0.08
0.405
-0.36
-1.025
-0.01
-1.27406
0.423553
-0.033681
0.938615
-0.161377
1.19167
0.600124
0.940959
0.537446
0.750583
0.506108
0.655396
0.443427
0.46502
0.318071
0.0842701
0.255394
-0.106104
0.224055
-0.201292
0.161378
-0.391666
-0.600121
-0.140956
-1.095
0.17
0.378021
2
-0.715
-0.05
0.328024
1.5
-0.475
0
0.343984
1.2
-0.0048177
0.417412
0.754255
1
0.485
0.66
0.45793
0.5
0.225
-0.04
0.471699
0.5
0
-0.765
0.88
0
0.4
0.0342091
1.43904
0.825
0.37
0.565
0.17
0.135
-0.23
-0.115
-0.42
-0.995
0.48
-0.835
0.93
0.246286
0.880484
0.265773
1.1634
0.792628
0.558598
0.641428
0.426884
0.565829
0.361027
0.414626
0.229314
0.112226
-0.0341121
-0.0389725
-0.165825
-0.114572
-0.231681
-0.265771
-0.363394
-0.792624
0.241403
-0.845
0.7
0.378021
2
-0.775
0.39
0.328024
1.5
-0.355
0.43
0.343984
1.2
0.00475454
0.417438
0.754255
1
0.465
0.42
0.45793
0.5
-0.095
-0.09
0.471699
0.5
0
-0.535
1.08
0
0.4
0.418897
1.35186
0.715
0.1
0.435
0.01
-0.135
-0.19
-0.395
-0.27
-0.855
0.76
-0.458061
1.06404
0.407667
0.754299
0.53117
1.00968
0.794938
0.251908
0.605495
0.185967
0.510773
0.152995
0.321327
0.0870553
-0.0575604
-0.0448278
-0.247003
-0.11077
-0.341725
-0.14374
-0.531167
-0.209681
-0.794933
0.548091
-0.655
0.84
0.378021
2
-0.765
0.64
0.328024
1.5
-0.445
0.43
0.343984
1.2
0.0109114
0.414418
0.754255
1
0.485
0.29
0.45793
0.5
-0.225
0.04
0.471699
0.5
0
-0.405
1.22
0
0.4
0.634237
1.22475
0.623018
-0.0621726
0.329501
-0.0827579
-0.272025
-0.140972
-0.543724
-0.156617
-0.745
0.85
-0.259929
0.971268
0.480654
0.646879
0.661617
0.865507
0.73695
0.0663254
0.537155
0.0474925
0.437258
0.0380751
0.237461
0.0192443
-0.162128
-0.0184218
-0.361923
-0.0372556
-0.461819
-0.0466712
-0.661614
-0.0655044
-0.736946
0.733672
-0.495
0.89
0.378021
2
-0.655
0.7
0.328024
1.5
-0.405
0.55
0.343984
1.2
0.0140431
0.411402
0.754255
1
0.365
0.18
0.45793
0.5
-0.285
0.13
0.471699
0.5
0
-0.365
1.32
0
0.4
0.703526
1.16418
0.579075
-0.116552
0.284799
-0.110629
-0.319725
-0.114458
-0.591819
-0.105577
-0.701698
0.915409
-0.201701
0.917296
0.501092
0.602674
0.701068
0.804191
0.704153
0.00120735
0.503407
0.000436187
0.403035
5.00381e-05
0.202288
-0.000718743
-0.199203
-0.00226068
-0.399948
-0.00303283
-0.500319
-0.00341737
-0.701064
-0.00418863
-0.704149
0.79879
-0.455
0.88
0.378021
2
-0.665
0.76
0.328024
1.5
-0.375
0.56
0.343984
1.2
0.0150175
0.410095
0.754255
1
0.385
0.14
0.45793
0.5
-0.325
0.13
0.471699
0.5
0
0.424911
1.91085
0.035
0.99
0.732046
1.75343
0.642738
0.458462
0.3416
0.448182
-0.260694
0.4477
-0.551785
0.427391
-0.673209
1.63188
-0.271679
1.6322
0.536751
1.19117
0.737354
1.39209
0.737996
0.589033
0.537233
0.588873
0.43685
0.588792
0.236086
0.588632
-0.165444
0.58831
-0.366208
0.58815
-0.466591
0.588069
-0.667354
0.58791
-0.667995
1.39097
-0.515
1.55
0.378021
2
0.075
1.16
0.328024
1.5
-0.015
1.07
0.343984
1.2
0.0500498
1.00005
0.754255
1
0.315
0.62
0.45793
0.5
-0.285
0.67
0.471699
0.5
1
0.075
1.14
1
0.287348
-0.957826
2
0.5
0.8
0
0.424911
1.91085
0.035
0.99
0.732046
1.75343
0.642738
0.458462
0.3416
0.448182
-0.260694
0.4477
-0.551785
0.427391
-0.673209
1.63188
-0.271679
1.6322
0.536751
1.19117
0.737354
1.39209
0.737996
0.589033
0.537233
0.588873
0.43685
0.588792
0.236086
0.588632
-0.165444
0.58831
-0.366208
0.58815
-0.466591
0.588069
-0.667354
0.58791
-0.667995
1.39097
-0.515
1.58
0.378021
2
0.325
1.13
0.328024
1.5
0.185
1.11
0.343984
1.2
0.0500498
1.00005
0.754255
1
0.315
0.63
0.45793
0.5
-0.275
0.67
0.471699
0.5
1
0.045
1.01
1
0.287348
-0.957826
2
0.5
0.8
0
0.115
1.83
0.065
0.97
0.443162
1.93255
0.822898
0.690778
0.545236
0.573466
-0.0172884
0.357592
-0.281978
0.234504
-0.82623
1.31637
-0.451213
1.46029
0.461811
1.33741
0.577362
1.59687
0.865192
0.846836
0.677685
0.774879
0.583931
0.7389
0.396424
0.666943
0.0214072
0.523026
-0.1661
0.451069
-0.259855
0.415089
-0.447362
0.343133
-0.735192
1.09317
-0.645
1.31
0.378021
2
-0.005
1.19
0.328024
1.5
0.215
1.13
0.343984
1.2
0.0754658
0.984772
0.754255
1
0.475
0.8
0.45793
0.5
-0.095
0.58
0.471699
0.5
1
-0.105
0.84
1
0.287348
-0.957826
2
0.5
0.8
0
-0.175
1.72
0.015
0.89
0.0888591
1.9218
0.821894
0.849542
0.591802
0.654698
0.119152
0.280766
-0.0968301
0.0842786
-0.939225
0.95479
-0.624123
1.20408
0.284229
1.35916
0.317137
1.64135
0.815712
1.01115
0.658163
0.886511
0.579388
0.824188
0.421838
0.699544
0.106738
0.450255
-0.0508122
0.325612
-0.129588
0.263289
-0.287137
0.138647
-0.785713
0.76885
-0.725
0.98
0.378021
2
0.105
1.16
0.328024
1.5
0.525
0.87
0.343984
1.2
0.0205847
0.907226
0.754255
1
0.495
0.87
0.45793
0.5
-0.015
0.47
0.471699
0.5
1
-0.105
0.84
1
0.287348
-0.957826
2
0.5
0.8
0
-0.545
1.62
0.025
0.94
-0.392745
1.88644
0.757041
1.28198
0.644907
1.00207
0.402247
0.45034
0.303353
0.175584
-0.848636
0.550556
-0.686861
0.918375
0.0433032
1.48066
-0.0597149
1.74546
0.675922
1.42191
0.595036
1.238
0.554593
1.14605
0.473706
0.962137
0.311933
0.594316
0.231046
0.410407
0.190602
0.318452
0.109715
0.134544
-0.625924
0.458093
-0.695
0.7
0.378021
2
0.045
0.87
0.328024
1.5
-0.025
0.9
0.343984
1.2
0.0218718
0.957837
0.754255
1
0.455
1.15
0.45793
0.5
0.155
0.51
0.471699
0.5
1
-0.105
0.84
1
0.287348
-0.957826
2
0.5
0.8
0
-0.865159
1.42556
0.035
0.99
-0.732516
1.6839
0.565
1.6
0.575783
1.29953
0.579225
0.696713
0.600981
0.405469
-0.603959
0.278021
-0.606253
0.679899
-0.168807
1.4912
-0.370892
1.69099
0.432861
1.69558
0.434008
1.49464
0.434583
1.39417
0.435729
1.19323
0.438024
0.791355
0.439171
0.590417
0.439745
0.489948
0.44089
0.289011
-0.362861
0.284424
-0.515
0.46
0.378021
2
0.085
1
0.328024
1.5
-0.075
0.99
0.343984
1.2
0.0248681
1.00501
0.754255
1
0.325
1.36
0.45793
0.5
0.315
0.66
0.471699
0.5
1
-0.105
0.84
1
0.287348
-0.957826
2
0.5
0.8
0
-0.865159
1.41556
0.035
0.98
-0.732516
1.6739
0.564014
1.59088
0.575783
1.28953
0.579225
0.686713
0.600981
0.395469
-0.603959
0.268021
-0.606253
0.669899
-0.168807
1.4812
-0.370892
1.68099
0.432861
1.68558
0.434008
1.48464
0.434583
1.38417
0.435729
1.18323
0.438024
0.781355
0.439171
0.580417
0.439745
0.479948
0.44089
0.279011
-0.362861
0.274424
-0.525
0.47
0.378021
2
0.265
1.08
0.328024
1.5
0.015
1.01
0.343984
1.2
0.0248681
0.99501
0.754255
1
0.385
1.3
0.45793
0.5
0.335
0.67
0.471699
0.5
1
-0.105
0.84
1
0.287348
-0.957826
2
0.5
0.8
0
-0.895
1.05
0.035
1.04
-0.966759
1.30069
0.22184
1.82656
0.371625
1.56466
0.653423
1.03146
0.807396
0.783148
-0.202628
0.112916
-0.390493
0.468378
-0.377562
1.3904
-0.649224
1.47419
0.0616985
1.84992
0.155631
1.67219
0.202599
1.58333
0.29653
1.40559
0.484394
1.05013
0.578326
0.872402
0.625293
0.783537
0.719222
0.605806
0.00829993
0.23008
-0.235
0.3
0.378021
2
0.165
1.11
0.328024
1.5
-0.025
1.07
0.343984
1.2
0.0190708
1.04863
0.754255
1
0.105
1.51
0.45793
0.5
0.425
0.95
0.471699
0.5
1
-0.105
0.84
1
0.287348
-0.957826
2
0.5
0.8
0
-0.715
0.75
0.035
1.05
-0.989048
0.896594
-0.101871
1.84705
0.13876
1.66488
0.607357
1.28492
0.846508
1.11689
0.180308
0.103712
-0.132089
0.35702
-0.482151
1.21044
-0.765002
1.18089
-0.258389
1.80568
-0.102189
1.67903
-0.0240884
1.6157
0.132111
1.48905
0.444506
1.23574
0.600705
1.10909
0.678803
1.04576
0.835
0.919109
0.328386
0.294318
0.095
0.3
0.378021
2
0.125
0.94
0.328024
1.5
-0.025
0.89
0.343984
1.2
0.0169554
1.05169
0.754255
1
-0.025
1.5
0.45793
0.5
0.485
1.04
0.471699
0.5
1
-0.105
0.84
1
0.287348
-0.957826
2
0.5
0.8
0
-0.845
0.49
-0.035
1.04
-0.98988
0.638145
-0.364714
1.7789
-0.0863964
1.66177
0.461823
1.40923
0.735209
1.30545
0.339784
0.158505
-0.025695
0.326864
-0.576028
1.06771
-0.842944
0.969147
-0.506231
1.7001
-0.32349
1.61592
-0.232119
1.57383
-0.0493795
1.48965
0.316097
1.3213
0.498836
1.23712
0.590205
1.19503
0.772942
1.11085
0.436227
0.379899
0.175
0.25
0.378021
2
-0.185
0.97
0.328024
1.5
0.035
0.82
0.343984
1.2
-0.0529111
1.03718
0.754255
1
-0.295
1.45
0.45793
0.5
0.385
1.23
0.471699
0.5
1
-0.105
0.84
1
0.287348
-0.957826
2
0.5
0.8
0
-0.585
0.38
-0.095
1.11
-0.791344
0.342039
-0.706268
1.64092
-0.404327
1.65227
0.199643
1.65483
0.491472
1.6762
0.617399
0.468782
0.214753
0.467072
-0.597453
0.906539
-0.797919
0.704362
-0.80134
1.50965
-0.600016
1.51051
-0.499354
1.51094
-0.29803
1.51179
0.104613
1.5135
0.305936
1.51436
0.406596
1.51478
0.607918
1.51564
0.611336
0.710349
0.445
0.58
0.378021
2
-0.075
0.96
0.328024
1.5
-0.385
1.01
0.343984
1.2
-0.110053
1.09987
0.754255
1
-0.545
1.42
0.45793
0.5
0.295
1.39
0.471699
0.5
1
-0.105
0.84
1
0.287348
-0.957826
2
0.5
0.8
0
-0.0049005
0.080049
0.005
1.08
-0.691183
0.318781
-0.600998
1.6109
-0.300496
1.62091
0.300508
1.6209
0.60602
1.65094
0.711162
0.438911
0.310494
0.43892
-0.495842
0.879678
-0.696182
0.679349
-0.696162
1.48069
-0.495827
1.48068
-0.39566
1.48068
-0.195324
1.48067
0.205346
1.48066
0.405681
1.48066
0.505848
1.48066
0.706183
1.48065
0.706162
0.679312
0.535
0.51
0.378021
2
0.565
0.68
0.328024
1.5
0.435
0.86
0.343984
1.2
-0.005
1.05
0.754255
1
-0.485
1.53
0.335719
0.5
0.465
1.46
0.364006
0.5
1
-0.105
0.84
1
0.287348
-0.957826
2
0.5
0.8
0
0.275
0.0599999
0.065
0.96
-0.389903
0.035674
-0.664333
1.29978
-0.378999
1.39331
0.197263
1.56116
0.485
1.69
0.921149
0.542545
0.536974
0.430644
-0.359268
0.628037
-0.495406
0.379999
-0.719207
1.14835
-0.527119
1.2043
-0.431076
1.23227
-0.238988
1.28822
0.145187
1.40013
0.337274
1.45608
0.433318
1.48405
0.625406
1.54
0.849207
0.771651
0.735
0.52
0.378021
2
0.335
0.86
0.328024
1.5
0.395
0.8
0.343984
1.2
0.0533909
0.946199
0.754255
1
-0.435
1.22
0.45793
0.5
0.375
1.4
0.471699
0.5
1
-0.105
0.84
1
0.287348
-0.957826
2
0.5
0.8
0
0.535
0.02
0.095
0.89
-0.0828299
-0.125073
-0.700568
1.01192
-0.452777
1.18169
0.0535597
1.50434
0.287535
1.67717
1.03411
0.729026
0.696553
0.513923
-0.219396
0.452342
-0.280624
0.176012
-0.71083
0.851128
-0.542051
0.95868
-0.457661
1.01246
-0.288882
1.12001
0.048676
1.33511
0.217455
1.44266
0.301845
1.49644
0.470624
1.60399
0.90083
0.928872
0.825
0.72
0.378021
2
0.185
0.93
0.328024
1.5
0.115
0.84
0.343984
1.2
0.0877192
0.873495
0.754255
1
-0.415
0.96
0.45793
0.5
0.205
1.32
0.471699
0.5
1
-0.105
0.84
1
0.287348
-0.957826
2
0.5
0.8
0
0.865869
0.255305
0.085
0.88
0.360197
-0.113558
-0.68621
0.648541
-0.535212
0.908342
-0.216248
1.41731
-0.0679065
1.67287
1.00268
1.13781
0.79004
0.798498
-0.011147
0.349538
0.0521881
0.0735614
-0.626437
0.498846
-0.520115
0.668503
-0.466955
0.75333
-0.360634
0.922987
-0.147991
1.2623
-0.0416696
1.43195
0.0114907
1.51678
0.117812
1.68644
0.796437
1.26115
0.845
1.02
0.378021
2
0.125
0.74
0.328024
1.5
-0.045
0.66
0.343984
1.2
0.0855085
0.86196
0.754255
1
-0.375
0.71
0.45793
0.5
0.005
1.31
0.471699
0.5
1
-0.105
0.84
1
0.287348
-0.957826
2
0.5
0.8
0
1.01072
0.770962
0.035
0.99
0.79622
0.293267
-0.496331
0.383991
-0.506226
0.684606
-0.505974
1.28583
-0.525894
1.57642
0.676597
1.69617
0.67643
1.29535
0.235198
0.488899
0.435521
0.288408
-0.366107
0.288744
-0.366023
0.48915
-0.365982
0.589354
-0.365897
0.78976
-0.36573
1.19058
-0.365646
1.39098
-0.365605
1.49119
-0.36552
1.69159
0.436107
1.69126
0.565
1.51
0.378021
2
0.185
0.85
0.328024
1.5
0.155
0.94
0.343984
1.2
0.0450137
0.974965
0.754255
1
-0.275
0.65
0.45793
0.5
-0.205
1.31
0.471699
0.5
1
-0.105
0.84
1
0.287348
-0.957826
2
0.5
0.8
0
1.01072
0.770962
0.035
0.99
0.79622
0.293267
-0.496331
0.383991
-0.506226
0.684606
-0.505974
1.28583
-0.525894
1.57642
0.676597
1.69617
0.67643
1.29535
0.235198
0.488899
0.435521
0.288408
-0.366107
0.288744
-0.366023
0.48915
-0.365982
0.589354
-0.365897
0.78976
-0.36573
1.19058
-0.365646
1.39098
-0.365605
1.49119
-0.36552
1.69159
0.436107
1.69126
0.575
1.52
0.378021
2
0.095
0.88
0.328024
1.5
0.065
0.96
0.343984
1.2
0.0450137
0.974965
0.754255
1
-0.225
0.63
0.45793
0.5
-0.275
1.28
0.471699
0.5
1
-0.105
0.84
1
0.287348
-0.957826
2
0.5
0.8
0
0.995
1.09
0.085
0.93
1.07514
0.637563
-0.126825
0.151989
-0.267625
0.417935
-0.531204
0.958618
-0.676619
1.21115
0.352018
1.84645
0.52774
1.48599
0.484875
0.567294
0.752961
0.474926
0.0320543
0.12349
-0.0558043
0.303716
-0.0997347
0.393829
-0.187593
0.574055
-0.363314
0.934513
-0.45117
1.11473
-0.495103
1.20485
-0.582958
1.38507
0.137944
1.73651
0.325
1.67
0.378021
2
0.045
0.56
0.328024
1.5
0.225
0.83
0.343984
1.2
0.100601
0.920876
0.754255
1
-0.035
0.48
0.45793
0.5
-0.295
1.12
0.471699
0.5
1
-0.105
0.84
1
0.287348
-0.957826
2
0.5
0.8
0
0.978402
1.32706
0.065
0.92
1.0976
0.906014
0.071307
0.113483
-0.136178
0.331541
-0.536167
0.780994
-0.744471
0.984889
0.0744253
1.87476
0.341088
1.57512
0.54814
0.678788
0.831286
0.6623
0.232018
0.128984
0.0986897
0.2788
0.0320243
0.353708
-0.101303
0.503525
-0.367966
0.803163
-0.50129
0.952974
-0.56796
1.02789
-0.701283
1.1777
-0.102021
1.71102
0.105
1.67
0.378021
2
0.095
0.64
0.328024
1.5
0.015
0.72
0.343984
1.2
0.0824905
0.91543
0.754255
1
0.025
0.44
0.45793
0.5
-0.345
0.95
0.471699
0.5
1
-0.105
0.84
1
0.287348
-0.957826
2
0.5
0.8
0
0.685
1.65
0.035
0.99
1.00218
1.35359
0.335039
0.240865
0.0621917
0.368354
-0.47441
0.641222
-0.742854
0.755216
-0.30445
1.88299
0.0532886
1.70108
0.573121
0.941478
0.842943
1.02939
0.479121
0.313924
0.300255
0.40488
0.210822
0.450356
0.0319566
0.541313
-0.325782
0.723225
-0.504641
0.814178
-0.594082
0.859658
-0.772941
0.950611
-0.409125
1.66608
-0.205
1.75
0.378021
2
0.095
0.64
0.328024
1.5
-0.105
0.86
0.343984
1.2
0.0529628
0.992121
0.754255
1
0.145
0.55
0.45793
0.5
-0.375
0.76
0.471699
0.5
1
-0.105
0.84
1
0.287348
-0.957826
2
0.5
0.8
0
0.424911
1.91085
0.035
0.99
0.732046
1.75343
0.642738
0.458462
0.3416
0.448182
-0.260694
0.4477
-0.551785
0.427391
-0.673209
1.63188
-0.271679
1.6322
0.536751
1.19117
0.737354
1.39209
0.737996
0.589033
0.537233
0.588873
0.43685
0.588792
0.236086
0.588632
-0.165444
0.58831
-0.366208
0.58815
-0.466591
0.588069
-0.667354
0.58791
-0.667995
1.39097
-0.515
1.55
0.378021
2
0.075
1.16
0.328024
1.5
-0.015
1.07
0.343984
1.2
0.0500498
1.00005
0.754255
1
0.315
0.62
0.45793
0.5
-0.285
0.67
0.471699
0.5
1
-0.105
0.84
1
0.287348
-0.957826
2
0.5
0.8
0
0.424911
1.91085
0.035
0.99
0.732046
1.75343
0.642738
0.458462
0.3416
0.448182
-0.260694
0.4477
-0.551785
0.427391
-0.673209
1.63188
-0.271679
1.6322
0.536751
1.19117
0.737354
1.39209
0.737996
0.589033
0.537233
0.588873
0.43685
0.588792
0.236086
0.588632
-0.165444
0.58831
-0.366208
0.58815
-0.466591
0.588069
-0.667354
0.58791
-0.667995
1.39097
-0.515
1.58
0.378021
2
0.325
1.13
0.328024
1.5
0.185
1.11
0.343984
1.2
0.0500498
1.00005
0.754255
1
0.315
0.63
0.45793
0.5
-0.275
0.67
0.471699
0.5
1
-0.105
0.84
1
0.287348
-0.957826
2
0.5
0.8
0
0.115
1.83
0.065
0.97
0.443162
1.93255
0.822898
0.690778
0.545236
0.573466
-0.0172884
0.357592
-0.281978
0.234504
-0.82623
1.31637
-0.451213
1.46029
0.461811
1.33741
0.577362
1.59687
0.865192
0.846836
0.677685
0.774879
0.583931
0.7389
0.396424
0.666943
0.0214072
0.523026
-0.1661
0.451069
-0.259855
0.415089
-0.447362
0.343133
-0.735192
1.09317
-0.645
1.31
0.378021
2
-0.005
1.19
0.328024
1.5
0.215
1.13
0.343984
1.2
0.0754658
0.984772
0.754255
1
0.475
0.8
0.45793
0.5
-0.095
0.58
0.471699
0.5
1
-0.105
0.84
1
0.287348
-0.957826
2
0.5
0.8
0
-0.175
1.72
0.015
0.89
0.0888591
1.9218
0.821894
0.849542
0.591802
0.654698
0.119152
0.280766
-0.0968301
0.0842786
-0.939225
0.95479
-0.624123
1.20408
0.284229
1.35916
0.317137
1.64135
0.815712
1.01115
0.658163
0.886511
0.579388
0.824188
0.421838
0.699544
0.106738
0.450255
-0.0508122
0.325612
-0.129588
0.263289
-0.287137
0.138647
-0.785713
0.76885
-0.725
0.98
0.378021
2
0.105
1.16
0.328024
1.5
0.525
0.87
0.343984
1.2
0.0205847
0.907226
0.754255
1
0.495
0.87
0.45793
0.5
-0.015
0.47
0.471699
0.5
1
-0.105
0.84
1
0.287348
-0.957826
2
0.5
0.8
0
-0.545
1.62
0.025
0.94
-0.392745
1.88644
0.757041
1.28198
0.644907
1.00207
0.402247
0.45034
0.303353
0.175584
-0.848636
0.550556
-0.686861
0.918375
0.0433032
1.48066
-0.0597149
1.74546
0.675922
1.42191
0.595036
1.238
0.554593
1.14605
0.473706
0.962137
0.311933
0.594316
0.231046
0.410407
0.190602
0.318452
0.109715
0.134544
-0.625924
0.458093
-0.695
0.7
0.378021
2
0.045
0.87
0.328024
1.5
-0.025
0.9
0.343984
1.2
0.0218718
0.957837
0.754255
1
0.455
1.15
0.45793
0.5
0.155
0.51
0.471699
0.5
1
-0.105
0.84
1
0.287348
-0.957826
2
0.5
0.8
0
-0.865159
1.42556
0.035
0.99
-0.732516
1.6839
0.564014
1.60088
0.575783
1.29953
0.579225
0.696713
0.600981
0.405469
-0.603959
0.278021
-0.606253
0.679899
-0.168807
1.4912
-0.370892
1.69099
0.432861
1.69558
0.434008
1.49464
0.434583
1.39417
0.435729
1.19323
0.438024
0.791355
0.439171
0.590417
0.439745
0.489948
0.44089
0.289011
-0.362861
0.284424
-0.515
0.46
0.378021
2
0.085
1
0.328024
1.5
-0.075
0.99
0.343984
1.2
0.0248681
1.00501
0.754255
1
0.325
1.36
0.45793
0.5
0.315
0.66
0.471699
0.5
1
-0.105
0.84
1
0.287348
-0.957826
2
0.5
0.8
0
-0.865159
1.42556
0.035
0.99
-0.732516
1.6839
0.564014
1.60088
0.575783
1.29953
0.579225
0.696713
0.600981
0.405469
-0.603959
0.278021
-0.606253
0.679899
-0.168807
1.4912
-0.370892
1.69099
0.432861
1.69558
0.434008
1.49464
0.434583
1.39417
0.435729
1.19323
0.438024
0.791355
0.439171
0.590417
0.439745
0.489948
0.44089
0.289011
-0.362861
0.284424
-0.525
0.48
0.378021
2
0.265
1.09
0.328024
1.5
0.015
1.02
0.343984
1.2
0.0248681
1.00501
0.754255
1
0.385
1.31
0.45793
0.5
0.335
0.68
0.471699
0.5
1
-0.105
0.84
1
0.287348
-0.957826
2
0.5
0.8
0
-0.895
1.05
0.035
1.04
-0.966759
1.30069
0.22184
1.82656
0.371625
1.56466
0.653423
1.03146
0.807396
0.783148
-0.202628
0.112916
-0.390493
0.468378
-0.377562
1.3904
-0.649224
1.47419
0.0616985
1.84992
0.155631
1.67219
0.202599
1.58333
0.29653
1.40559
0.484394
1.05013
0.578326
0.872402
0.625293
0.783537
0.719222
0.605806
0.00829993
0.23008
-0.235
0.3
0.378021
2
0.165
1.11
0.328024
1.5
-0.025
1.07
0.343984
1.2
0.0190708
1.04863
0.754255
1
0.105
1.51
0.45793
0.5
0.425
0.95
0.471699
0.5
1
-0.105
0.84
1
0.287348
-0.957826
2
0.5
0.8
0
-0.715
0.75
0.035
1.05
-0.989048
0.896594
-0.101871
1.84705
0.13876
1.66488
0.607357
1.28492
0.846508
1.11689
0.180308
0.103712
-0.132089
0.35702
-0.482151
1.21044
-0.765002
1.18089
-0.258389
1.80568
-0.102189
1.67903
-0.0240884
1.6157
0.132111
1.48905
0.444506
1.23574
0.600705
1.10909
0.678803
1.04576
0.835
0.919109
0.328386
0.294318
0.095
0.3
0.378021
2
0.125
0.94
0.328024
1.5
-0.025
0.89
0.343984
1.2
0.0169554
1.05169
0.754255
1
-0.025
1.5
0.45793
0.5
0.485
1.04
0.471699
0.5
1
-0.105
0.84
1
0.287348
-0.957826
2
0.5
0.8
0
-0.845
0.49
-0.035
1.04
-0.98988
0.638145
-0.364714
1.7789
-0.0863964
1.66177
0.461823
1.40923
0.735209
1.30545
0.339784
0.158505
-0.025695
0.326864
-0.576028
1.06771
-0.842944
0.969147
-0.506231
1.7001
-0.32349
1.61592
-0.232119
1.57383
-0.0493795
1.48965
0.316097
1.3213
0.498836
1.23712
0.590205
1.19503
0.772942
1.11085
0.436227
0.379899
0.175
0.25
0.378021
2
-0.185
0.97
0.328024
1.5
0.035
0.82
0.343984
1.2
-0.0529111
1.03718
0.754255
1
-0.295
1.45
0.45793
0.5
0.385
1.23
0.471699
0.5
1
-0.105
0.84
1
0.287348
-0.957826
2
0.5
0.8
0
-0.585
0.38
-0.095
1.11
-0.791344
0.342039
-0.706268
1.64092
-0.404327
1.65227
0.199643
1.65483
0.491472
1.6762
0.617399
0.468782
0.214753
0.467072
-0.597453
0.906539
-0.797919
0.704362
-0.80134
1.50965
-0.600016
1.51051
-0.499354
1.51094
-0.29803
1.51179
0.104613
1.5135
0.305936
1.51436
0.406596
1.51478
0.607918
1.51564
0.611336
0.710349
0.445
0.58
0.378021
2
-0.075
0.96
0.328024
1.5
-0.385
1.01
0.343984
1.2
-0.110053
1.09987
0.754255
1
-0.545
1.42
0.45793
0.5
0.295
1.39
0.471699
0.5
1
-0.105
0.84
1
0.287348
-0.957826
2
0.5
0.8
0
-0.0049005
0.080049
0.005
1.08
-0.691183
0.318781
-0.600998
1.6109
-0.300496
1.62091
0.300508
1.6209
0.60602
1.65094
0.711162
0.438911
0.310494
0.43892
-0.495842
0.879678
-0.696182
0.679349
-0.696162
1.48069
-0.495827
1.48068
-0.39566
1.48068
-0.195324
1.48067
0.205346
1.48066
0.405681
1.48066
0.505848
1.48066
0.706183
1.48065
0.706162
0.679312
0.535
0.51
0.378021
2
0.565
0.68
0.328024
1.5
0.435
0.86
0.343984
1.2
-0.005
1.05
0.754255
1
-0.485
1.53
0.335719
0.5
0.465
1.46
0.364006
0.5
1
-0.105
0.84
1
0.287348
-0.957826
2
0.5
0.8
0
0.275
0.0599999
0.065
0.96
-0.389903
0.035674
-0.664333
1.29978
-0.378999
1.39331
0.197263
1.56116
0.485
1.69
0.921149
0.542545
0.536974
0.430644
-0.359268
0.628037
-0.495406
0.379999
-0.719207
1.14835
-0.527119
1.2043
-0.431076
1.23227
-0.238988
1.28822
0.145187
1.40013
0.337274
1.45608
0.433318
1.48405
0.625406
1.54
0.849207
0.771651
0.735
0.52
0.378021
2
0.335
0.86
0.328024
1.5
0.395
0.8
0.343984
1.2
0.0533909
0.946199
0.754255
1
-0.435
1.22
0.45793
0.5
0.375
1.4
0.471699
0.5
1
-0.105
0.84
1
0.287348
-0.957826
2
0.5
0.8
0
0.535
0.02
0.095
0.89
-0.0828299
-0.125073
-0.700568
1.01192
-0.452777
1.18169
0.0535597
1.50434
0.287535
1.67717
1.03411
0.729026
0.696553
0.513923
-0.219396
0.452342
-0.280624
0.176012
-0.71083
0.851128
-0.542051
0.95868
-0.457661
1.01246
-0.288882
1.12001
0.048676
1.33511
0.217455
1.44266
0.301845
1.49644
0.470624
1.60399
0.90083
0.928872
0.825
0.72
0.378021
2
0.185
0.93
0.328024
1.5
0.115
0.84
0.343984
1.2
0.0877192
0.873495
0.754255
1
-0.415
0.96
0.45793
0.5
0.205
1.32
0.471699
0.5
1
-0.105
0.84
1
0.287348
-0.957826
2
0.5
0.8
0
0.865869
0.255305
0.085
0.88
0.360197
-0.113558
-0.68621
0.648541
-0.535212
0.908342
-0.216248
1.41731
-0.0679065
1.67287
1.00268
1.13781
0.79004
0.798498
-0.011147
0.349538
0.0521881
0.0735614
-0.626437
0.498846
-0.520115
0.668503
-0.466955
0.75333
-0.360634
0.922987
-0.147991
1.2623
-0.0416696
1.43195
0.0114907
1.51678
0.117812
1.68644
0.796437
1.26115
0.845
1.02
0.378021
2
0.125
0.74
0.328024
1.5
-0.045
0.66
0.343984
1.2
0.0855085
0.86196
0.754255
1
-0.375
0.71
0.45793
0.5
0.005
1.31
0.471699
0.5
1
-0.105
0.84
1
0.287348
-0.957826
2
0.5
0.8
0
1.01072
0.770962
0.035
0.99
0.79622
0.293267
-0.496331
0.383991
-0.506226
0.684606
-0.505974
1.28583
-0.525894
1.57642
0.676597
1.69617
0.67643
1.29535
0.235198
0.488899
0.435521
0.288408
-0.366107
0.288744
-0.366023
0.48915
-0.365982
0.589354
-0.365897
0.78976
-0.36573
1.19058
-0.365646
1.39098
-0.365605
1.49119
-0.36552
1.69159
0.436107
1.69126
0.565
1.51
0.378021
2
0.185
0.85
0.328024
1.5
0.155
0.94
0.343984
1.2
0.0450137
0.974965
0.754255
1
-0.275
0.65
0.45793
0.5
-0.205
1.31
0.471699
0.5
1
-0.105
0.84
1
0.287348
-0.957826
2
0.5
0.8
0
1.01072
0.770962
0.035
0.99
0.79622
0.293267
-0.496331
0.383991
-0.506226
0.684606
-0.505974
1.28583
-0.525894
1.57642
0.676597
1.69617
0.67643
1.29535
0.235198
0.488899
0.435521
0.288408
-0.366107
0.288744
-0.366023
0.48915
-0.365982
0.589354
-0.365897
0.78976
-0.36573
1.19058
-0.365646
1.39098
-0.365605
1.49119
-0.36552
1.69159
0.436107
1.69126
0.575
1.52
0.378021
2
0.095
0.88
0.328024
1.5
0.065
0.96
0.343984
1.2
0.0450137
0.974965
0.754255
1
-0.225
0.63
0.45793
0.5
-0.275
1.28
0.471699
0.5
1
-0.105
0.84
1
0.287348
-0.957826
2
0.5
0.8
0
0.995
1.09
0.085
0.93
1.07514
0.637563
-0.126825
0.151989
-0.267625
0.417935
-0.531204
0.958618
-0.676619
1.21115
0.352018
1.84645
0.52774
1.48599
0.484875
0.567294
0.752961
0.474926
0.0320543
0.12349
-0.0558043
0.303716
-0.0997347
0.393829
-0.187593
0.574055
-0.363314
0.934513
-0.45117
1.11473
-0.495103
1.20485
-0.582958
1.38507
0.137944
1.73651
0.325
1.67
0.378021
2
0.045
0.56
0.328024
1.5
0.225
0.83
0.343984
1.2
0.100601
0.920876
0.754255
1
-0.035
0.48
0.45793
0.5
-0.295
1.12
0.471699
0.5
1
-0.105
0.84
1
0.287348
-0.957826
2
0.5
0.8
0
0.978402
1.32706
0.065
0.92
1.0976
0.906014
0.071307
0.113483
-0.136178
0.331541
-0.536167
0.780994
-0.744471
0.984889
0.0744253
1.87476
0.341088
1.57512
0.54814
0.678788
0.831286
0.6623
0.232018
0.128984
0.0986897
0.2788
0.0320243
0.353708
-0.101303
0.503525
-0.367966
0.803163
-0.50129
0.952974
-0.56796
1.02789
-0.701283
1.1777
-0.102021
1.71102
0.105
1.67
0.378021
2
0.095
0.64
0.328024
1.5
0.015
0.72
0.343984
1.2
0.0824905
0.91543
0.754255
1
0.025
0.44
0.45793
0.5
-0.345
0.95
0.471699
0.5
1
-0.105
0.84
1
0.287348
-0.957826
2
0.5
0.8
0
0.685
1.65
0.035
0.99
1.00218
1.35359
0.335039
0.240865
0.0621917
0.368354
-0.47441
0.641222
-0.742854
0.755216
-0.30445
1.88299
0.0532886
1.70108
0.573121
0.941478
0.842943
1.02939
0.479121
0.313924
0.300255
0.40488
0.210822
0.450356
0.0319566
0.541313
-0.325782
0.723225
-0.504641
0.814178
-0.594082
0.859658
-0.772941
0.950611
-0.409125
1.66608
-0.205
1.75
0.378021
2
0.095
0.64
0.328024
1.5
-0.105
0.86
0.343984
1.2
0.0529628
0.992121
0.754255
1
0.145
0.55
0.45793
0.5
-0.375
0.76
0.471699
0.5
1
-0.105
0.84
1
0.287348
-0.957826
2
0.5
0.8
0
0.424911
1.91085
0.035
0.99
0.732046
1.75343
0.642738
0.458462
0.3416
0.448182
-0.260694
0.4477
-0.551785
0.427391
-0.673209
1.63188
-0.271679
1.6322
0.536751
1.19117
0.737354
1.39209
0.737996
0.589033
0.537233
0.588873
0.43685
0.588792
0.236086
0.588632
-0.165444
0.58831
-0.366208
0.58815
-0.466591
0.588069
-0.667354
0.58791
-0.667995
1.39097
-0.515
1.55
0.378021
2
0.075
1.16
0.328024
1.5
-0.015
1.07
0.343984
1.2
0.0500498
1.00005
0.754255
1
0.315
0.62
0.45793
0.5
-0.285
0.67
0.471699
0.5
1
-0.105
0.84
1
0.287348
-0.957826
2
0.5
0.8
0
0.424911
1.91085
0.035
0.99
0.732046
1.75343
0.642738
0.458462
0.3416
0.448182
-0.260694
0.4477
-0.551785
0.427391
-0.673209
1.63188
-0.271679
1.6322
0.536751
1.19117
0.737354
1.39209
0.737996
0.589033
0.537233
0.588873
0.43685
0.588792
0.236086
0.588632
-0.165444
0.58831
-0.366208
0.58815
-0.466591
0.588069
-0.667354
0.58791
-0.667995
1.39097
-0.515
1.58
0.378021
2
0.325
1.13
0.328024
1.5
0.185
1.11
0.343984
1.2
0.0500498
1.00005
0.754255
1
0.315
0.63
0.45793
0.5
-0.275
0.67
0.471699
0.5
1
-0.105
0.84
1
0.287348
-0.957826
2
0.5
0.8
0
0.115
1.83
0.065
0.97
0.443162
1.93255
0.822898
0.690778
0.545236
0.573466
-0.0172884
0.357592
-0.281978
0.234504
-0.82623
1.31637
-0.451213
1.46029
0.461811
1.33741
0.577362
1.59687
0.865192
0.846836
0.677685
0.774879
0.583931
0.7389
0.396424
0.666943
0.0214072
0.523026
-0.1661
0.451069
-0.259855
0.415089
-0.447362
0.343133
-0.735192
1.09317
-0.645
1.31
0.378021
2
-0.005
1.19
0.328024
1.5
0.215
1.13
0.343984
1.2
0.0754658
0.984772
0.754255
1
0.475
0.8
0.45793
0.5
-0.095
0.58
0.471699
0.5
1
-0.105
0.84
1
0.287348
-0.957826
2
0.5
0.8
0
-0.175
1.72
0.015
0.89
0.0888591
1.9218
0.821894
0.849542
0.591802
0.654698
0.119152
0.280766
-0.0968301
0.0842786
-0.939225
0.95479
-0.624123
1.20408
0.284229
1.35916
0.317137
1.64135
0.815712
1.01115
0.658163
0.886511
0.579388
0.824188
0.421838
0.699544
0.106738
0.450255
-0.0508122
0.325612
-0.129588
0.263289
-0.287137
0.138647
-0.785713
0.76885
-0.725
0.98
0.378021
2
0.105
1.16
0.328024
1.5
0.525
0.87
0.343984
1.2
0.0205847
0.907226
0.754255
1
0.495
0.87
0.45793
0.5
-0.015
0.47
0.471699
0.5
1
-0.105
0.84
1
0.287348
-0.957826
2
0.5
0.8
0
-0.545
1.62
0.025
0.94
-0.392745
1.88644
0.757041
1.28198
0.644907
1.00207
0.402247
0.45034
0.303353
0.175584
-0.848636
0.550556
-0.686861
0.918375
0.0433032
1.48066
-0.0597149
1.74546
0.675922
1.42191
0.595036
1.238
0.554593
1.14605
0.473706
0.962137
0.311933
0.594316
0.231046
0.410407
0.190602
0.318452
0.109715
0.134544
-0.625924
0.458093
-0.695
0.7
0.378021
2
0.045
0.87
0.328024
1.5
-0.025
0.9
0.343984
1.2
0.0218718
0.957837
0.754255
1
0.455
1.15
0.45793
0.5
0.155
0.51
0.471699
0.5
1
-0.105
0.84
1
0.287348
-0.957826
2
0.5
0.8
0
-0.865159
1.42556
0.035
0.99
-0.732516
1.6839
0.564014
1.60088
0.575783
1.29953
0.579225
0.696713
0.600981
0.405469
-0.603959
0.278021
-0.606253
0.679899
-0.168807
1.4912
-0.370892
1.69099
0.432861
1.69558
0.434008
1.49464
0.434583
1.39417
0.435729
1.19323
0.438024
0.791355
0.439171
0.590417
0.439745
0.489948
0.44089
0.289011
-0.362861
0.284424
-0.515
0.46
0.378021
2
0.085
1
0.328024
1.5
-0.075
0.99
0.343984
1.2
0.0248681
1.00501
0.754255
1
0.325
1.36
0.45793
0.5
0.315
0.66
0.471699
0.5
1
-0.105
0.84
1
0.287348
-0.957826
2
0.5
0.8
0
-0.865159
1.42556
0.035
0.99
-0.732516
1.6839
0.564014
1.60088
0.575783
1.29953
0.579225
0.696713
0.600981
0.405469
-0.603959
0.278021
-0.606253
0.679899
-0.168807
1.4912
-0.370892
1.69099
0.432861
1.69558
0.434008
1.49464
0.434583
1.39417
0.435729
1.19323
0.438024
0.791355
0.439171
0.590417
0.439745
0.489948
0.44089
0.289011
-0.362861
0.284424
-0.525
0.48
0.378021
2
0.265
1.09
0.328024
1.5
0.015
1.02
0.343984
1.2
0.0248681
1.00501
0.754255
1
0.385
1.31
0.45793
0.5
0.335
0.68
0.471699
0.5
1
-0.105
0.84
1
0.287348
-0.957826
2
0.5
0.8
0
-0.895
1.05
0.035
1.04
-0.966759
1.30069
0.22184
1.82656
0.371625
1.56466
0.653423
1.03146
0.807396
0.783148
-0.202628
0.112916
-0.390493
0.468378
-0.377562
1.3904
-0.649224
1.47419
0.0616985
1.84992
0.155631
1.67219
0.202599
1.58333
0.29653
1.40559
0.484394
1.05013
0.578326
0.872402
0.625293
0.783537
0.719222
0.605806
0.00829993
0.23008
-0.235
0.3
0.378021
2
0.165
1.11
0.328024
1.5
-0.025
1.07
0.343984
1.2
0.0190708
1.04863
0.754255
1
0.105
1.51
0.45793
0.5
0.425
0.95
0.471699
0.5
1
-0.105
0.84
1
0.287348
-0.957826
2
0.5
0.8
0
-0.715
0.75
0.035
1.05
-0.989048
0.896594
-0.101871
1.84705
0.13876
1.66488
0.607357
1.28492
0.846508
1.11689
0.180308
0.103712
-0.132089
0.35702
-0.482151
1.21044
-0.765002
1.18089
-0.258389
1.80568
-0.102189
1.67903
-0.0240884
1.6157
0.132111
1.48905
0.444506
1.23574
0.600705
1.10909
0.678803
1.04576
0.835
0.919109
0.328386
0.294318
0.095
0.3
0.378021
2
0.125
0.94
0.328024
1.5
-0.025
0.89
0.343984
1.2
0.0169554
1.05169
0.754255
1
-0.025
1.5
0.45793
0.5
0.485
1.04
0.471699
0.5
1
-0.105
0.84
1
0.287348
-0.957826
2
0.5
0.8
0
-0.845
0.49
-0.035
1.04
-0.98988
0.638145
-0.364714
1.7789
-0.0863964
1.66177
0.461823
1.40923
0.735209
1.30545
0.339784
0.158505
-0.025695
0.326864
-0.576028
1.06771
-0.842944
0.969147
-0.506231
1.7001
-0.32349
1.61592
-0.232119
1.57383
-0.0493795
1.48965
0.316097
1.3213
0.498836
1.23712
0.590205
1.19503
0.772942
1.11085
0.436227
0.379899
0.175
0.25
0.378021
2
-0.185
0.97
0.328024
1.5
0.035
0.82
0.343984
1.2
-0.0529111
1.03718
0.754255
1
-0.295
1.45
0.45793
0.5
0.385
1.23
0.471699
0.5
1
-0.105
0.84
1
0.287348
-0.957826
2
0.5
0.8
0
-0.585
0.38
-0.095
1.11
-0.791344
0.342039
-0.706268
1.64092
-0.404327
1.65227
0.199643
1.65483
0.491472
1.6762
0.617399
0.468782
0.214753
0.467072
-0.597453
0.906539
-0.797919
0.704362
-0.80134
1.50965
-0.600016
1.51051
-0.499354
1.51094
-0.29803
1.51179
0.104613
1.5135
0.305936
1.51436
0.406596
1.51478
0.607918
1.51564
0.611336
0.710349
0.445
0.58
0.378021
2
-0.075
0.96
0.328024
1.5
-0.385
1.01
0.343984
1.2
-0.110053
1.09987
0.754255
1
-0.545
1.42
0.45793
0.5
0.295
1.39
0.471699
0.5
1
-0.105
0.84
1
0.287348
-0.957826
2
0.5
0.8
0
-0.0049005
0.080049
0.005
1.08
-0.691183
0.318781
-0.600998
1.6109
-0.300496
1.62091
0.300508
1.6209
0.60602
1.65094
0.711162
0.438911
0.310494
0.43892
-0.495842
0.879678
-0.696182
0.679349
-0.696162
1.48069
-0.495827
1.48068
-0.39566
1.48068
-0.195324
1.48067
0.205346
1.48066
0.405681
1.48066
0.505848
1.48066
0.706183
1.48065
0.706162
0.679312
0.535
0.51
0.378021
2
0.565
0.68
0.328024
1.5
0.435
0.86
0.343984
1.2
-0.005
1.05
0.754255
1
-0.485
1.53
0.335719
0.5
0.465
1.46
0.364006
0.5
1
-0.105
0.84
1
0.287348
-0.957826
2
0.5
0.8
0
0.275
0.0599999
0.065
0.96
-0.389903
0.035674
-0.664333
1.29978
-0.378999
1.39331
0.197263
1.56116
0.485
1.69
0.921149
0.542545
0.536974
0.430644
-0.359268
0.628037
-0.495406
0.379999
-0.719207
1.14835
-0.527119
1.2043
-0.431076
1.23227
-0.238988
1.28822
0.145187
1.40013
0.337274
1.45608
0.433318
1.48405
0.625406
1.54
0.849207
0.771651
0.735
0.52
0.378021
2
0.335
0.86
0.328024
1.5
0.395
0.8
0.343984
1.2
0.0533909
0.946199
0.754255
1
-0.435
1.22
0.45793
0.5
0.375
1.4
0.471699
0.5
1
-0.105
0.84
1
0.287348
-0.957826
2
0.5
0.8
0
0.535
0.02
0.095
0.89
-0.0828299
-0.125073
-0.700568
1.01192
-0.452777
1.18169
0.0535597
1.50434
0.287535
1.67717
1.03411
0.729026
0.696553
0.513923
-0.219396
0.452342
-0.280624
0.176012
-0.71083
0.851128
-0.542051
0.95868
-0.457661
1.01246
-0.288882
1.12001
0.048676
1.33511
0.217455
1.44266
0.301845
1.49644
0.470624
1.60399
0.90083
0.928872
0.825
0.72
0.378021
2
0.185
0.93
0.328024
1.5
0.115
0.84
0.343984
1.2
0.0877192
0.873495
0.754255
1
-0.415
0.96
0.45793
0.5
0.205
1.32
0.471699
0.5
1
-0.105
0.84
1
0.287348
-0.957826
2
0.5
0.8
0
0.865869
0.255305
0.085
0.88
0.360197
-0.113558
-0.68621
0.648541
-0.535212
0.908342
-0.216248
1.41731
-0.0679065
1.67287
1.00268
1.13781
0.79004
0.798498
-0.011147
0.349538
0.0521881
0.0735614
-0.626437
0.498846
-0.520115
0.668503
-0.466955
0.75333
-0.360634
0.922987
-0.147991
1.2623
-0.0416696
1.43195
0.0114907
1.51678
0.117812
1.68644
0.796437
1.26115
0.845
1.02
0.378021
2
0.125
0.74
0.328024
1.5
-0.045
0.66
0.343984
1.2
0.0855085
0.86196
0.754255
1
-0.375
0.71
0.45793
0.5
0.005
1.31
0.471699
0.5
1
-0.105
0.84
1
0.287348
-0.957826
2
0.5
0.8
0
1.01072
0.770962
0.035
0.99
0.79622
0.293267
-0.496331
0.383991
-0.506226
0.684606
-0.505974
1.28583
-0.525894
1.57642
0.676597
1.69617
0.67643
1.29535
0.235198
0.488899
0.435521
0.288408
-0.366107
0.288744
-0.366023
0.48915
-0.365982
0.589354
-0.365897
0.78976
-0.36573
1.19058
-0.365646
1.39098
-0.365605
1.49119
-0.36552
1.69159
0.436107
1.69126
0.565
1.51
0.378021
2
0.185
0.85
0.328024
1.5
0.155
0.94
0.343984
1.2
0.0450137
0.974965
0.754255
1
-0.275
0.65
0.45793
0.5
-0.205
1.31
0.471699
0.5
1
-0.105
0.84
1
0.287348
-0.957826
2
0.5
0.8
0
1.01072
0.770962
0.035
0.99
0.79622
0.293267
-0.496331
0.383991
-0.506226
0.684606
-0.505974
1.28583
-0.525894
1.57642
0.676597
1.69617
0.67643
1.29535
0.235198
0.488899
0.435521
0.288408
-0.366107
0.288744
-0.366023
0.48915
-0.365982
0.589354
-0.365897
0.78976
-0.36573
1.19058
-0.365646
1.39098
-0.365605
1.49119
-0.36552
1.69159
0.436107
1.69126
0.575
1.52
0.378021
2
0.095
0.88
0.328024
1.5
0.065
0.96
0.343984
1.2
0.0450137
0.974965
0.754255
1
-0.225
0.63
0.45793
0.5
-0.275
1.28
0.471699
0.5
1
-0.105
0.84
1
0.287348
-0.957826
2
0.5
0.8
0
0.995
1.09
0.085
0.93
1.07514
0.637563
-0.126825
0.151989
-0.267625
0.417935
-0.531204
0.958618
-0.676619
1.21115
0.352018
1.84645
0.52774
1.48599
0.484875
0.567294
0.752961
0.474926
0.0320543
0.12349
-0.0558043
0.303716
-0.0997347
0.393829
-0.187593
0.574055
-0.363314
0.934513
-0.45117
1.11473
-0.495103
1.20485
-0.582958
1.38507
0.137944
1.73651
0.325
1.67
0.378021
2
0.045
0.56
0.328024
1.5
0.225
0.83
0.343984
1.2
0.100601
0.920876
0.754255
1
-0.035
0.48
0.45793
0.5
-0.295
1.12
0.471699
0.5
1
-0.105
0.84
1
0.287348
-0.957826
2
0.5
0.8
0
0.978402
1.32706
0.065
0.92
1.0976
0.906014
0.071307
0.113483
-0.136178
0.331541
-0.536167
0.780994
-0.744471
0.984889
0.0744253
1.87476
0.341088
1.57512
0.54814
0.678788
0.831286
0.6623
0.232018
0.128984
0.0986897
0.2788
0.0320243
0.353708
-0.101303
0.503525
-0.367966
0.803163
-0.50129
0.952974
-0.56796
1.02789
-0.701283
1.1777
-0.102021
1.71102
0.105
1.67
0.378021
2
0.095
0.64
0.328024
1.5
0.015
0.72
0.343984
1.2
0.0824905
0.91543
0.754255
1
0.025
0.44
0.45793
0.5
-0.345
0.95
0.471699
0.5
1
-0.105
0.84
1
0.287348
-0.957826
2
0.5
0.8
0
0.685
1.65
0.035
0.99
1.00218
1.35359
0.335039
0.240865
0.0621917
0.368354
-0.47441
0.641222
-0.742854
0.755216
-0.30445
1.88299
0.0532886
1.70108
0.573121
0.941478
0.842943
1.02939
0.479121
0.313924
0.300255
0.40488
0.210822
0.450356
0.0319566
0.541313
-0.325782
0.723225
-0.504641
0.814178
-0.594082
0.859658
-0.772941
0.950611
-0.409125
1.66608
-0.205
1.75
0.378021
2
0.095
0.64
0.328024
1.5
-0.105
0.86
0.343984
1.2
0.0529628
0.992121
0.754255
1
0.145
0.55
0.45793
0.5
-0.375
0.76
0.471699
0.5
1
-0.105
0.84
1
0.287348
-0.957826
2
0.5
0.8
0
0.424911
1.91085
0.035
0.99
0.732046
1.75343
0.642738
0.458462
0.3416
0.448182
-0.260694
0.4477
-0.551785
0.427391
-0.673209
1.63188
-0.271679
1.6322
0.536751
1.19117
0.737354
1.39209
0.737996
0.589033
0.537233
0.588873
0.43685
0.588792
0.236086
0.588632
-0.165444
0.58831
-0.366208
0.58815
-0.466591
0.588069
-0.667354
0.58791
-0.667995
1.39097
-0.515
1.55
0.378021
2
0.075
1.16
0.328024
1.5
-0.015
1.07
0.343984
1.2
0.0500498
1.00005
0.754255
1
0.315
0.62
0.45793
0.5
-0.285
0.67
0.471699
0.5
1
-0.105
0.84
1
0.287348
-0.957826
2
0.5
0.8
0
0.424911
1.91085
0.035
0.99
0.732046
1.75343
0.642738
0.458462
0.3416
0.448182
-0.260694
0.4477
-0.551785
0.427391
-0.673209
1.63188
-0.271679
1.6322
0.536751
1.19117
0.737354
1.39209
0.737996
0.589033
0.537233
0.588873
0.43685
0.588792
0.236086
0.588632
-0.165444
0.58831
-0.366208
0.58815
-0.466591
0.588069
-0.667354
0.58791
-0.667995
1.39097
-0.515
1.58
0.378021
2
0.325
1.13
0.328024
1.5
0.185
1.11
0.343984
1.2
0.0500498
1.00005
0.754255
1
0.315
0.63
0.45793
0.5
-0.275
0.67
0.471699
0.5
1
-0.105
0.84
1
0.287348
-0.957826
2
0.5
0.8
0
0.115
1.83
0.065
0.97
0.443162
1.93255
0.822898
0.690778
0.545236
0.573466
-0.0172884
0.357592
-0.281978
0.234504
-0.82623
1.31637
-0.451213
1.46029
0.461811
1.33741
0.577362
1.59687
0.865192
0.846836
0.677685
0.774879
0.583931
0.7389
0.396424
0.666943
0.0214072
0.523026
-0.1661
0.451069
-0.259855
0.415089
-0.447362
0.343133
-0.735192
1.09317
-0.645
1.31
0.378021
2
-0.005
1.19
0.328024
1.5
0.215
1.13
0.343984
1.2
0.0754658
0.984772
0.754255
1
0.475
0.8
0.45793
0.5
-0.095
0.58
0.471699
0.5
1
-0.105
0.84
1
0.287348
-0.957826
2
0.5
0.8
0
-0.175
1.72
0.015
0.89
0.0888591
1.9218
0.821894
0.849542
0.591802
0.654698
0.119152
0.280766
-0.0968301
0.0842786
-0.939225
0.95479
-0.624123
1.20408
0.284229
1.35916
0.317137
1.64135
0.815712
1.01115
0.658163
0.886511
0.579388
0.824188
0.421838
0.699544
0.106738
0.450255
-0.0508122
0.325612
-0.129588
0.263289
-0.287137
0.138647
-0.785713
0.76885
-0.725
0.98
0.378021
2
0.105
1.16
0.328024
1.5
0.525
0.87
0.343984
1.2
0.0205847
0.907226
0.754255
1
0.495
0.87
0.45793
0.5
-0.015
0.47
0.471699
0.5
1
-0.105
0.84
1
0.287348
-0.957826
2
0.5
0.8
0
-0.545
1.62
0.025
0.94
-0.392745
1.88644
0.757041
1.28198
0.644907
1.00207
0.402247
0.45034
0.303353
0.175584
-0.848636
0.550556
-0.686861
0.918375
0.0433032
1.48066
-0.0597149
1.74546
0.675922
1.42191
0.595036
1.238
0.554593
1.14605
0.473706
0.962137
0.311933
0.594316
0.231046
0.410407
0.190602
0.318452
0.109715
0.134544
-0.625924
0.458093
-0.695
0.7
0.378021
2
0.045
0.87
0.328024
1.5
-0.025
0.9
0.343984
1.2
0.0218718
0.957837
0.754255
1
0.455
1.15
0.45793
0.5
0.155
0.51
0.471699
0.5
1
-0.105
0.84
1
0.287348
-0.957826
2
0.5
0.8
0
-0.865159
1.42556
0.035
0.99
-0.732516
1.6839
0.564014
1.60088
0.575783
1.29953
0.579225
0.696713
0.600981
0.405469
-0.603959
0.278021
-0.606253
0.679899
-0.168807
1.4912
-0.370892
1.69099
0.432861
1.69558
0.434008
1.49464
0.434583
1.39417
0.435729
1.19323
0.438024
0.791355
0.439171
0.590417
0.439745
0.489948
0.44089
0.289011
-0.362861
0.284424
-0.515
0.46
0.378021
2
0.085
1
0.328024
1.5
-0.075
0.99
0.343984
1.2
0.0248681
1.00501
0.754255
1
0.325
1.36
0.45793
0.5
0.315
0.66
0.471699
0.5
1
-0.105
0.84
1
0.287348
-0.957826
2
0.5
0.8
0
-0.865159
1.42556
0.035
0.99
-0.732516
1.6839
0.564014
1.60088
0.575783
1.29953
0.579225
0.696713
0.600981
0.405469
-0.603959
0.278021
-0.606253
0.679899
-0.168807
1.4912
-0.370892
1.69099
0.432861
1.69558
0.434008
1.49464
0.434583
1.39417
0.435729
1.19323
0.438024
0.791355
0.439171
0.590417
0.439745
0.489948
0.44089
0.289011
-0.362861
0.284424
-0.525
0.48
0.378021
2
0.265
1.09
0.328024
1.5
0.015
1.02
0.343984
1.2
0.0248681
1.00501
0.754255
1
0.385
1.31
0.45793
0.5
0.335
0.68
0.471699
0.5
1
-0.105
0.84
1
0.287348
-0.957826
2
0.5
0.8
0
-0.895
1.05
0.035
1.04
-0.966759
1.30069
0.22184
1.82656
0.371625
1.56466
0.653423
1.03146
0.807396
0.783148
-0.202628
0.112916
-0.390493
0.468378
-0.377562
1.3904
-0.649224
1.47419
0.0616985
1.84992
0.155631
1.67219
0.202599
1.58333
0.29653
1.40559
0.484394
1.05013
0.578326
0.872402
0.625293
0.783537
0.719222
0.605806
0.00829993
0.23008
-0.235
0.3
0.378021
2
0.165
1.11
0.328024
1.5
-0.025
1.07
0.343984
1.2
0.0190708
1.04863
0.754255
1
0.105
1.51
0.45793
0.5
0.425
0.95
0.471699
0.5
1
-0.105
0.84
1
0.287348
-0.957826
2
0.5
0.8
0
-0.715
0.75
0.035
1.05
-0.989048
0.896594
-0.101871
1.84705
0.13876
1.66488
0.607357
1.28492
0.846508
1.11689
0.180308
0.103712
-0.132089
0.35702
-0.482151
1.21044
-0.765002
1.18089
-0.258389
1.80568
-0.102189
1.67903
-0.0240884
1.6157
0.132111
1.48905
0.444506
1.23574
0.600705
1.10909
0.678803
1.04576
0.835
0.919109
0.328386
0.294318
0.095
0.3
0.378021
2
0.125
0.94
0.328024
1.5
-0.025
0.89
0.343984
1.2
0.0169554
1.05169
0.754255
1
-0.025
1.5
0.45793
0.5
0.485
1.04
0.471699
0.5
1
-0.105
0.84
1
0.287348
-0.957826
2
0.5
0.8
0
-0.845
0.49
-0.035
1.04
-0.98988
0.638145
-0.364714
1.7789
-0.0863964
1.66177
0.461823
1.40923
0.735209
1.30545
0.339784
0.158505
-0.025695
0.326864
-0.576028
1.06771
-0.842944
0.969147
-0.506231
1.7001
-0.32349
1.61592
-0.232119
1.57383
-0.0493795
1.48965
0.316097
1.3213
0.498836
1.23712
0.590205
1.19503
0.772942
1.11085
0.436227
0.379899
0.175
0.25
0.378021
2
-0.185
0.97
0.328024
1.5
0.035
0.82
0.343984
1.2
-0.0529111
1.03718
0.754255
1
-0.295
1.45
0.45793
0.5
0.385
1.23
0.471699
0.5
1
-0.105
0.84
1
0.287348
-0.957826
2
0.5
0.8
0
-0.585
0.38
-0.095
1.11
-0.791344
0.342039
-0.706268
1.64092
-0.404327
1.65227
0.199643
1.65483
0.491472
1.6762
0.617399
0.468782
0.214753
0.467072
-0.597453
0.906539
-0.797919
0.704362
-0.80134
1.50965
-0.600016
1.51051
-0.499354
1.51094
-0.29803
1.51179
0.104613
1.5135
0.305936
1.51436
0.406596
1.51478
0.607918
1.51564
0.611336
0.710349
0.445
0.58
0.378021
2
-0.075
0.96
0.328024
1.5
-0.385
1.01
0.343984
1.2
-0.110053
1.09987
0.754255
1
-0.545
1.42
0.45793
0.5
0.295
1.39
0.471699
0.5
1
-0.105
0.84
1
0.287348
-0.957826
2
0.5
0.8
0
