32
10
9
11
6
0.025
-0.54
0.025
0.86
-0.923171
0.19921
-0.575
1.57
-0.275
1.42
0.325
1.61
0.625
1.48
1.705
-0.08
2.20494
-0.0724251
-0.475
0.66
-0.675
0.46
-0.675
1.26
-0.475
1.26
-0.375
1.26
-0.175
1.26
0.225
1.26
0.425
1.26
0.525
1.26
0.725
1.26
0.725
0.46
1.935
-0.09
0.378021
2
1.385
0.12
0.328024
1.5
0.905
0.39
0.343984
1.2
0.01
0.85
0.754255
1
-0.435
1.42
0.371248
0.5
0.435
1.38
0.370135
0.5
0
0.025
-0.73
0.025
0.67
-0.923171
0.00921001
-0.575
1.58
-0.275
1.41
0.325
1.61
0.625
1.48
1.705
-0.27
2.20494
-0.262425
-0.475
0.47
-0.675
0.27
-0.675
1.07
-0.475
1.07
-0.375
1.07
-0.175
1.07
0.225
1.07
0.425
1.07
0.525
1.07
0.725
1.07
0.725
0.27
1.935
-0.28
0.378021
2
1.385
-0.07
0.328024
1.5
0.905
0.2
0.343984
1.2
0.01
0.66
0.754255
1
-0.495
1.31
0.371248
0.5
0.495
1.31
0.370135
0.5
0
0.015
-0.94
0.015
0.46
-0.933171
-0.20079
-0.585
1.58
-0.285
1.42
0.315
1.61
0.615
1.47
1.695
-0.48
2.19494
-0.472425
-0.485
0.26
-0.685
0.06
-0.685
0.86
-0.485
0.86
-0.385
0.86
-0.185
0.86
0.215
0.86
0.415
0.86
0.515
0.86
0.715
0.86
0.715
0.06
1.925
-0.49
0.378021
2
1.375
-0.28
0.328024
1.5
0.895
-0.01
0.343984
1.2
0
0.45
0.754255
1
-0.485
1.27
0.371248
0.5
0.495
1.26
0.370135
0.5
0
0.015
-1
0.015
0.4
-0.933171
-0.26079
-0.57569
1.5925
-0.285
1.39
0.322654
1.59272
0.615
1.46
1.455
-0.5
1.955
-0.5
-0.485
0.2
-0.685
0
-0.685
0.8
-0.485
0.8
-0.385
0.8
-0.185
0.8
0.215
0.8
0.415
0.8
0.515
0.8
0.715
0.8
0.715
0
1.925
-0.55
0.378021
2
1.375
-0.34
0.328024
1.5
0.895
-0.07
0.343984
1.2
0.025
0.44
0.754255
1
-0.435
1.24
0.371248
0.5
0.485
1.28
0.370135
0.5
0
0.015
-1
0.015
0.4
-0.933171
-0.26079
-0.57569
1.5925
-0.285
1.39
0.322654
1.59272
0.615
1.46
1.395
-0.79
1.895
-0.79
-0.485
0.2
-0.685
0
-0.685
0.8
-0.485
0.8
-0.385
0.8
-0.185
0.8
0.215
0.8
0.415
0.8
0.515
0.8
0.715
0.8
0.715
0
1.625
-0.77
0.378021
2
1.155
-0.49
0.328024
1.5
0.895
-0.07
0.343984
1.2
1.86265e-09
0.39
0.754255
1
-0.445
1.22
0.420119
0.5
0.465
1.24
0.408167
0.5
0
0.015
-1
0.015
0.4
-0.933171
-0.26079
-0.57569
1.5925
-0.285
1.39
0.322654
1.59272
0.615
1.46
1.305
-1.13
1.80494
-1.12231
-0.485
0.2
-0.685
0
-0.685
0.8
-0.485
0.8
-0.385
0.8
-0.185
0.8
0.215
0.8
0.415
0.8
0.515
0.8
0.715
0.8
0.715
0
1.555
-1.09
0.378021
2
1.095
-0.71
0.328024
1.5
0.835
-0.19
0.343984
1.2
1.86265e-09
0.39
0.754255
1
-0.475
1.19
0.445982
0.5
0.455
1.18
0.460434
0.5
0
0.015
-1
0.015
0.4
-0.933171
-0.26079
-0.57569
1.5925
-0.285
1.39
0.322654
1.59272
0.615
1.46
1.245
-1.16
1.7061
-0.966637
-0.485
0.2
-0.685
0
-0.685
0.8
-0.485
0.8
-0.385
0.8
-0.185
0.8
0.215
0.8
0.415
0.8
0.515
0.8
0.715
0.8
0.715
0
1.435
-1.06
0.378021
2
1.035
-0.68
0.328024
1.5
0.795
-0.12
0.343984
1.2
1.86265e-09
0.39
0.754255
1
-0.435
1.16
0.468721
0.5
0.475
1.21
0.442041
0.5
0
0.015
-1
0.015
0.4
-0.933171
-0.26079
-0.57569
1.5925
-0.285
1.39
0.322654
1.59272
0.615
1.46
1.245
-1.16
1.55296
-0.766096
-0.485
0.2
-0.685
0
-0.685
0.8
-0.485
0.8
-0.385
0.8
-0.185
0.8
0.215
0.8
0.415
0.8
0.515
0.8
0.715
0.8
0.715
0
1.345
-1
0.378021
2
1.025
-0.59
0.328024
1.5
0.775
-0.15
0.343984
1.2
1.86265e-09
0.39
0.754255
1
-0.435
1.16
0.485489
0.5
0.445
1.2
0.441022
0.5
0
0.015
-1
0.015
0.4
-0.933171
-0.26079
-0.57569
1.5925
-0.285
1.39
0.322654
1.59272
0.615
1.46
1.245
-1.16
1.245
-0.66
-0.485
0.2
-0.685
0
-0.685
0.8
-0.485
0.8
-0.385
0.8
-0.185
0.8
0.215
0.8
0.415
0.8
0.515
0.8
0.715
0.8
0.715
0
1.255
-0.9
0.378021
2
0.945
-0.5
0.328024
1.5
0.715
-0.04
0.343984
1.2
1.86265e-09
0.39
0.754255
1
-0.435
1.19
0.478017
0.5
0.445
1.2
0.440454
0.5
0
-0.005
-0.68
-0.005
0.72
-0.953171
0.05921
-0.605
1.58
-0.305
1.39
0.295
1.59
0.595
1.47
1.475
-0.61
1.4848
-0.110096
-0.505
0.52
-0.705
0.32
-0.705
1.12
-0.505
1.12
-0.405
1.12
-0.205
1.12
0.195
1.12
0.395
1.12
0.495
1.12
0.695
1.12
0.695
0.32
1.485
-0.39
0.378021
2
1.115
-0.2
0.328024
1.5
0.765
0.24
0.343984
1.2
-0.02
0.71
0.754255
1
-0.465
1.28
0.371248
0.5
0.405
1.24
0.390512
0.5
1
1.665
0.01
1.83448
0.196116
0.980581
0.6
0.8
0.2
0
-0.005
-0.57
-0.005
0.83
-0.953171
0.16921
-0.605
1.57
-0.305
1.4
0.295
1.59
0.595
1.48
1.485
-0.37
1.485
0.09
-0.505
0.63
-0.705
0.43
-0.705
1.23
-0.505
1.23
-0.405
1.23
-0.205
1.23
0.195
1.23
0.395
1.23
0.495
1.23
0.695
1.23
0.695
0.43
1.465
-0.16
0.378021
2
1.075
0.04
0.328024
1.5
0.715
0.44
0.343984
1.2
-0.02
0.82
0.754255
1
-0.465
1.39
0.371248
0.5
0.455
1.32
0.370135
0.5
0
-0.005
-0.57
-0.005
0.83
-0.953171
0.16921
-0.605
1.57
-0.305
1.4
0.295
1.59
0.595
1.48
1.485
-0.1
1.485
0.37
-0.505
0.63
-0.705
0.43
-0.705
1.23
-0.505
1.23
-0.405
1.23
-0.205
1.23
0.195
1.23
0.395
1.23
0.495
1.23
0.695
1.23
0.695
0.43
1.475
0.13
0.378021
2
1.025
0.24
0.328024
1.5
0.535
0.49
0.343984
1.2
-0.02
0.82
0.754255
1
-0.465
1.39
0.371248
0.5
0.405
1.35
0.370135
0.5
0
-0.005
-0.57
-0.005
0.83
-0.953171
0.16921
-0.605
1.57
-0.305
1.4
0.295
1.59
0.595
1.48
1.475
0.22
1.475
0.69
-0.505
0.63
-0.705
0.43
-0.705
1.23
-0.505
1.23
-0.405
1.23
-0.205
1.23
0.195
1.23
0.395
1.23
0.495
1.23
0.695
1.23
0.695
0.43
1.445
0.42
0.378021
2
1.015
0.36
0.328024
1.5
0.615
0.6
0.343984
1.2
-0.02
0.82
0.754255
1
-0.465
1.39
0.371248
0.5
0.405
1.35
0.370135
0.5
0
-0.005
-0.57
-0.005
0.83
-0.953171
0.16921
-0.605
1.57
-0.305
1.4
0.295
1.59
0.595
1.48
1.465
0.44
1.465
0.94
-0.505
0.63
-0.705
0.43
-0.705
1.23
-0.505
1.23
-0.405
1.23
-0.205
1.23
0.195
1.23
0.395
1.23
0.495
1.23
0.695
1.23
0.695
0.43
1.435
0.66
0.378021
2
1.125
0.42
0.328024
1.5
0.585
0.48
0.343984
1.2
-0.02
0.82
0.754255
1
-0.465
1.39
0.371248
0.5
0.405
1.35
0.370135
0.5
0
-0.005
-0.57
-0.005
0.83
-0.953171
0.16921
-0.605
1.57
-0.305
1.4
0.295
1.59
0.595
1.48
1.465
0.69
1.465
1.19
-0.505
0.63
-0.705
0.43
-0.705
1.23
-0.505
1.23
-0.405
1.23
-0.205
1.23
0.195
1.23
0.395
1.23
0.495
1.23
0.695
1.23
0.695
0.43
1.435
0.91
0.378021
2
1.105
0.55
0.328024
1.5
0.595
0.48
0.343984
1.2
-0.02
0.82
0.754255
1
-0.465
1.39
0.371248
0.5
0.405
1.35
0.370135
0.5
0
-0.005
-0.57
-0.005
0.83
-0.953171
0.16921
-0.605
1.57
-0.305
1.4
0.295
1.59
0.595
1.48
1.465
1.08
1.465
1.58
-0.505
0.63
-0.705
0.43
-0.705
1.23
-0.505
1.23
-0.405
1.23
-0.205
1.23
0.195
1.23
0.395
1.23
0.495
1.23
0.695
1.23
0.695
0.43
1.485
1.27
0.378021
2
1.145
0.82
0.328024
1.5
0.785
0.51
0.343984
1.2
-0.02
0.82
0.754255
1
-0.465
1.39
0.371248
0.5
0.405
1.35
0.370135
0.5
0
-0.005
-0.57
-0.005
0.83
-0.953171
0.16921
-0.605
1.57
-0.305
1.4
0.295
1.59
0.595
1.48
1.465
1.08
1.63054
1.5518
-0.505
0.63
-0.705
0.43
-0.705
1.23
-0.505
1.23
-0.405
1.23
-0.205
1.23
0.195
1.23
0.395
1.23
0.495
1.23
0.695
1.23
0.695
0.43
1.505
1.27
0.378021
2
1.165
0.84
0.328024
1.5
0.735
0.51
0.343984
1.2
-0.02
0.82
0.754255
1
-0.465
1.39
0.371248
0.5
0.405
1.35
0.370135
0.5
0
-0.005
-0.57
-0.005
0.83
-0.953171
0.16921
-0.605
1.57
-0.305
1.4
0.295
1.59
0.595
1.48
1.465
1.08
1.8291
1.42268
-0.505
0.63
-0.705
0.43
-0.705
1.23
-0.505
1.23
-0.405
1.23
-0.205
1.23
0.195
1.23
0.395
1.23
0.495
1.23
0.695
1.23
0.695
0.43
1.625
1.23
0.378021
2
1.215
0.88
0.328024
1.5
0.745
0.57
0.343984
1.2
-0.02
0.82
0.754255
1
-0.465
1.39
0.371248
0.5
0.405
1.35
0.370135
0.5
0
-0.005
-0.57
-0.005
0.83
-0.953171
0.16921
-0.605
1.57
-0.305
1.4
0.295
1.59
0.595
1.48
1.465
1.08
1.92734
1.27037
-0.505
0.63
-0.705
0.43
-0.705
1.23
-0.505
1.23
-0.405
1.23
-0.205
1.23
0.195
1.23
0.395
1.23
0.495
1.23
0.695
1.23
0.695
0.43
1.665
1.2
0.378021
2
1.275
0.9
0.328024
1.5
0.825
0.52
0.343984
1.2
-0.02
0.82
0.754255
1
-0.465
1.39
0.371248
0.5
0.405
1.35
0.370135
0.5
0
-0.005
-0.57
-0.005
0.83
-0.953171
0.16921
-0.605
1.57
-0.305
1.4
0.295
1.59
0.595
1.48
1.465
1.08
1.96383
1.11417
-0.505
0.63
-0.705
0.43
-0.705
1.23
-0.505
1.23
-0.405
1.23
-0.205
1.23
0.195
1.23
0.395
1.23
0.495
1.23
0.695
1.23
0.695
0.43
1.685
1.09
0.378021
2
1.275
0.83
0.328024
1.5
0.825
0.52
0.343984
1.2
-0.02
0.82
0.754255
1
-0.465
1.39
0.371248
0.5
0.405
1.35
0.370135
0.5
0
-0.005
-0.57
-0.005
0.83
-0.953171
0.16921
-0.605
1.57
-0.305
1.4
0.295
1.59
0.595
1.48
1.465
1.08
1.95449
0.978023
-0.505
0.63
-0.705
0.43
-0.705
1.23
-0.505
1.23
-0.405
1.23
-0.205
1.23
0.195
1.23
0.395
1.23
0.495
1.23
0.695
1.23
0.695
0.43
1.715
1.05
0.378021
2
1.255
0.88
0.328024
1.5
0.785
0.55
0.343984
1.2
-0.02
0.82
0.754255
1
-0.465
1.39
0.371248
0.5
0.405
1.35
0.370135
0.5
0
-0.005
-0.57
-0.005
0.83
-0.953171
0.16921
-0.605
1.57
-0.305
1.4
0.295
1.59
0.595
1.48
1.465
1.08
1.90125
0.835698
-0.505
0.63
-0.705
0.43
-0.705
1.23
-0.505
1.23
-0.405
1.23
-0.205
1.23
0.195
1.23
0.395
1.23
0.495
1.23
0.695
1.23
0.695
0.43
1.685
0.97
0.378021
2
1.225
0.89
0.328024
1.5
0.745
0.56
0.343984
1.2
-0.02
0.82
0.754255
1
-0.465
1.39
0.371248
0.5
0.405
1.35
0.370135
0.5
0
-0.005
-0.57
-0.005
0.83
-0.953171
0.16921
-0.605
1.57
-0.305
1.4
0.295
1.59
0.595
1.48
1.465
1.08
1.80046
0.709232
-0.505
0.63
-0.705
0.43
-0.705
1.23
-0.505
1.23
-0.405
1.23
-0.205
1.23
0.195
1.23
0.395
1.23
0.495
1.23
0.695
1.23
0.695
0.43
1.645
0.95
0.378021
2
1.255
0.91
0.328024
1.5
0.785
0.53
0.343984
1.2
-0.02
0.82
0.754255
1
-0.465
1.39
0.371248
0.5
0.405
1.35
0.370135
0.5
0
-0.005
-0.57
-0.005
0.83
-0.953171
0.16921
-0.605
1.57
-0.305
1.4
0.295
1.59
0.595
1.48
1.465
1.08
1.68215
0.629616
-0.505
0.63
-0.705
0.43
-0.705
1.23
-0.505
1.23
-0.405
1.23
-0.205
1.23
0.195
1.23
0.395
1.23
0.495
1.23
0.695
1.23
0.695
0.43
1.575
0.83
0.378021
2
1.215
0.9
0.328024
1.5
0.775
0.6
0.343984
1.2
-0.02
0.82
0.754255
1
-0.465
1.39
0.371248
0.5
0.405
1.35
0.370135
0.5
0
-0.005
-0.57
-0.005
0.83
-0.953171
0.16921
-0.605
1.57
-0.305
1.4
0.295
1.59
0.595
1.48
1.465
1.08
1.54948
0.587189
-0.505
0.63
-0.705
0.43
-0.705
1.23
-0.505
1.23
-0.405
1.23
-0.205
1.23
0.195
1.23
0.395
1.23
0.495
1.23
0.695
1.23
0.695
0.43
1.495
0.81
0.378021
2
1.245
0.92
0.328024
1.5
0.815
0.53
0.343984
1.2
-0.02
0.82
0.754255
1
-0.465
1.39
0.371248
0.5
0.405
1.35
0.370135
0.5
0
-0.005
-0.57
-0.005
0.83
-0.953171
0.16921
-0.605
1.57
-0.305
1.4
0.295
1.59
0.595
1.48
1.465
1.08
1.465
0.58
-0.505
0.63
-0.705
0.43
-0.705
1.23
-0.505
1.23
-0.405
1.23
-0.205
1.23
0.195
1.23
0.395
1.23
0.495
1.23
0.695
1.23
0.695
0.43
1.475
0.81
0.378021
2
1.265
0.91
0.328024
1.5
0.785
0.6
0.343984
1.2
-0.02
0.82
0.754255
1
-0.465
1.39
0.371248
0.5
0.405
1.35
0.370135
0.5
0
-0.005
-0.8
-0.005
0.6
-0.953171
-0.06079
-0.605
1.56
-0.305
1.4
0.295
1.6
0.605
1.48
1.455
0.33
1.44667
-0.169931
-0.505
0.4
-0.705
0.2
-0.705
1
-0.505
1
-0.405
1
-0.205
1
0.195
1
0.395
1
0.495
1
0.695
1
0.695
0.2
1.465
0.06
0.378021
2
1.195
0.28
0.328024
1.5
0.725
0.23
0.343984
1.2
-0.02
0.59
0.754255
1
-0.475
1.3
0.371248
0.5
0.425
1.26
0.417732
0.5
0
-0.005
-0.99
-0.005
0.41
-0.953171
-0.25079
-0.605
1.55
-0.305
1.4
0.295
1.59
0.605
1.48
1.445
-0.23
1.445
-0.73
-0.505
0.21
-0.705
0.00999999
-0.705
0.81
-0.505
0.81
-0.405
0.81
-0.205
0.81
0.195
0.81
0.395
0.81
0.495
0.81
0.695
0.81
0.695
0.00999999
1.405
-0.5
0.378021
2
1.295
-0.17
0.328024
1.5
0.835
0
0.343984
1.2
-0.02
0.4
0.754255
1
-0.475
1.16
0.441021
0.5
0.445
1.19
0.440454
0.5
0
-0.005
-0.99
-0.005
0.41
-0.953171
-0.25079
-0.605
1.55
-0.305
1.4
0.295
1.59
0.605
1.48
1.43831
-1.29288
1.43567
-1.79287
-0.505
0.21
-0.705
0.00999999
-0.705
0.81
-0.505
0.81
-0.405
0.81
-0.205
0.81
0.195
0.81
0.395
0.81
0.495
0.81
0.695
0.81
0.695
0.00999999
1.435
-1.49
0.378021
2
1.195
-0.84
0.382099
1.5
0.845
-0.27
0.343984
1.2
-0.02
0.4
0.754255
1
-0.465
1.16
0.480104
0.5
0.415
1.17
0.445533
0.5
0
-0.005
-0.99
-0.005
0.41
-0.953171
-0.25079
-0.605
1.55
-0.305
1.4
0.295
1.59
0.605
1.48
1.43831
-1.29288
1.79595
-1.6423
-0.505
0.21
-0.705
0.00999999
-0.705
0.81
-0.505
0.81
-0.405
0.81
-0.205
0.81
0.195
0.81
0.395
0.81
0.495
0.81
0.695
0.81
0.695
0.00999999
1.585
-1.45
0.471699
2
1.165
-0.84
0.402244
1.5
0.845
-0.25
0.343984
1.2
-0.02
0.4
0.754255
1
-0.445
1.24
0.466904
0.5
0.425
1.16
0.467546
0.5
0
-0.005
-0.99
-0.005
0.41
-0.953171
-0.25079
-0.605
1.55
-0.305
1.4
0.295
1.59
0.605
1.48
1.43831
-1.29288
1.93828
-1.29799
-0.505
0.21
-0.705
0.00999999
-0.705
0.81
-0.505
0.81
-0.405
0.81
-0.205
0.81
0.195
0.81
0.395
0.81
0.495
0.81
0.695
0.81
0.695
0.00999999
1.685
-1.3
0.43909
2
1.195
-0.8
0.364005
1.5
0.825
-0.28
0.403113
1.2
-0.02
0.4
0.754255
1
-0.475
1.2
0.466154
0.5
0.465
1.2
0.48104
0.5
0
-0.005
-0.99
-0.005
0.41
-0.953171
-0.25079
-0.605
1.55
-0.305
1.4
0.295
1.59
0.605
1.48
0.976531
-1.46334
1.47652
-1.46637
-0.505
0.21
-0.705
0.00999999
-0.705
0.81
-0.505
0.81
-0.405
0.81
-0.205
0.81
0.195
0.81
0.395
0.81
0.495
0.81
0.695
0.81
0.695
0.00999999
1.265
-1.42
0.445982
2
0.895
-0.85
0.39598
1.5
0.745
-0.24
0.396989
1.2
-0.02
0.4
0.754255
1
-0.445
1.18
0.474236
0.5
0.435
1.16
0.466154
0.5
0
