48
10
9
11
6
0
-1
0
0.4
-0.948171
-0.26079
-0.6
1.6
-0.3
1.4
0.3
1.6
0.595
1.42
0.705
-1.49999
1.205
-1.5
-0.5
0.2
-0.7
0
-0.7
0.8
-0.5
0.8
-0.4
0.8
-0.2
0.8
0.2
0.8
0.4
0.8
0.5
0.8
0.7
0.8
0.7
0
0.925
-1.47
0.378021
2
0.715
-0.91
0.328024
1.5
0.7
-0.3
0.343984
1.2
-0.015
0.39
0.754255
1
-0.475
1.23
0.45793
0.5
0.435
1.24
0.471699
0.5
0
0.005
-0.85
0.005
0.55
-0.943171
-0.11079
-0.595
1.61
-0.295
1.4
0.305
1.61
0.605
1.42
0.705
-1.25
1.205
-1.25
-0.495
0.35
-0.695
0.15
-0.695
0.95
-0.495
0.95
-0.395
0.95
-0.195
0.95
0.205
0.95
0.405
0.95
0.505
0.95
0.705
0.95
0.705
0.15
0.915
-1.2
0.378021
2
0.72
-0.76
0.328024
1.5
0.705
-0.15
0.343984
1.2
-0.01
0.54
0.754255
1
-0.47
1.38
0.45793
0.5
0.44
1.39
0.471699
0.5
0
-0.005
-0.65
-0.005
0.75
-0.953171
0.08921
-0.605
1.62
-0.305
1.42
0.295
1.6
0.595
1.42
0.695
-0.92
1.195
-0.92
-0.505
0.55
-0.705
0.35
-0.705
1.15
-0.505
1.15
-0.405
1.15
-0.205
1.15
0.195
1.15
0.395
1.15
0.495
1.15
0.695
1.15
0.695
0.35
0.935
-0.86
0.378021
2
0.705
-0.39
0.328024
1.5
0.675
0.24
0.343984
1.2
-0.02
0.74
0.754255
1
-0.425
1.29
0.45793
0.5
0.415
1.29
0.471699
0.5
0
-0.015
-0.49
-0.015
0.91
-0.963171
0.24921
-0.615
1.62
-0.315
1.45
0.285
1.6
0.585
1.43
0.685
-0.5
1.18494
-0.492309
-0.515
0.71
-0.715
0.51
-0.715
1.31
-0.515
1.31
-0.415
1.31
-0.215
1.31
0.185
1.31
0.385
1.31
0.485
1.31
0.685
1.31
0.685
0.51
0.955
-0.48
0.378021
2
0.735
-0.13
0.328024
1.5
0.635
0.37
0.343984
1.2
-0.03
0.9
0.754255
1
-0.355
1.32
0.45793
0.5
0.355
1.28
0.471699
0.5
0
-0.005
-0.76
-0.005
0.64
-0.953171
-0.02079
-0.605
1.62
-0.305
1.46
0.295
1.6
0.595
1.42
0.695
-0.77
1.19494
-0.762309
-0.505
0.44
-0.705
0.24
-0.705
1.04
-0.505
1.04
-0.405
1.04
-0.205
1.04
0.195
1.04
0.395
1.04
0.495
1.04
0.695
1.04
0.695
0.24
0.905
-0.72
0.378021
2
0.705
-0.36
0.328024
1.5
0.635
0.18
0.343984
1.2
-0.02
0.63
0.754255
1
-0.445
1.25
0.45793
0.5
0.325
1.16
0.471699
0.5
0
-0.025
-1.08
-0.025
0.32
-0.973171
-0.34079
-0.622872
1.51345
-0.325
1.31
0.279589
1.51313
0.575
1.36
0.675
-1.19
1.175
-1.19
-0.525
0.12
-0.725
-0.08
-0.725
0.72
-0.525
0.72
-0.425
0.72
-0.225
0.72
0.175
0.72
0.375
0.72
0.475
0.72
0.675
0.72
0.675
-0.08
0.925
-1.14
0.378021
2
0.725
-0.71
0.328024
1.5
0.585
-0.12
0.343984
1.2
-0.04
0.31
0.754255
1
-0.5
1.15
0.45793
0.5
0.415
1.07
0.471699
0.5
0
0.0472743
-0.807385
-0.025
0.19
-0.904215
-0.560548
-0.736912
1.31954
-0.42049
1.14615
0.161478
1.40751
0.470527
1.28397
0.819544
-1.24466
1.31727
-1.19574
-0.503161
-0.0580068
-0.682685
-0.276664
-0.760951
0.5197
-0.56186
0.539266
-0.462315
0.549049
-0.263223
0.568616
0.134958
0.607748
0.334049
0.627315
0.433594
0.637098
0.632685
0.656664
0.710951
-0.1397
1.005
-1.19
0.378021
2
0.775
-0.69
0.328024
1.5
0.585
-0.14
0.343984
1.2
-0.0389535
0.178578
0.754255
1
-0.579041
0.969757
0.45793
0.5
0.325844
1.06874
0.471699
0.5
0
0.195
-0.86
-0.025
0.11
-0.76222
-0.780705
-0.920684
1.10051
-0.579098
0.984081
-0.0506311
1.34167
0.275118
1.2731
1.05384
-1.15833
1.53583
-1.02454
-0.453482
-0.216587
-0.592766
-0.462901
-0.806826
0.308295
-0.614028
0.36181
-0.517628
0.388568
-0.324829
0.442083
0.0607687
0.549113
0.253567
0.602628
0.349967
0.629386
0.542766
0.682901
0.756826
-0.0882949
1.175
-1.01
0.378021
2
0.905
-0.62
0.328024
1.5
0.695
-0.12
0.343984
1.2
-0.0367842
0.0963464
0.754255
1
-0.704985
0.783017
0.45793
0.5
0.169574
1.03615
0.471699
0.5
0
0.315
-0.93
-0.035
-0.03
-0.6188
-1.02824
-1.07906
0.803001
-0.7231
0.743257
-0.259239
1.18157
0.0733654
1.1665
1.23472
-1.10764
1.68886
-0.897735
-0.405179
-0.421563
-0.502874
-0.687182
-0.838724
0.0394448
-0.657067
0.123407
-0.566239
0.165389
-0.384582
0.249351
-0.0212684
0.417276
0.160388
0.501239
0.251217
0.54322
0.432873
0.627183
0.768724
-0.0994447
1.335
-0.94
0.378021
2
0.935
-0.64
0.328024
1.5
0.665
-0.19
0.343984
1.2
-0.0444261
-0.04538
0.754255
1
-0.814879
0.524465
0.45793
0.5
0.0074604
0.915577
0.471699
0.5
0
0.501233
-1.01407
-0.035
-0.17
-0.387091
-1.27176
-1.23585
0.415344
-0.875356
0.434681
-0.518191
0.963723
-0.190242
1.02157
1.43949
-0.944915
1.83699
-0.64095
-0.310919
-0.632967
-0.348335
-0.913556
-0.834681
-0.277547
-0.675679
-0.155961
-0.596177
-0.0951679
-0.437175
0.0264184
-0.119171
0.269591
0.0398316
0.391177
0.119333
0.451971
0.278335
0.573557
0.76468
-0.0624525
1.565
-0.85
0.378021
2
1.105
-0.53
0.328024
1.5
0.675
-0.16
0.343984
1.2
-0.0408458
-0.187069
0.754255
1
-0.917214
0.201092
0.45793
0.5
-0.199833
0.76226
0.471699
0.5
0
0.625
-0.93
-0.045
-0.27
-0.104505
-1.42546
-1.3558
-0.0101664
-1.01205
0.100495
-0.80155
0.703302
-0.499106
0.842907
1.57882
-0.64339
1.88576
-0.247991
-0.193777
-0.788174
-0.158392
-1.06911
-0.791032
-0.57801
-0.668257
-0.41985
-0.60687
-0.34077
-0.484094
-0.18261
-0.238545
0.13371
-0.11577
0.29187
-0.0543834
0.37095
0.0683917
0.529109
0.701031
0.0380101
1.705
-0.5
0.378021
2
1.145
-0.4
0.328024
1.5
0.635
-0.04
0.343984
1.2
-0.0463001
-0.288001
0.754255
1
-0.992954
-0.136114
0.45793
0.5
-0.442237
0.589651
0.471699
0.5
0
0.771968
-0.906683
-0.045
-0.33
0.107748
-1.47705
-1.38143
-0.314166
-1.06365
-0.142503
-0.966875
0.488729
-0.695005
0.681302
1.61998
-0.400263
1.8495
0.0446542
-0.0965522
-0.866726
-0.0103927
-1.1365
-0.722262
-0.76927
-0.630455
-0.591303
-0.584551
-0.502319
-0.492742
-0.324351
-0.309127
0.0315835
-0.217319
0.20955
-0.171416
0.298534
-0.0796074
0.476501
0.632262
0.10927
1.665
-0.19
0.378021
2
1.195
-0.17
0.328024
1.5
0.695
0.07
0.343984
1.2
-0.0429872
-0.347938
0.754255
1
-1.00161
-0.37167
0.45793
0.5
-0.592781
0.442671
0.471699
0.5
0
0.858438
-0.826977
-0.055
-0.42
0.358433
-1.50111
-1.35933
-0.713075
-1.08968
-0.472651
-1.1412
0.164035
-0.921056
0.414211
1.58167
-0.104059
1.70235
0.381937
0.0187182
-0.95427
0.164845
-1.19694
-0.612751
-1.00385
-0.564479
-0.809452
-0.540342
-0.712253
-0.492069
-0.517854
-0.395526
-0.129056
-0.347254
0.0653422
-0.323118
0.162542
-0.274845
0.35694
0.50275
0.163851
1.625
0.12
0.378021
2
1.145
0.01
0.328024
1.5
0.585
0.01
0.343984
1.2
-0.0489004
-0.436994
0.754255
1
-0.976402
-0.681367
0.45793
0.5
-0.766483
0.20556
0.471699
0.5
0
0.927964
-0.81963
-0.035
-0.55
0.627675
-1.50001
-1.23087
-1.14972
-1.02708
-0.851096
-1.23093
-0.245243
-1.07758
0.050894
1.47808
0.152214
1.47786
0.65333
0.165662
-1.05103
0.366195
-1.25139
-0.435594
-1.25174
-0.43568
-1.05129
-0.435722
-0.951066
-0.435808
-0.750618
-0.435981
-0.349725
-0.436066
-0.149278
-0.436109
-0.0490541
-0.436195
0.151392
0.365593
0.151736
1.525
0.35
0.378021
2
1.135
0.13
0.328024
1.5
0.565
0.08
0.343984
1.2
-0.0249711
-0.565029
0.754255
1
-0.866651
-1.02642
0.45793
0.5
-0.877064
-0.114389
0.471699
0.5
0
0.955992
-0.803918
-0.035
-0.67
0.798478
-1.47478
-1.09322
-1.48906
-0.950741
-1.15668
-1.26756
-0.6013
-1.1741
-0.281087
1.31483
0.310777
1.4525
0.791449
0.258492
-1.12311
0.493926
-1.28114
-0.292985
-1.43596
-0.331692
-1.23923
-0.351044
-1.14087
-0.389749
-0.944138
-0.467162
-0.550684
-0.505867
-0.353956
-0.525221
-0.255592
-0.563925
-0.0588654
0.222985
0.095958
1.375
0.53
0.378021
2
0.905
0.21
0.328024
1.5
0.375
0.07
0.343984
1.2
-0.0222606
-0.682819
0.754255
1
-0.759494
-1.29786
0.45793
0.5
-0.945442
-0.404682
0.471699
0.5
0
0.961175
-0.692616
-0.035
-0.78
0.97442
-1.34936
-0.853355
-1.83924
-0.79906
-1.48161
-1.24554
-1.02367
-1.23564
-0.690148
1.02496
0.509185
1.26471
0.947957
0.363159
-1.1448
0.630852
-1.23854
-0.0920018
-1.58645
-0.178981
-1.40574
-0.222469
-1.31538
-0.309448
-1.13467
-0.483406
-0.773244
-0.570384
-0.592531
-0.613873
-0.502174
-0.70085
-0.321462
0.0220018
0.0264522
1.135
0.74
0.378021
2
0.725
0.34
0.328024
1.5
0.195
0.06
0.343984
1.2
-0.0194409
-0.789205
0.754255
1
-0.578386
-1.57015
0.45793
0.5
-0.983173
-0.752259
0.471699
0.5
0
0.927206
-0.617677
-0.035
-0.89
1.06318
-1.26116
-0.641543
-2.08359
-0.654917
-1.72203
-1.17911
-1.35532
-1.23161
-1.02573
0.766059
0.574636
1.11715
0.930637
0.424332
-1.1742
0.704879
-1.21636
0.0594593
-1.69312
-0.0597322
-1.53177
-0.119327
-1.45109
-0.238519
-1.28974
-0.476901
-0.967028
-0.596092
-0.805673
-0.655688
-0.724996
-0.774877
-0.563642
-0.129459
-0.0868773
0.935
0.7
0.378021
2
0.485
0.32
0.328024
1.5
0.065
-0.01
0.343984
1.2
-0.0179928
-0.896142
0.754255
1
-0.421544
-1.76786
0.45793
0.5
-0.97193
-1.03966
0.471699
0.5
0
0.857687
-0.549323
-0.035
-1
1.11651
-1.13544
-0.380974
-2.29368
-0.469038
-1.94267
-1.05799
-1.69256
-1.17771
-1.38095
0.445098
0.599228
0.779892
0.970736
0.47338
-1.18283
0.756632
-1.16591
0.22397
-1.76625
0.0738833
-1.63308
-0.00115924
-1.5665
-0.151245
-1.43334
-0.451417
-1.16701
-0.601503
-1.03384
-0.676546
-0.967259
-0.82663
-0.834094
-0.29397
-0.23375
0.635
0.75
0.378021
2
0.245
0.31
0.328024
1.5
-0.105
-0.1
0.343984
1.2
-0.0170852
-1.00248
0.754255
1
-0.231183
-1.93912
0.45793
0.5
-0.920731
-1.34073
0.471699
0.5
0
0.753815
-0.528423
-0.045
-1.13
1.10912
-1.01554
-0.105
-2.45
-0.267045
-2.14407
-0.896094
-2.02592
-1.07985
-1.74712
0.0813333
0.535438
0.328825
0.970178
0.490902
-1.19968
0.76403
-1.12244
0.372254
-1.82317
0.19707
-1.72523
0.109479
-1.67625
-0.0657051
-1.57831
-0.416071
-1.38242
-0.591254
-1.28448
-0.678846
-1.23551
-0.854028
-1.13756
-0.462253
-0.436831
0.265
0.76
0.378021
2
-0.025
0.26
0.328024
1.5
-0.275
-0.28
0.343984
1.2
-0.0269638
-1.12859
0.754255
1
-0.0354067
-2.08963
0.45793
0.5
-0.837387
-1.65274
0.471699
0.5
0
0.671113
-0.542016
-0.045
-1.24
1.06726
-0.900323
0.158603
-2.56769
-0.0637495
-2.28078
-0.70551
-2.28841
-0.941064
-2.05044
-0.248547
0.422397
-0.090761
0.89856
0.495637
-1.20304
0.748986
-1.07334
0.501681
-1.83944
0.310159
-1.77761
0.214399
-1.7467
0.0228706
-1.68487
-0.360174
-1.56122
-0.551696
-1.4994
-0.64746
-1.46848
-0.838985
-1.40666
-0.59168
-0.640563
-0.135
0.65
0.378021
2
-0.335
0.14
0.328024
1.5
-0.515
-0.42
0.343984
1.2
-0.0275441
-1.23506
0.754255
1
0.153293
-2.18166
0.45793
0.5
-0.721231
-1.90993
0.471699
0.5
2
-0.827111
1.90014
1
-0.707107
0.707107
1.8
0.3
1
0
1.07656
1.28072
1.00896
1
0
1.8
0.3
1
0
0.605037
-0.480098
-0.045
-1.24
1.02314
-0.782186
0.300955
-2.53688
0.0490193
-2.27593
-0.587674
-2.35297
-0.847426
-2.14207
-0.427126
0.38938
-0.321918
0.879472
0.488063
-1.14477
0.7257
-0.98851
0.562946
-1.77631
0.365997
-1.73562
0.267525
-1.71528
0.0705711
-1.67459
-0.323325
-1.59321
-0.520273
-1.55252
-0.618749
-1.53218
-0.815699
-1.49149
-0.652945
-0.703692
-0.365
0.63
0.378021
2
-0.485
0.02
0.328024
1.5
-0.595
-0.54
0.343984
1.2
-0.028194
-1.2332
0.754255
1
0.253899
-2.15397
0.45793
0.5
-0.644254
-1.97869
0.471699
0.5
2
-1.1618
1.79474
1
-0.707107
0.707107
1.8
0.3
1
0
0.796323
1.38545
1.00896
1
0
1.8
0.3
1
0
0.46202
-0.378066
-0.045
-1.24
0.909998
-0.578235
0.552853
-2.44142
0.253942
-2.23608
-0.354414
-2.43867
-0.650988
-2.28393
-0.744675
0.279926
-0.739461
0.781051
0.458202
-1.04028
0.659804
-0.839748
0.657655
-1.64401
0.45659
-1.64347
0.356059
-1.6432
0.15499
-1.64267
-0.247139
-1.64159
-0.448203
-1.64106
-0.548736
-1.64079
-0.749803
-1.64025
-0.747654
-0.835989
-0.715
0.48
0.378021
2
-0.725
-0.15
0.328024
1.5
-0.705
-0.7
0.343984
1.2
-0.0298928
-1.22999
0.754255
1
0.430302
-2.0757
0.45793
0.5
-0.484571
-2.08331
0.471699
0.5
2
-1.745
1.51
1
-0.707107
0.707107
1.8
0.3
1
0
0.255
1.5
1.00896
1
0
1.8
0.3
1
0
0.406132
-0.347543
-0.045
-1.24
0.857581
-0.508006
0.635107
-2.38834
0.32823
-2.2109
-0.26324
-2.45881
-0.570691
-2.32683
-0.857386
0.223152
-0.88996
0.723341
0.441812
-1.00288
0.627763
-0.787684
0.686243
-1.58997
0.485672
-1.60459
0.385387
-1.6119
0.184811
-1.62652
-0.216331
-1.65577
-0.416902
-1.67039
-0.517189
-1.6777
-0.717763
-1.69231
-0.776242
-0.890026
-0.835
0.46
0.378021
2
-0.795
-0.09
0.328024
1.5
-0.725
-0.66
0.343984
1.2
-0.0306876
-1.22888
0.754255
1
0.492034
-2.03765
0.45793
0.5
-0.419837
-2.1142
0.471699
0.5
2
-1.94778
1.37456
1
-0.707107
0.707107
1.8
0.3
1
0
0.0476694
1.51534
1.00896
1
0
1.8
0.3
1
0
0.315
-0.33
-0.045
-1.19
0.80929
-0.40153
0.714395
-2.29734
0.389671
-2.13543
-0.184969
-2.42074
-0.500345
-2.30863
-0.949561
0.21879
-1.01405
0.716063
0.425846
-0.922155
0.597731
-0.695433
0.707397
-1.49265
0.508094
-1.52007
0.408444
-1.53377
0.209135
-1.56119
-0.18947
-1.61603
-0.388772
-1.64344
-0.488425
-1.65715
-0.687731
-1.68456
-0.797396
-0.88735
-0.965
0.43
0.378021
2
-0.845
-0.14
0.328024
1.5
-0.775
-0.69
0.343984
1.2
-0.0314225
-1.17798
0.754255
1
0.542127
-1.952
0.45793
0.5
-0.363333
-2.08671
0.471699
0.5
0
0.235
-0.32
-0.045
-1.14
0.751791
-0.293402
0.79038
-2.19127
0.455065
-2.05257
-0.098122
-2.37758
-0.42061
-2.28791
-1.04638
0.201782
-1.14567
0.693313
0.405874
-0.839711
0.561405
-0.60146
0.726839
-1.38903
0.529948
-1.43039
0.431504
-1.45107
0.234607
-1.49242
-0.159174
-1.57514
-0.356064
-1.6165
-0.45451
-1.63718
-0.651405
-1.67854
-0.816839
-0.890971
-1.135
0.4
0.378021
2
-0.935
-0.14
0.328024
1.5
-0.785
-0.71
0.343984
1.2
-0.0323005
-1.12705
0.754255
1
0.594258
-1.85887
0.45793
0.5
-0.299531
-2.0569
0.471699
0.5
0
0.155
-0.17
-0.045
-1.07
0.643056
-0.132684
0.912122
-2.01205
0.562384
-1.91513
0.0527394
-2.30503
-0.278304
-2.25523
-1.20224
0.140261
-1.36057
0.616141
0.366081
-0.717076
0.491512
-0.461648
0.751501
-1.22337
0.561071
-1.28837
0.465858
-1.32087
0.275423
-1.38586
-0.105435
-1.51586
-0.295863
-1.58086
-0.391078
-1.61335
-0.581512
-1.67835
-0.8415
-0.91663
-1.225
0.31
0.378021
2
-1.085
-0.28
0.328024
1.5
-0.835
-0.78
0.343984
1.2
-0.033967
-1.0556
0.754255
1
0.677012
-1.70592
0.45793
0.5
-0.186194
-2.01118
0.471699
0.5
0
0.015
-0.1
-0.055
-1.01
0.485917
0.0195565
1.03198
-1.79918
0.671628
-1.75542
0.225632
-2.21697
-0.10921
-2.21702
-1.37986
0.0146548
-1.60734
0.461749
0.299018
-0.599703
0.38503
-0.328384
0.755637
-1.04305
0.576971
-1.1357
0.48764
-1.18203
0.308969
-1.27468
-0.0483621
-1.45999
-0.227027
-1.55264
-0.316361
-1.59896
-0.495031
-1.69161
-0.865637
-0.976947
-1.455
0.2
0.378021
2
-1.205
-0.34
0.328024
1.5
-0.925
-0.84
0.343984
1.2
-0.046232
-0.994118
0.754255
1
0.75384
-1.53142
0.45793
0.5
-0.0544596
-1.96192
0.471699
0.5
0
-0.065
-0.06
-0.055
-0.94
0.399079
0.130911
1.09366
-1.63679
0.730867
-1.62295
0.324462
-2.11986
-0.00928829
-2.14758
-1.46023
-0.0281585
-1.72392
0.398684
0.263961
-0.501781
0.327273
-0.224235
0.755734
-0.905955
0.585305
-1.01307
0.500093
-1.06663
0.329659
-1.17374
-0.0111977
-1.38797
-0.181626
-1.49509
-0.26684
-1.54865
-0.437274
-1.65576
-0.865734
-0.974044
-1.525
0.1
0.378021
2
-1.205
-0.42
0.328024
1.5
-0.835
-0.88
0.343984
1.2
-0.0475729
-0.923445
0.754255
1
0.7943
-1.39288
0.45793
0.5
0.0242032
-1.88878
0.471699
0.5
0
-0.175
0.05
-0.055
-0.87
0.254223
0.251492
1.17553
-1.40962
0.814019
-1.44365
0.476506
-1.98979
0.149268
-2.0612
-1.56819
-0.150946
-1.8858
0.237526
0.203543
-0.393557
0.22978
-0.110059
0.744298
-0.729533
0.58943
-0.858162
0.511998
-0.922476
0.357126
-1.05111
0.0473916
-1.30837
-0.107475
-1.43699
-0.184909
-1.50131
-0.339781
-1.62994
-0.854297
-1.01047
-1.675
0.01
0.378021
2
-1.325
-0.44
0.328024
1.5
-0.945
-0.86
0.343984
1.2
-0.0498157
-0.85261
0.754255
1
0.846625
-1.20721
0.45793
0.5
0.148408
-1.80021
0.471699
0.5
0
-0.235
0.1
-0.045
-0.79
0.155433
0.356063
1.23167
-1.20935
0.875048
-1.27785
0.591354
-1.85385
0.272426
-1.95628
-1.62025
-0.219091
-1.97364
0.137219
0.166754
-0.290939
0.165724
-0.00620317
0.737252
-0.573619
0.595399
-0.716501
0.524474
-0.787941
0.382617
-0.930826
0.0989118
-1.21659
-0.0429403
-1.35947
-0.113867
-1.43091
-0.255725
-1.5738
-0.827252
-1.00638
-1.845
-0.01
0.378021
2
-1.335
-0.5
0.328024
1.5
-0.875
-0.87
0.343984
1.2
-0.0415044
-0.772191
0.754255
1
0.884865
-1.03935
0.45793
0.5
0.246576
-1.69655
0.471699
0.5
0
-0.315
0.08
-0.045
-0.73
0.0125505
0.43222
1.27386
-0.988723
0.928352
-1.1007
0.717837
-1.70739
0.413931
-1.8484
-1.6789
-0.35769
-2.0736
-0.0476392
0.103605
-0.208547
0.0674555
0.073932
0.704709
-0.418735
0.581544
-0.578048
0.519962
-0.657703
0.396793
-0.81702
0.150462
-1.13565
0.0272967
-1.29496
-0.0342859
-1.37462
-0.157457
-1.53393
-0.79471
-1.04126
-1.805
-0.28
0.378021
2
-1.305
-0.61
0.328024
1.5
-0.885
-0.86
0.343984
1.2
-0.0437275
-0.711893
0.754255
1
0.908673
-0.862771
0.45793
0.5
0.356232
-1.5938
0.471699
0.5
0
-0.395
0.07
-0.035
-0.67
-0.137965
0.489173
1.30702
-0.744749
0.980191
-0.903227
0.85517
-1.53317
0.573541
-1.71468
-1.70473
-0.5261
-2.13838
-0.273303
0.0404274
-0.133014
-0.0342619
0.141824
0.664791
-0.25848
0.564716
-0.433243
0.51468
-0.520622
0.414601
-0.695389
0.214452
-1.04491
0.114377
-1.21968
0.0643404
-1.30706
-0.0357396
-1.48182
-0.734791
-1.08152
-1.895
-0.42
0.378021
2
-1.355
-0.7
0.328024
1.5
-0.815
-0.91
0.343984
1.2
-0.0362318
-0.651889
0.754255
1
0.927947
-0.670251
0.45793
0.5
0.481343
-1.47043
0.471699
0.5
0
-0.485
0.08
-0.035
-0.59
-0.309916
0.540943
1.3033
-0.463523
1.00376
-0.669048
0.974191
-1.31067
0.722788
-1.53223
-1.7077
-0.697027
-2.17429
-0.511788
-0.0405941
-0.0477061
-0.155495
0.212931
0.59558
-0.0785481
0.522711
-0.266316
0.486278
-0.360198
0.413406
-0.547971
0.267669
-0.923507
0.194801
-1.11127
0.158367
-1.20516
0.0854934
-1.39293
-0.66558
-1.10145
-1.905
-0.65
0.378021
2
-1.315
-0.84
0.328024
1.5
-0.765
-0.98
0.343984
1.2
-0.0389226
-0.572274
0.754255
1
0.917306
-0.446456
0.45793
0.5
0.59514
-1.30445
0.471699
0.5
0
-0.565
0.07
-0.025
-0.51
-0.492384
0.556113
1.27115
-0.15277
1.01185
-0.407273
1.09427
-1.04437
0.885175
-1.30629
-1.6539
-0.906206
-2.14566
-0.804873
-0.124785
0.023152
-0.283266
0.259888
0.507167
0.103371
0.468038
-0.0942365
0.448475
-0.193038
0.409344
-0.390651
0.331088
-0.785865
0.291961
-0.983472
0.272397
-1.08228
0.233264
-1.27989
-0.557167
-1.12337
-1.805
-0.86
0.378021
2
-1.235
-1.01
0.328024
1.5
-0.685
-1.04
0.343984
1.2
-0.0319451
-0.493223
0.754255
1
0.888005
-0.203065
0.45793
0.5
0.719851
-1.10414
0.471699
0.5
0
-0.625
0.06
-0.015
-0.43
-0.642668
0.550566
1.20998
0.124636
0.993404
-0.167159
1.17398
-0.783776
1.00815
-1.07509
-1.56266
-1.07492
-2.06428
-1.05133
-0.196552
0.0812157
-0.389967
0.290444
0.415321
0.258811
0.407413
0.0574898
0.40346
-0.0431686
0.395551
-0.244495
0.379737
-0.647137
0.37183
-0.848457
0.367877
-0.949119
0.359965
-1.15044
-0.445321
-1.11881
-1.795
-1.09
0.378021
2
-1.225
-1.12
0.328024
1.5
-0.665
-1.09
0.343984
1.2
-0.0244724
-0.414505
0.754255
1
0.839267
0.0153226
0.45793
0.5
0.813354
-0.901085
0.471699
0.5
0
-0.665
0.00999999
-0.015
-0.36
-0.798987
0.500958
1.09922
0.393164
0.934864
0.069009
1.21676
-0.508469
1.10236
-0.823595
-1.43213
-1.25654
-1.93063
-1.31779
-0.280108
0.113401
-0.506037
0.287086
0.293193
0.391566
0.319313
0.19176
0.332374
0.0918586
0.358494
-0.107953
0.410736
-0.507565
0.436857
-0.707372
0.449918
-0.807276
0.476035
-1.00709
-0.323193
-1.11157
-1.655
-1.3
0.378021
2
-1.095
-1.22
0.328024
1.5
-0.565
-1.14
0.343984
1.2
-0.0269489
-0.34632
0.754255
1
0.752165
0.222942
0.45793
0.5
0.881003
-0.684873
0.471699
0.5
0
-0.705
0.00999999
-0.005
-0.28
-0.895483
0.470537
1.00069
0.613219
0.880352
0.270224
1.23577
-0.265261
1.16377
-0.592738
-1.29216
-1.35519
-1.77835
-1.48146
-0.330083
0.154505
-0.576917
0.297005
0.201753
0.505667
0.253919
0.311001
0.280002
0.21367
0.332168
0.0189979
0.436501
-0.370334
0.488667
-0.565
0.514752
-0.662334
0.566915
-0.857006
-0.211754
-1.06567
-1.505
-1.42
0.378021
2
-0.925
-1.25
0.328024
1.5
-0.405
-1.03
0.343984
1.2
-0.0186454
-0.268008
0.754255
1
0.678975
0.398824
0.45793
0.5
0.926064
-0.484301
0.471699
0.5
0
-0.765
-0.02
-0.005
-0.2
-1.00583
0.396556
0.843012
0.844909
0.77983
0.486776
1.21754
0.0157579
1.19957
-0.319217
-1.10138
-1.4702
-1.56089
-1.6737
-0.396396
0.176245
-0.663189
0.276898
0.0717084
0.60917
0.154777
0.425447
0.19631
0.333588
0.27938
0.149859
0.445517
-0.217586
0.528585
-0.401309
0.570121
-0.493172
0.653187
-0.6769
-0.0817091
-1.00917
-1.255
-1.54
0.378021
2
-0.805
-1.31
0.328024
1.5
-0.315
-1.05
0.343984
1.2
-0.020416
-0.190373
0.754255
1
0.560167
0.581078
0.45793
0.5
0.947315
-0.25071
0.471699
0.5
0
-0.875
-0.03
-0.005
-0.11
-1.09521
0.301618
0.646465
1.06777
0.64715
0.704044
1.16085
0.317141
1.20198
-0.0158394
-0.861449
-1.55321
-1.27816
-1.83428
-0.456452
0.191722
-0.736819
0.243974
-0.0715762
0.700197
0.0424798
0.533888
0.0995068
0.450736
0.213565
0.284422
0.441677
-0.0481969
0.555733
-0.214506
0.612762
-0.297661
0.726817
-0.463976
0.0615759
-0.9202
-0.985
-1.63
0.378021
2
-0.515
-1.27
0.328024
1.5
-0.055
-0.96
0.343984
1.2
-0.0218695
-0.103229
0.754255
1
0.414304
0.75832
0.45793
0.5
0.941575
0.00731379
0.471699
0.5
0
-0.975
-0.11
-0.005
-0.04
-1.14765
0.190172
0.44778
1.22783
0.507219
0.868912
1.07681
0.569993
1.1712
0.247952
-0.617233
-1.60297
-0.983159
-1.94774
-0.499379
0.184893
-0.784572
0.191174
-0.201617
0.748994
-0.062162
0.603257
0.00756423
0.53039
0.147022
0.384648
0.425932
0.0931734
0.565387
-0.0525638
0.635116
-0.125433
0.774571
-0.271176
0.191617
-0.828996
-0.735
-1.72
0.378021
2
-0.285
-1.3
0.328024
1.5
0.055
-0.9
0.343984
1.2
-0.022746
-0.0360417
0.754255
1
0.268608
0.884868
0.45793
0.5
0.910415
0.228734
0.471699
0.5
0
-0.972822
-0.211634
-0.005
0.04
-1.17077
0.0559578
0.206773
1.36982
0.331281
1.02789
0.946299
0.838856
1.09839
0.539615
-0.319211
-1.60935
-0.615508
-2.01567
-0.532449
0.170101
-0.813995
0.123777
-0.343542
0.779511
-0.179609
0.661899
-0.0976439
0.603095
0.0662927
0.485479
0.394159
0.250256
0.558092
0.132644
0.64006
0.0738375
0.803994
-0.0437801
0.333542
-0.699514
-0.435
-1.75
0.378021
2
-0.055
-1.25
0.328024
1.5
0.135
-0.76
0.343984
1.2
-0.0231758
0.040625
0.754255
1
0.0937509
0.999655
0.45793
0.5
0.845528
0.472716
0.471699
0.5
0
-0.921157
-0.280819
-0.005
0.12
-1.15627
-0.0650348
-0.0253686
1.46662
0.156181
1.15118
0.794652
1.07086
0.996021
0.802235
-0.0305294
-1.55905
-0.25247
-2.01039
-0.547049
0.157344
-0.816452
0.0632216
-0.465883
0.790269
-0.284122
0.702628
-0.193243
0.658809
-0.0114777
0.571164
0.352045
0.395883
0.533806
0.308242
0.624688
0.264422
0.806451
0.176775
0.455884
-0.550271
-0.115
-1.74
0.378021
2
0.135
-1.17
0.328024
1.5
0.325
-0.69
0.343984
1.2
-0.0230145
0.117486
0.754255
1
-0.0729713
1.08246
0.45793
0.5
0.758425
0.692781
0.471699
0.5
0
-0.855
-0.31
0.005
0.2
-1.11244
-0.134417
-0.191728
1.53275
0.0296621
1.24374
0.673353
1.24778
0.908261
1.00779
0.199791
-1.46843
0.0388619
-1.94511
-0.537436
0.165976
-0.79226
0.03732
-0.539916
0.804277
-0.348177
0.741192
-0.25231
0.709651
-0.0605672
0.646563
0.32291
0.520394
0.514648
0.457309
0.610518
0.425767
0.80226
0.362677
0.549917
-0.40428
0.145
-1.69
0.378021
2
0.285
-1.09
0.328024
1.5
0.485
-0.53
0.343984
1.2
-0.012535
0.195145
0.754255
1
-0.188576
1.14555
0.45793
0.5
0.68699
0.868095
0.471699
0.5
0
-0.775415
-0.332572
0.015
0.28
-1.04414
-0.209019
-0.368116
1.57177
-0.108073
1.31691
0.528685
1.41187
0.795185
1.20744
0.443635
-1.34442
0.351655
-1.83912
-0.517267
0.16966
-0.751392
0.00626588
-0.609922
0.801303
-0.411163
0.765935
-0.311787
0.748253
-0.113024
0.712885
0.284492
0.642152
0.483251
0.606785
0.58263
0.589103
0.781392
0.553731
0.639923
-0.241305
0.395
-1.57
0.378021
2
0.475
-0.97
0.328024
1.5
0.565
-0.42
0.343984
1.2
-0.00167568
0.272715
0.754255
1
-0.310279
1.18885
0.45793
0.5
0.59584
1.03787
0.471699
0.5
0
-0.704437
-0.334345
-0.015
0.39
-0.970828
-0.27932
-0.62135
1.59362
-0.320144
1.38888
0.289822
1.59534
0.588434
1.4414
0.695184
-1.133
0.692423
-1.6363
-0.519377
0.186935
-0.720853
-0.0154508
-0.722665
0.792274
-0.520735
0.792728
-0.419772
0.792955
-0.217837
0.793408
0.186023
0.794317
0.387954
0.79477
0.488919
0.794998
0.690854
0.795448
0.692667
-0.0122763
0.705
-1.39
0.378021
2
0.725
-0.77
0.328024
1.5
0.685
-0.19
0.343984
1.2
-0.0301227
0.37987
0.754255
1
-0.496468
1.22694
0.45793
0.5
0.422293
1.2391
0.471699
0.5
0
-0.704437
-0.134345
-0.015
0.59
-0.970828
-0.0793204
-0.625
1.59
-0.325
1.38
0.285
1.6
0.575
1.45
0.695184
-0.932995
0.93129
-1.37374
-0.519377
0.386935
-0.720853
0.184549
-0.722665
0.992274
-0.520735
0.992728
-0.419772
0.992955
-0.217837
0.993408
0.186023
0.994317
0.387954
0.99477
0.488919
0.994998
0.690854
0.995448
0.692667
0.187724
0.765
-1.07
0.378021
2
0.685
-0.53
0.328024
1.5
0.675
0
0.343984
1.2
-0.0301226
0.57987
0.754255
1
-0.496468
1.42694
0.45793
0.5
0.422293
1.4391
0.471699
0.5
0
-0.704437
-0.0243455
-0.015
0.7
-0.970828
0.0306796
-0.615
1.58
-0.315
1.4
0.285
1.62
0.595
1.45
0.695184
-0.822995
1.10389
-1.11103
-0.519377
0.496935
-0.720853
0.294549
-0.722665
1.10227
-0.520735
1.10273
-0.419772
1.10296
-0.217837
1.10341
0.186023
1.10432
0.387954
1.10477
0.488919
1.105
0.690854
1.10545
0.692667
0.297724
0.885
-0.94
0.378021
2
0.695
-0.38
0.328024
1.5
0.625
0.18
0.343984
1.2
-0.0301226
0.68987
0.754255
1
-0.496468
1.53694
0.45793
0.5
0.422293
1.5491
0.471699
0.5
0
-0.694437
0.125655
-0.005
0.85
-0.960828
0.18068
-0.595
1.58
-0.305
1.42
0.305
1.64
0.585
1.47
0.705184
-0.672995
1.18368
-0.81806
-0.509377
0.646935
-0.710853
0.444549
-0.712665
1.25227
-0.510735
1.25273
-0.409772
1.25296
-0.207837
1.25341
0.196023
1.25432
0.397954
1.25477
0.498919
1.255
0.700854
1.25545
0.702667
0.447724
0.885
-0.73
0.378021
2
0.715
-0.24
0.328024
1.5
0.695
0.26
0.343984
1.2
-0.0201227
0.83987
0.754255
1
-0.486468
1.68694
0.45793
0.5
0.432293
1.6991
0.471699
0.5
0
