27
10
9
11
6
0
-1
0
0.4
-0.948171
-0.26079
-0.6
1.6
-0.3
1.4
0.3
1.6
0.595
1.42
0.705
-1.49999
1.205
-1.5
-0.5
0.2
-0.7
0
-0.7
0.8
-0.5
0.8
-0.4
0.8
-0.2
0.8
0.2
0.8
0.4
0.8
0.5
0.8
0.7
0.8
0.7
0
0.925
-1.47
0.378021
2
0.715
-0.91
0.328024
1.5
0.7
-0.3
0.343984
1.2
-0.015
0.39
0.754255
1
-0.475
1.23
0.45793
0.5
0.435
1.24
0.471699
0.5
0
-0.015
-0.76
-0.015
0.64
-0.963171
-0.02079
-0.615
1.59
-0.315
1.41
0.285
1.59
0.585
1.42
0.68
-0.82
1.18
-0.82
-0.515
0.44
-0.715
0.24
-0.715
1.04
-0.515
1.04
-0.415
1.04
-0.215
1.04
0.185
1.04
0.385
1.04
0.485
1.04
0.685
1.04
0.685
0.24
0.925
-0.8
0.378021
2
0.655
-0.38
0.328024
1.5
0.615
0.14
0.343984
1.2
-0.03
0.63
0.754255
1
-0.49
1.47
0.45793
0.5
0.42
1.48
0.471699
0.5
0
-0.025
-0.58
-0.025
0.82
-0.973171
0.15921
-0.625
1.59
-0.325
1.4
0.275
1.59
0.575
1.41
0.68
-0.15
1.17996
-0.144048
-0.525
0.62
-0.725
0.42
-0.725
1.22
-0.525
1.22
-0.425
1.22
-0.225
1.22
0.175
1.22
0.375
1.22
0.475
1.22
0.675
1.22
0.675
0.42
0.915
-0.14
0.378021
2
0.645
0.08
0.328024
1.5
0.545
0.55
0.343984
1.2
-0.04
0.81
0.754255
1
-0.5
1.65
0.45793
0.5
0.41
1.66
0.471699
0.5
0
-0.025
-0.57
-0.025
0.83
-0.973171
0.16921
-0.625
1.58
-0.325
1.39
0.275
1.57
0.575
1.41
0.67
0.23
1.16997
0.235747
-0.525
0.63
-0.725
0.43
-0.725
1.23
-0.525
1.23
-0.425
1.23
-0.225
1.23
0.175
1.23
0.375
1.23
0.475
1.23
0.675
1.23
0.675
0.43
0.935
0.28
0.378021
2
0.615
0.41
0.328024
1.5
0.485
0.66
0.343984
1.2
-0.04
0.82
0.754255
1
-0.5
1.66
0.45793
0.5
0.41
1.67
0.471699
0.5
0
-0.035
-0.56
-0.035
0.84
-0.983171
0.17921
-0.635
1.57
-0.335
1.4
0.265
1.57
0.565
1.4
0.67
0.9
1.16991
0.909707
-0.535
0.64
-0.735
0.44
-0.735
1.24
-0.535
1.24
-0.435
1.24
-0.235
1.24
0.165
1.24
0.365
1.24
0.465
1.24
0.665
1.24
0.665
0.44
0.915
0.85
0.378021
2
0.545
0.64
0.328024
1.5
0.485
0.62
0.343984
1.2
-0.05
0.83
0.754255
1
-0.485
1.35
0.45793
0.5
0.305
1.38
0.471699
0.5
0
-0.015
-0.55
-0.015
0.85
-0.963171
0.18921
-0.615
1.57
-0.315
1.4
0.285
1.56
0.585
1.39
0.685
1.38
1.185
1.38
-0.515
0.65
-0.715
0.45
-0.715
1.25
-0.515
1.25
-0.415
1.25
-0.215
1.25
0.185
1.25
0.385
1.25
0.485
1.25
0.685
1.25
0.685
0.45
0.995
1.37
0.378021
2
0.555
0.52
0.328024
1.5
0.685
0.94
0.343984
1.2
-0.03
0.84
0.754255
1
-0.515
1.29
0.45793
0.5
0.265
1.22
0.471699
0.5
0
-0.015
-0.56
-0.015
0.84
-0.963171
0.17921
-0.615
1.57
-0.315
1.39
0.285
1.55
0.585
1.39
1.175
1.38
1.675
1.38
-0.515
0.64
-0.715
0.44
-0.715
1.24
-0.515
1.24
-0.415
1.24
-0.215
1.24
0.185
1.24
0.385
1.24
0.485
1.24
0.685
1.24
0.685
0.44
1.435
1.39
0.378021
2
0.925
0.98
0.328024
1.5
0.555
0.57
0.343984
1.2
-0.03
0.83
0.754255
1
-0.505
1.26
0.45793
0.5
0.345
1.24
0.471699
0.5
1
2.395
1.36
0.73171
0.287348
-0.957826
1.3
0.2
0.6
0
-0.025
-0.55
-0.025
0.85
-0.973171
0.18921
-0.625
1.56
-0.325
1.38
0.275
1.54
0.585
1.38
1.675
1.39
2.175
1.39
-0.525
0.65
-0.725
0.45
-0.725
1.25
-0.525
1.25
-0.425
1.25
-0.225
1.25
0.175
1.25
0.375
1.25
0.475
1.25
0.675
1.25
0.675
0.45
1.905
1.36
0.378021
2
1.325
1.08
0.328024
1.5
0.865
0.67
0.343984
1.2
-0.04
0.84
0.754255
1
-0.495
1.22
0.45793
0.5
0.335
1.16
0.471699
0.5
1
2.955
1.34
0.73171
0.287348
-0.957826
1.3
0.2
0.6
0
-0.035
-0.56
-0.035
0.84
-0.983171
0.17921
-0.635
1.57
-0.335
1.38
0.265
1.54
0.565
1.38
1.80672
1.41287
2.30672
1.41185
-0.535
0.64
-0.735
0.44
-0.735
1.24
-0.535
1.24
-0.435
1.24
-0.235
1.24
0.165
1.24
0.365
1.24
0.465
1.24
0.665
1.24
0.665
0.44
2.055
1.36
0.378021
2
1.395
1.05
0.35609
1.5
0.905
0.62
0.343984
1.2
-0.05
0.83
0.754255
1
-0.455
1.27
0.45793
0.5
0.325
1.19
0.471699
0.5
1
3.095
1.41
0.73171
0.287348
-0.957826
1.3
0.2
0.6
0
-0.035
-0.56
-0.035
0.84
-0.983171
0.17921
-0.635
1.57
-0.335
1.38
0.265
1.54
0.565
1.38
1.80672
1.41287
2.30672
1.41185
-0.535
0.64
-0.735
0.44
-0.735
1.24
-0.535
1.24
-0.435
1.24
-0.235
1.24
0.165
1.24
0.365
1.24
0.465
1.24
0.665
1.24
0.665
0.44
2.035
1.37
0.378021
2
1.385
1.01
0.381838
1.5
0.845
0.58
0.343984
1.2
-0.05
0.83
0.754255
1
-0.485
1.23
0.45793
0.5
0.295
1.22
0.471699
0.5
0
-0.035
-0.56
-0.035
0.84
-0.983171
0.17921
-0.635
1.57
-0.335
1.38
0.265
1.54
0.565
1.38
1.80672
1.41287
2.21021
1.70817
-0.535
0.64
-0.735
0.44
-0.735
1.24
-0.535
1.24
-0.435
1.24
-0.235
1.24
0.165
1.24
0.365
1.24
0.465
1.24
0.665
1.24
0.665
0.44
2.015
1.48
0.378021
2
1.425
1.05
0.394462
1.5
0.885
0.61
0.343984
1.2
-0.05
0.83
0.754255
1
-0.455
1.28
0.45793
0.5
0.325
1.17
0.471699
0.5
0
-0.035
-0.56
-0.035
0.84
-0.983171
0.17921
-0.635
1.57
-0.335
1.38
0.265
1.54
0.565
1.38
1.725
1.34
2.11278
1.65564
-0.535
0.64
-0.735
0.44
-0.735
1.24
-0.535
1.24
-0.435
1.24
-0.235
1.24
0.165
1.24
0.365
1.24
0.465
1.24
0.665
1.24
0.665
0.44
1.955
1.51
0.378021
2
1.435
1.03
0.361248
1.5
0.885
0.64
0.343984
1.2
-0.05
0.83
0.754255
1
-0.505
1.22
0.45793
0.5
0.315
1.18
0.471699
0.5
0
-0.035
-0.56
-0.035
0.84
-0.983171
0.17921
-0.635
1.57
-0.335
1.39
0.265
1.54
0.565
1.38
1.595
1.25
1.98306
1.5653
-0.535
0.64
-0.735
0.44
-0.735
1.24
-0.535
1.24
-0.435
1.24
-0.235
1.24
0.165
1.24
0.365
1.24
0.465
1.24
0.665
1.24
0.665
0.44
1.765
1.4
0.378021
2
1.235
0.93
0.35609
1.5
0.755
0.56
0.343984
1.2
-0.05
0.83
0.754255
1
-0.475
1.23
0.45793
0.5
0.305
1.16
0.471699
0.5
0
-0.035
-0.56
-0.035
0.84
-0.983171
0.17921
-0.635
1.57
-0.335
1.39
0.265
1.54
0.565
1.38
1.485
1.17
1.87233
1.48619
-0.535
0.64
-0.735
0.44
-0.735
1.24
-0.535
1.24
-0.435
1.24
-0.235
1.24
0.165
1.24
0.365
1.24
0.465
1.24
0.665
1.24
0.665
0.44
1.695
1.31
0.378021
2
1.155
0.9
0.328024
1.5
0.765
0.51
0.343984
1.2
-0.05
0.83
0.754255
1
-0.425
1.23
0.45793
0.5
0.415
1.19
0.471699
0.5
0
-0.035
-0.56
-0.035
0.84
-0.983171
0.17921
-0.635
1.57
-0.335
1.38
0.265
1.54
0.565
1.39
1.325
1.04
1.71097
1.35785
-0.535
0.64
-0.735
0.44
-0.735
1.24
-0.535
1.24
-0.435
1.24
-0.235
1.24
0.165
1.24
0.365
1.24
0.465
1.24
0.665
1.24
0.665
0.44
1.525
1.2
0.378021
2
1.065
0.84
0.328024
1.5
0.745
0.54
0.343984
1.2
-0.05
0.83
0.754255
1
-0.425
1.26
0.45793
0.5
0.335
1.22
0.471699
0.5
0
-0.035
-0.56
-0.035
0.84
-0.983171
0.17921
-0.635
1.57
-0.335
1.38
0.265
1.54
0.565
1.39
1.235
0.97
1.60665
1.30448
-0.535
0.64
-0.735
0.44
-0.735
1.24
-0.535
1.24
-0.435
1.24
-0.235
1.24
0.165
1.24
0.365
1.24
0.465
1.24
0.665
1.24
0.665
0.44
1.445
1.13
0.378021
2
1.015
0.77
0.328024
1.5
0.705
0.44
0.343984
1.2
-0.05
0.83
0.754255
1
-0.505
1.28
0.45793
0.5
0.385
1.22
0.471699
0.5
0
-0.035
-0.56
-0.035
0.84
-0.983171
0.17921
-0.635
1.57
-0.335
1.38
0.265
1.54
0.565
1.4
1.125
0.86
1.49748
1.19356
-0.535
0.64
-0.735
0.44
-0.735
1.24
-0.535
1.24
-0.435
1.24
-0.235
1.24
0.165
1.24
0.365
1.24
0.465
1.24
0.665
1.24
0.665
0.44
1.335
1.06
0.378021
2
1.085
0.83
0.328024
1.5
0.655
0.51
0.343984
1.2
-0.05
0.83
0.754255
1
-0.455
1.24
0.45793
0.5
0.285
1.18
0.471699
0.5
0
-0.035
-0.56
-0.035
0.84
-0.983171
0.17921
-0.635
1.57
-0.335
1.38
0.265
1.54
0.565
1.4
1.035
0.77
1.4087
1.10218
-0.535
0.64
-0.735
0.44
-0.735
1.24
-0.535
1.24
-0.435
1.24
-0.235
1.24
0.165
1.24
0.365
1.24
0.465
1.24
0.665
1.24
0.665
0.44
1.245
0.99
0.378021
2
1.015
0.74
0.328024
1.5
0.655
0.45
0.343984
1.2
-0.05
0.83
0.754255
1
-0.405
1.29
0.45793
0.5
0.375
1.22
0.471699
0.5
0
-0.035
-0.56
-0.035
0.84
-0.983171
0.17921
-0.635
1.57
-0.335
1.38
0.265
1.54
0.565
1.41
0.955
0.71
1.33166
1.03883
-0.535
0.64
-0.735
0.44
-0.735
1.24
-0.535
1.24
-0.435
1.24
-0.235
1.24
0.165
1.24
0.365
1.24
0.465
1.24
0.665
1.24
0.665
0.44
1.185
0.89
0.378021
2
0.965
0.69
0.328024
1.5
0.575
0.56
0.343984
1.2
-0.05
0.83
0.754255
1
-0.455
1.27
0.45793
0.5
0.345
1.18
0.471699
0.5
0
-0.035
-0.56
-0.035
0.84
-0.983171
0.17921
-0.635
1.57
-0.335
1.38
0.265
1.54
0.565
1.41
0.865
0.63
1.22977
0.971971
-0.535
0.64
-0.735
0.44
-0.735
1.24
-0.535
1.24
-0.435
1.24
-0.235
1.24
0.165
1.24
0.365
1.24
0.465
1.24
0.665
1.24
0.665
0.44
1.115
0.81
0.378021
2
0.715
0.51
0.328024
1.5
0.355
0.71
0.343984
1.2
-0.05
0.83
0.754255
1
-0.455
1.28
0.45793
0.5
0.355
1.16
0.471699
0.5
0
-0.035
-0.56
-0.035
0.84
-0.983171
0.17921
-0.635
1.57
-0.335
1.38
0.265
1.54
0.565
1.41
0.785
0.56
1.15172
0.899882
-0.535
0.64
-0.735
0.44
-0.735
1.24
-0.535
1.24
-0.435
1.24
-0.235
1.24
0.165
1.24
0.365
1.24
0.465
1.24
0.665
1.24
0.665
0.44
0.995
0.76
0.378021
2
0.785
0.53
0.328024
1.5
0.485
0.68
0.343984
1.2
-0.05
0.83
0.754255
1
-0.505
1.25
0.45793
0.5
0.385
1.2
0.471699
0.5
0
-0.025
-0.68
-0.025
0.72
-0.973171
0.05921
-0.625
1.58
-0.325
1.39
0.275
1.54
0.575
1.42
0.675
0.59
1.17491
0.599522
-0.525
0.52
-0.725
0.32
-0.725
1.12
-0.525
1.12
-0.425
1.12
-0.225
1.12
0.175
1.12
0.375
1.12
0.475
1.12
0.675
1.12
0.675
0.32
0.925
0.58
0.378021
2
0.545
0.52
0.328024
1.5
0.245
0.58
0.343984
1.2
-0.04
0.71
0.754255
1
-0.455
1.26
0.45793
0.5
0.395
1.17
0.471699
0.5
0
-0.025
-0.84
-0.025
0.56
-0.973171
-0.10079
-0.625
1.57
-0.325
1.39
0.275
1.53
0.575
1.42
0.675
-0.11
1.175
-0.11
-0.525
0.36
-0.725
0.16
-0.725
0.96
-0.525
0.96
-0.425
0.96
-0.225
0.96
0.175
0.96
0.375
0.96
0.475
0.96
0.675
0.96
0.675
0.16
0.905
-0.18
0.378021
2
0.595
0.07
0.328024
1.5
0.445
0.33
0.343984
1.2
-0.04
0.55
0.754255
1
-0.465
1.28
0.45793
0.5
0.405
1.17
0.471699
0.5
0
-0.025
-0.96
-0.025
0.44
-0.973171
-0.22079
-0.625
1.57
-0.325
1.4
0.275
1.54
0.575
1.41
0.675
-0.53
1.175
-0.53
-0.525
0.24
-0.725
0.04
-0.725
0.84
-0.525
0.84
-0.425
0.84
-0.225
0.84
0.175
0.84
0.375
0.84
0.475
0.84
0.675
0.84
0.675
0.04
0.905
-0.57
0.378021
2
0.625
-0.14
0.328024
1.5
0.465
0.38
0.343984
1.2
-0.04
0.43
0.754255
1
-0.5
1.27
0.45793
0.5
0.335
1.2
0.471699
0.5
0
-0.025
-1.02
-0.025
0.38
-0.973171
-0.28079
-0.617647
1.57276
-0.325
1.39
0.275
1.55
0.575
1.41
0.675
-0.83
1.175
-0.83
-0.525
0.18
-0.725
-0.02
-0.725
0.78
-0.525
0.78
-0.425
0.78
-0.225
0.78
0.175
0.78
0.375
0.78
0.475
0.78
0.675
0.78
0.675
-0.02
0.955
-0.86
0.378021
2
0.695
-0.54
0.328024
1.5
0.585
-0.02
0.343984
1.2
-0.04
0.37
0.754255
1
-0.5
1.21
0.45793
0.5
0.415
1.22
0.471699
0.5
0
-0.025
-1.02
-0.025
0.38
-0.973171
-0.28079
-0.617647
1.57276
-0.325
1.39
0.275
1.55
0.575
1.41
0.675
-1.2
1.175
-1.2
-0.525
0.18
-0.725
-0.02
-0.725
0.78
-0.525
0.78
-0.425
0.78
-0.225
0.78
0.175
0.78
0.375
0.78
0.475
0.78
0.675
0.78
0.675
-0.02
0.945
-1.21
0.378021
2
0.685
-0.68
0.328024
1.5
0.595
-0.11
0.343984
1.2
-0.04
0.37
0.754255
1
-0.5
1.21
0.45793
0.5
0.405
1.23
0.471699
0.5
0
-0.025
-1.02
-0.025
0.38
-0.973171
-0.28079
-0.617647
1.57276
-0.325
1.39
0.275
1.55
0.575
1.41
0.675
-1.4
1.17494
-1.39206
-0.525
0.18
-0.725
-0.02
-0.725
0.78
-0.525
0.78
-0.425
0.78
-0.225
0.78
0.175
0.78
0.375
0.78
0.475
0.78
0.675
0.78
0.675
-0.02
0.885
-1.42
0.378021
2
0.665
-0.78
0.328024
1.5
0.655
-0.17
0.343984
1.2
-0.04
0.37
0.754255
1
-0.5
1.21
0.45793
0.5
0.41
1.22
0.471699
0.5
0
