41
10
9
11
6
0
-1
0
0.4
-0.948171
-0.26079
-0.6
1.6
-0.3
1.4
0.3
1.6
0.595
1.41
0.705
-1.32
1.205
-1.32
-0.5
0.2
-0.7
0
-0.7
0.8
-0.5
0.8
-0.4
0.8
-0.2
0.8
0.2
0.8
0.4
0.8
0.5
0.8
0.7
0.8
0.7
0
0.945
-1.32
0.378021
2
0.715
-0.91
0.328024
1.5
0.7
-0.3
0.343984
1.2
-0.015
0.39
0.754255
1
-0.475
1.23
0.45793
0.5
0.435
1.24
0.471699
0.5
0
0
-1
0
0.4
-0.948171
-0.26079
-0.6
1.6
-0.3
1.4
0.3
1.6
0.595
1.41
1.075
-1.32
1.575
-1.32
-0.5
0.2
-0.7
0
-0.7
0.8
-0.5
0.8
-0.4
0.8
-0.2
0.8
0.2
0.8
0.4
0.8
0.5
0.8
0.7
0.8
0.7
0
1.325
-1.32
0.378021
2
0.945
-0.81
0.328024
1.5
0.7
-0.3
0.343984
1.2
-0.015
0.39
0.754255
1
-0.475
1.23
0.45793
0.5
0.435
1.24
0.471699
0.5
0
0
-1
0
0.4
-0.948171
-0.26079
-0.6
1.6
-0.3
1.4
0.3
1.6
0.595
1.41
1.39033
-1.33171
1.89033
-1.33082
-0.5
0.2
-0.7
0
-0.7
0.8
-0.5
0.8
-0.4
0.8
-0.2
0.8
0.2
0.8
0.4
0.8
0.5
0.8
0.7
0.8
0.7
0
1.645
-1.33
0.378021
2
1.145
-0.85
0.361248
1.5
0.835
-0.29
0.343984
1.2
-0.015
0.39
0.754255
1
-0.475
1.23
0.45793
0.5
0.435
1.24
0.471699
0.5
0
0
-1
0
0.4
-0.948171
-0.26079
-0.6
1.6
-0.3
1.4
0.3
1.6
0.595
1.41
1.415
-0.93
1.915
-0.93
-0.5
0.2
-0.7
0
-0.7
0.8
-0.5
0.8
-0.4
0.8
-0.2
0.8
0.2
0.8
0.4
0.8
0.5
0.8
0.7
0.8
0.7
0
1.635
-0.94
0.378021
2
1.175
-0.63
0.328024
1.5
0.835
-0.18
0.343984
1.2
-0.015
0.39
0.754255
1
-0.475
1.23
0.45793
0.5
0.435
1.24
0.471699
0.5
0
0
-1
0
0.4
-0.948171
-0.26079
-0.6
1.6
-0.3
1.4
0.3
1.6
0.595
1.41
1.425
-0.54
1.925
-0.54
-0.5
0.2
-0.7
0
-0.7
0.8
-0.5
0.8
-0.4
0.8
-0.2
0.8
0.2
0.8
0.4
0.8
0.5
0.8
0.7
0.8
0.7
0
1.685
-0.56
0.378021
2
1.225
-0.37
0.328024
1.5
0.815
-0.13
0.343984
1.2
-0.015
0.39
0.754255
1
-0.475
1.23
0.45793
0.5
0.435
1.24
0.471699
0.5
0
0
-1
0
0.4
-0.948171
-0.26079
-0.6
1.6
-0.3
1.4
0.3
1.6
0.595
1.41
1.445
-0.16
1.945
-0.16
-0.5
0.2
-0.7
0
-0.7
0.8
-0.5
0.8
-0.4
0.8
-0.2
0.8
0.2
0.8
0.4
0.8
0.5
0.8
0.7
0.8
0.7
0
1.715
-0.17
0.378021
2
1.195
-0.11
0.328024
1.5
0.715
-0.02
0.343984
1.2
-0.015
0.39
0.754255
1
-0.475
1.23
0.45793
0.5
0.435
1.24
0.471699
0.5
0
0
-1
0
0.4
-0.948171
-0.26079
-0.6
1.6
-0.3
1.4
0.3
1.6
0.595
1.41
1.475
0
1.975
0
-0.5
0.2
-0.7
0
-0.7
0.8
-0.5
0.8
-0.4
0.8
-0.2
0.8
0.2
0.8
0.4
0.8
0.5
0.8
0.7
0.8
0.7
0
1.725
-0.03
0.378021
2
1.215
0
0.328024
1.5
0.675
0.03
0.343984
1.2
-0.015
0.39
0.754255
1
-0.475
1.23
0.45793
0.5
0.435
1.24
0.471699
0.5
0
0
-1
0
0.4
-0.948171
-0.26079
-0.6
1.6
-0.3
1.4
0.3
1.6
0.595
1.41
1.755
0
2.255
0
-0.5
0.2
-0.7
0
-0.7
0.8
-0.5
0.8
-0.4
0.8
-0.2
0.8
0.2
0.8
0.4
0.8
0.5
0.8
0.7
0.8
0.7
0
1.975
-0.04
0.378021
2
1.445
0.01
0.328024
1.5
0.915
-0.02
0.343984
1.2
-0.015
0.39
0.754255
1
-0.475
1.23
0.45793
0.5
0.435
1.24
0.471699
0.5
0
0
-1
0
0.4
-0.948171
-0.26079
-0.6
1.6
-0.3
1.4
0.3
1.6
0.595
1.41
2.2
0
2.7
0
-0.5
0.2
-0.7
0
-0.7
0.8
-0.5
0.8
-0.4
0.8
-0.2
0.8
0.2
0.8
0.4
0.8
0.5
0.8
0.7
0.8
0.7
0
2.425
-0.02
0.378021
2
1.695
0
0.386005
1.5
0.965
0
0.372021
1.2
-0.015
0.39
0.754255
1
-0.475
1.23
0.45793
0.5
0.435
1.24
0.471699
0.5
1
3.715
-0.06
1
0.957826
-0.287348
1.5
0.3
1.04
0
0
-1
0
0.4
-0.948171
-0.26079
-0.6
1.6
-0.3
1.4
0.3
1.6
0.595
1.41
2.2
0
2.7
0
-0.5
0.2
-0.7
0
-0.7
0.8
-0.5
0.8
-0.4
0.8
-0.2
0.8
0.2
0.8
0.4
0.8
0.5
0.8
0.7
0.8
0.7
0
2.435
0
0.378021
2
1.675
0.01
0.4
1.5
0.955
0
0.35609
1.2
-0.015
0.39
0.754255
1
-0.475
1.23
0.45793
0.5
0.435
1.24
0.471699
0.5
1
3.715
-0.08
1
0.980581
-0.196116
1.5
0.3
1.04
0
0
-1
0
0.4
-0.948171
-0.26079
-0.6
1.6
-0.3
1.4
0.3
1.6
0.595
1.41
2.2
0
2.7
0
-0.5
0.2
-0.7
0
-0.7
0.8
-0.5
0.8
-0.4
0.8
-0.2
0.8
0.2
0.8
0.4
0.8
0.5
0.8
0.7
0.8
0.7
0
2.425
-0.04
0.378021
2
1.705
0.01
0.380132
1.5
0.995
0.01
0.385876
1.2
-0.015
0.39
0.754255
1
-0.475
1.23
0.45793
0.5
0.435
1.24
0.471699
0.5
1
3.715
-0.05
1
0.980581
-0.196116
1.5
0.3
1.04
0
0
-1
0
0.4
-0.948171
-0.26079
-0.6
1.6
-0.3
1.4
0.3
1.6
0.595
1.41
1.825
0
2.325
0
-0.5
0.2
-0.7
0
-0.7
0.8
-0.5
0.8
-0.4
0.8
-0.2
0.8
0.2
0.8
0.4
0.8
0.5
0.8
0.7
0.8
0.7
0
2.105
-0.03
0.378021
2
1.455
0
0.329848
1.5
0.805
0
0.343984
1.2
-0.015
0.39
0.754255
1
-0.475
1.23
0.45793
0.5
0.435
1.24
0.471699
0.5
0
0
-1
0
0.4
-0.948171
-0.26079
-0.6
1.6
-0.3
1.4
0.3
1.6
0.595
1.41
1.195
0
1.695
0
-0.5
0.2
-0.7
0
-0.7
0.8
-0.5
0.8
-0.4
0.8
-0.2
0.8
0.2
0.8
0.4
0.8
0.5
0.8
0.7
0.8
0.7
0
1.425
-0.02
0.378021
2
0.945
-0.02
0.328024
1.5
0.635
0.03
0.343984
1.2
-0.015
0.39
0.754255
1
-0.475
1.23
0.45793
0.5
0.435
1.24
0.471699
0.5
0
-0.165
-0.56
-0.105
0.35
-1.14693
-0.17068
-0.590861
1.6013
-0.310654
1.37411
0.305675
1.51743
0.581833
1.30066
0.985
-0.27
1.46011
-0.425775
-0.621714
0.197365
-0.839582
0.0167735
-0.765029
0.813695
-0.565799
0.795056
-0.466184
0.785737
-0.266954
0.767099
0.131507
0.729823
0.330737
0.711184
0.430352
0.701865
0.629583
0.683227
0.55503
-0.113694
1.195
-0.33
0.378021
2
0.835
-0.19
0.328024
1.5
0.475
-0.02
0.343984
1.2
-0.120874
0.341436
0.754255
1
-0.500823
1.22107
0.45793
0.5
0.406606
1.14623
0.471699
0.5
0
-0.305
-0.66
-0.185
0.32
-1.26119
-0.128554
-0.601747
1.59604
-0.334368
1.35386
0.275101
1.40652
0.549226
1.29135
0.905
-0.41
1.35462
-0.628733
-0.709306
0.195836
-0.93673
0.0274175
-0.818719
0.819103
-0.620798
0.7896
-0.521837
0.774848
-0.323916
0.745345
0.0719272
0.68634
0.269849
0.656837
0.368809
0.642085
0.566731
0.612582
0.448719
-0.179103
1.125
-0.54
0.378021
2
0.775
-0.33
0.328024
1.5
0.395
-0.15
0.343984
1.2
-0.201319
0.312317
0.754255
1
-0.532626
1.21144
0.45793
0.5
0.369391
1.0871
0.471699
0.5
0
-0.505
-0.68
-0.305
0.28
-1.41751
-0.0692372
-0.604449
1.58868
-0.355
1.36
0.245
1.29
0.535
1.24
0.775
-0.61
1.19626
-0.879331
-0.838453
0.203843
-1.08022
0.0567079
-0.890951
0.834523
-0.696497
0.787204
-0.59927
0.763545
-0.404817
0.716226
-0.0159089
0.621589
0.178545
0.57427
0.275772
0.550611
0.470226
0.503292
0.280951
-0.274523
1.015
-0.77
0.378021
2
0.615
-0.46
0.328024
1.5
0.255
-0.18
0.343984
1.2
-0.32195
0.273826
0.754255
1
-0.570455
1.19936
0.45793
0.5
0.316675
0.993788
0.471699
0.5
0
-0.684177
-0.717276
-0.395
0.24
-1.53392
-0.0106228
-0.578861
1.57
-0.375
1.26
0.205
1.09
0.535
1.11
0.635
-0.94
0.96147
-1.3187
-0.933129
0.210789
-1.18687
0.08535
-0.930264
0.843714
-0.740673
0.779561
-0.645877
0.747485
-0.456287
0.683333
-0.0771054
0.55503
0.112485
0.490878
0.207281
0.458802
0.396872
0.39465
0.140265
-0.363713
0.765
-1.14
0.378021
2
0.505
-0.76
0.328024
1.5
0.145
-0.39
0.343984
1.2
-0.412427
0.235332
0.754255
1
-0.579048
1.17916
0.45793
0.5
0.286798
0.896752
0.471699
0.5
0
-0.958919
-0.699145
-0.565
0.22
-1.72606
0.108807
-0.586817
1.5627
-0.425
1.2
0.115
0.95
0.495
1.02
0.285
-1.24
0.520294
-1.68118
-1.10281
0.256029
-1.36989
0.162152
-1.02348
0.884078
-0.842994
0.797473
-0.752754
0.754171
-0.572273
0.667566
-0.21131
0.494359
-0.0308289
0.407754
0.0594118
0.364452
0.239893
0.277848
-0.106524
-0.444078
0.395
-1.44
0.378021
2
0.145
-1
0.328024
1.5
-0.115
-0.48
0.343984
1.2
-0.582866
0.217471
0.754255
1
-0.634235
1.17468
0.45793
0.5
0.191284
0.789658
0.471699
0.5
0
-1.13415
-0.658358
-0.675
0.23
-1.84197
0.239435
-0.595049
1.57059
-0.465
1.17
0.035
0.83
0.450073
0.957984
-0.105
-1.47
-0.0384337
-1.96555
-1.20857
0.306666
-1.48202
0.233284
-1.08189
0.926946
-0.908472
0.826912
-0.821765
0.776896
-0.64835
0.676863
-0.301519
0.476798
-0.128104
0.376765
-0.0413963
0.326749
0.132019
0.226716
-0.268112
-0.466945
-0.035
-1.68
0.378021
2
-0.165
-1.17
0.328024
1.5
-0.255
-0.61
0.343984
1.2
-0.693008
0.228832
0.754255
1
-0.671725
1.18725
0.45793
0.5
0.122316
0.740774
0.471699
0.5
0
-1.39188
-0.590595
-0.835
0.24
-1.99163
0.396478
-0.586671
1.56001
-0.545
1.09
-0.095
0.71
0.295
0.74
-0.605
-1.61
-0.629068
-2.10942
-1.35472
0.383331
-1.63528
0.344997
-1.15084
0.982779
-0.991392
0.861667
-0.911669
0.801112
-0.752224
0.680001
-0.433333
0.43778
-0.273888
0.316669
-0.194165
0.256114
-0.0347196
0.135003
-0.519162
-0.502779
-0.605
-1.82
0.378021
2
-0.585
-1.26
0.328024
1.5
-0.535
-0.71
0.343984
1.2
-0.853014
0.241111
0.754255
1
-0.711073
1.18934
0.45793
0.5
0.0204589
0.646255
0.471699
0.5
0
-1.115
-0.54
-0.655
0.33
-1.81894
0.294823
-0.605
1.57
-0.464356
1.20772
0.026291
0.881798
0.455
1.02
-0.165
-1.58
-0.0437322
-2.06507
-1.18778
0.412802
-1.46211
0.342546
-1.05396
1.03173
-0.881661
0.929689
-0.795513
0.87867
-0.623218
0.77663
-0.278626
0.572552
-0.10633
0.470513
-0.0201817
0.419494
0.152114
0.317454
-0.256043
-0.371729
-0.135
-1.81
0.378021
2
-0.185
-1.19
0.328024
1.5
-0.235
-0.6
0.343984
1.2
-0.673024
0.329038
0.754255
1
-0.640739
1.28737
0.45793
0.5
0.148308
0.831708
0.471699
0.5
0
-0.805
-0.41
-0.445
0.48
-1.5901
0.288282
-0.615
1.57
-0.395
1.28
0.170146
1.10481
0.515
1.21
0.335
-1.45
0.459345
-1.93429
-0.983759
0.50251
-1.24851
0.40191
-0.920211
1.13261
-0.737537
1.05053
-0.6462
1.00949
-0.463527
0.92742
-0.0981784
0.763274
0.0844955
0.6812
0.175833
0.640164
0.358507
0.55809
0.030212
-0.172606
0.435
-1.68
0.378021
2
0.235
-1.06
0.328024
1.5
0.095
-0.43
0.343984
1.2
-0.462804
0.477022
0.754255
1
-0.538244
1.43302
0.45793
0.5
0.285
1.03
0.471699
0.5
0
-0.543156
-0.363375
-0.275
0.6
-1.38663
0.26401
-0.625
1.56
-0.365
1.35
0.215
1.24
0.555
1.34
0.805
-1.27
1.03451
-1.71421
-0.81236
0.55374
-1.0622
0.42023
-0.829537
1.18694
-0.637859
1.12877
-0.54202
1.09969
-0.350343
1.04152
0.033011
0.925187
0.224688
0.867021
0.320527
0.837937
0.512205
0.77977
0.279537
0.0130613
0.925
-1.53
0.378021
2
0.645
-0.88
0.332415
1.5
0.385
-0.27
0.389891
1.2
-0.292284
0.594779
0.754255
1
-0.48884
1.5336
0.45793
0.5
0.325
1.13
0.471699
0.5
0
-0.265
-0.15
-0.135
0.83
-1.18482
0.333061
-0.635
1.57
-0.355
1.46
0.245
1.39
0.575
1.47
1.2651
-0.958916
1.51901
-1.38965
-0.659681
0.704677
-0.887046
0.535622
-0.770426
1.32846
-0.572215
1.29931
-0.473109
1.28473
-0.2749
1.25557
0.12152
1.19726
0.31973
1.16811
0.418835
1.15353
0.617045
1.12438
0.500426
0.331538
1.375
-1.19
0.378021
2
1.035
-0.56
0.371214
1.5
0.615
0.05
0.422213
1.2
-0.145
0.84
0.754255
1
-0.515
1.43
0.350295
0.5
0.375
1.25
0.407922
0.5
0
-0.125
-0.11
-0.065
0.85
-1.07544
0.277088
-0.618153
1.55121
-0.3308
1.46212
0.272756
1.43649
0.575
1.49
1.57994
-0.740674
1.89116
-1.13201
-0.579056
0.686379
-0.793368
0.501034
-0.735434
1.30035
-0.535604
1.28586
-0.43569
1.27862
-0.235862
1.26414
0.163795
1.23517
0.363624
1.22069
0.463538
1.21345
0.663367
1.19897
0.605434
0.399651
1.725
-0.95
0.378021
2
1.235
-0.42
0.379473
1.5
0.735
0.12
0.40389
1.2
-0.0807113
0.841095
0.754255
1
-0.505
1.36
0.323522
0.5
0.365
1.26
0.385123
0.5
0
0.0487605
-0.143508
-0.065
0.85
-1.03197
0.204627
-0.665
1.53
-0.374842
1.4417
0.245
1.45
0.535
1.5
1.805
-0.47
2.19262
-0.785836
-0.566239
0.649287
-0.76669
0.448686
-0.766989
1.25079
-0.566463
1.25086
-0.4662
1.2509
-0.265675
1.25097
0.135375
1.25113
0.3359
1.2512
0.436163
1.25124
0.636689
1.25131
0.636989
0.449212
1.985
-0.61
0.378021
2
1.425
-0.15
0.368917
1.5
0.835
0.3
0.372033
1.2
-0.0800356
0.839968
0.754255
1
-0.565
1.41
0.324077
0.5
0.455
1.39
0.316228
0.5
0
0.0487605
-0.143508
-0.065
0.85
-1.03197
0.204627
-0.665
1.53
-0.374842
1.4417
0.245
1.45
0.535
1.5
1.695
-0.37
2.07768
-0.6918
-0.566239
0.649287
-0.76669
0.448686
-0.766989
1.25079
-0.566463
1.25086
-0.4662
1.2509
-0.265675
1.25097
0.135375
1.25113
0.3359
1.2512
0.436163
1.25124
0.636689
1.25131
0.636989
0.449212
1.885
-0.55
0.378021
2
1.355
-0.07
0.362491
1.5
0.785
0.29
0.343984
1.2
-0.0800356
0.839968
0.754255
1
-0.565
1.39
0.302852
0.5
0.395
1.35
0.293936
0.5
0
0.0487605
-0.143508
-0.065
0.85
-1.03197
0.204627
-0.665
1.53
-0.374842
1.4417
0.245
1.45
0.535
1.5
1.565
-0.28
1.95469
-0.593278
-0.566239
0.649287
-0.76669
0.448686
-0.766989
1.25079
-0.566463
1.25086
-0.4662
1.2509
-0.265675
1.25097
0.135375
1.25113
0.3359
1.2512
0.436163
1.25124
0.636689
1.25131
0.636989
0.449212
1.765
-0.44
0.378021
2
1.295
-0.08
0.328024
1.5
0.815
0.29
0.343984
1.2
-0.0800356
0.839968
0.754255
1
-0.555
1.37
0.307559
0.5
0.385
1.33
0.321369
0.5
0
0.0487605
-0.143508
-0.065
0.85
-1.03197
0.204627
-0.665
1.53
-0.374842
1.4417
0.245
1.45
0.535
1.5
1.445
-0.18
1.83121
-0.497553
-0.566239
0.649287
-0.76669
0.448686
-0.766989
1.25079
-0.566463
1.25086
-0.4662
1.2509
-0.265675
1.25097
0.135375
1.25113
0.3359
1.2512
0.436163
1.25124
0.636689
1.25131
0.636989
0.449212
1.645
-0.33
0.378021
2
1.195
0.01
0.328024
1.5
0.825
0.35
0.343984
1.2
-0.0800356
0.839968
0.754255
1
-0.545
1.35
0.340946
0.5
0.425
1.35
0.335472
0.5
0
0.0487605
-0.143508
-0.065
0.85
-1.03197
0.204627
-0.665
1.53
-0.374842
1.4417
0.245
1.45
0.535
1.5
1.335
-0.1
1.72932
-0.407433
-0.566239
0.649287
-0.76669
0.448686
-0.766989
1.25079
-0.566463
1.25086
-0.4662
1.2509
-0.265675
1.25097
0.135375
1.25113
0.3359
1.2512
0.436163
1.25124
0.636689
1.25131
0.636989
0.449212
1.535
-0.27
0.378021
2
1.075
0.03
0.328024
1.5
0.695
0.34
0.343984
1.2
-0.0800356
0.839968
0.754255
1
-0.555
1.41
0.295698
0.5
0.415
1.34
0.317763
0.5
0
0.0487605
-0.143508
-0.065
0.85
-1.03197
0.204627
-0.665
1.53
-0.374842
1.4417
0.245
1.45
0.535
1.5
1.235
-0.03
1.62728
-0.340027
-0.566239
0.649287
-0.76669
0.448686
-0.766989
1.25079
-0.566463
1.25086
-0.4662
1.2509
-0.265675
1.25097
0.135375
1.25113
0.3359
1.2512
0.436163
1.25124
0.636689
1.25131
0.636989
0.449212
1.435
-0.24
0.378021
2
1.065
0.1
0.328024
1.5
0.775
0.36
0.343984
1.2
-0.0800356
0.839968
0.754255
1
-0.575
1.37
0.349952
0.5
0.405
1.37
0.305341
0.5
0
0.0487605
-0.143508
-0.065
0.85
-1.03197
0.204627
-0.665
1.53
-0.374842
1.4417
0.245
1.45
0.535
1.5
1.095
0.08
1.4781
-0.241306
-0.566239
0.649287
-0.76669
0.448686
-0.766989
1.25079
-0.566463
1.25086
-0.4662
1.2509
-0.265675
1.25097
0.135375
1.25113
0.3359
1.2512
0.436163
1.25124
0.636689
1.25131
0.636989
0.449212
1.315
-0.08
0.378021
2
0.975
0.17
0.328024
1.5
0.615
0.34
0.343984
1.2
-0.0800356
0.839968
0.754255
1
-0.555
1.41
0.250983
0.5
0.385
1.31
0.347766
0.5
0
0.0487605
-0.143508
-0.065
0.85
-1.03197
0.204627
-0.665
1.53
-0.374842
1.4417
0.245
1.45
0.535
1.5
0.935
0.21
1.31911
-0.110092
-0.566239
0.649287
-0.76669
0.448686
-0.766989
1.25079
-0.566463
1.25086
-0.4662
1.2509
-0.265675
1.25097
0.135375
1.25113
0.3359
1.2512
0.436163
1.25124
0.636689
1.25131
0.636989
0.449212
1.105
0.04
0.378021
2
0.735
0.33
0.328024
1.5
0.495
0.55
0.343984
1.2
-0.0800356
0.839968
0.754255
1
-0.585
1.4
0.265278
0.5
0.435
1.35
0.289043
0.5
0
0.0487605
-0.143508
-0.065
0.85
-1.03197
0.204627
-0.665
1.53
-0.374842
1.4417
0.245
1.45
0.535
1.5
0.825
0.29
1.20746
-0.0320679
-0.566239
0.649287
-0.76669
0.448686
-0.766989
1.25079
-0.566463
1.25086
-0.4662
1.2509
-0.265675
1.25097
0.135375
1.25113
0.3359
1.2512
0.436163
1.25124
0.636689
1.25131
0.636989
0.449212
1.055
0.12
0.378021
2
0.755
0.35
0.328024
1.5
0.535
0.56
0.343984
1.2
-0.0800356
0.839968
0.754255
1
-0.545
1.4
0.373381
0.5
0.425
1.32
0.349113
0.5
0
0.0487605
-0.143508
-0.065
0.85
-1.03197
0.204627
-0.665
1.53
-0.374842
1.4417
0.245
1.45
0.535
1.5
0.825
0.29
1.28191
0.0869308
-0.566239
0.649287
-0.76669
0.448686
-0.766989
1.25079
-0.566463
1.25086
-0.4662
1.2509
-0.265675
1.25097
0.135375
1.25113
0.3359
1.2512
0.436163
1.25124
0.636689
1.25131
0.636989
0.449212
1.045
0.12
0.378021
2
0.735
0.31
0.328024
1.5
0.505
0.54
0.343984
1.2
-0.0800356
0.839968
0.754255
1
-0.555
1.32
0.34831
0.5
0.405
1.36
0.336848
0.5
0
0.0487605
-0.143508
-0.065
0.85
-1.03197
0.204627
-0.665
1.53
-0.374842
1.4417
0.245
1.45
0.535
1.5
0.825
0.29
1.31981
0.218172
-0.566239
0.649287
-0.76669
0.448686
-0.766989
1.25079
-0.566463
1.25086
-0.4662
1.2509
-0.265675
1.25097
0.135375
1.25113
0.3359
1.2512
0.436163
1.25124
0.636689
1.25131
0.636989
0.449212
1.085
0.24
0.378021
2
0.755
0.33
0.328024
1.5
0.585
0.53
0.343984
1.2
-0.0800356
0.839968
0.754255
1
-0.555
1.37
0.340838
0.5
0.405
1.35
0.313923
0.5
0
0.0487605
-0.143508
-0.065
0.85
-1.03197
0.204627
-0.665
1.53
-0.374842
1.4417
0.245
1.45
0.535
1.5
0.825
0.29
1.325
0.29
-0.566239
0.649287
-0.76669
0.448686
-0.766989
1.25079
-0.566463
1.25086
-0.4662
1.2509
-0.265675
1.25097
0.135375
1.25113
0.3359
1.2512
0.436163
1.25124
0.636689
1.25131
0.636989
0.449212
1.065
0.31
0.378021
2
0.735
0.38
0.328024
1.5
0.555
0.47
0.343984
1.2
-0.0800356
0.839968
0.754255
1
-0.535
1.38
0.290144
0.5
0.395
1.31
0.34392
0.5
0
0.0487605
-0.143508
-0.065
0.85
-1.03197
0.204627
-0.665
1.53
-0.374842
1.4417
0.245
1.45
0.535
1.5
0.635
0.15
1.13498
0.154807
-0.566239
0.649287
-0.76669
0.448686
-0.766989
1.25079
-0.566463
1.25086
-0.4662
1.2509
-0.265675
1.25097
0.135375
1.25113
0.3359
1.2512
0.436163
1.25124
0.636689
1.25131
0.636989
0.449212
0.875
0.16
0.378021
2
0.575
0.35
0.328024
1.5
0.435
0.45
0.343984
1.2
-0.0800356
0.839968
0.754255
1
-0.585
1.36
0.321689
0.5
0.385
1.35
0.316819
0.5
0
0.0387605
-0.363508
-0.075
0.63
-1.04197
-0.0153735
-0.675
1.51
-0.385
1.43
0.235
1.44
0.525
1.51
0.635
-0.32
1.135
-0.32
-0.576239
0.429287
-0.77669
0.228686
-0.776989
1.03079
-0.576463
1.03086
-0.4762
1.0309
-0.275675
1.03097
0.125375
1.03113
0.3259
1.0312
0.426163
1.03124
0.626689
1.03131
0.626989
0.229212
0.895
-0.36
0.378021
2
0.585
-0.23
0.328024
1.5
0.515
0.21
0.343984
1.2
-0.0900356
0.619968
0.754255
1
-0.555
1.29
0.389598
0.5
0.395
1.32
0.360912
0.5
0
0.0487605
-0.653508
-0.065
0.34
-1.03197
-0.305373
-0.665
1.51
-0.375
1.39
0.242077
1.53398
0.535
1.43
0.645
-0.92
1.145
-0.92
-0.566239
0.139287
-0.76669
-0.0613136
-0.766989
0.740788
-0.566463
0.740862
-0.4662
0.740898
-0.265675
0.740974
0.135375
0.741125
0.3359
0.741202
0.436163
0.741238
0.636689
0.741314
0.636989
-0.0607878
0.945
-0.99
0.378021
2
0.635
-0.69
0.328024
1.5
0.575
-0.16
0.343984
1.2
-0.0800356
0.329968
0.754255
1
-0.541558
1.172
0.45793
0.5
0.370828
1.18237
0.437974
0.5
0
0.0587605
-0.693508
-0.055
0.3
-1.02197
-0.345373
-0.68365
1.49742
-0.365
1.37
0.250939
1.49413
0.545
1.39
0.645
-1.36
1.145
-1.36
-0.556239
0.0992866
-0.75669
-0.101314
-0.756989
0.700788
-0.556463
0.700862
-0.4562
0.700899
-0.255675
0.700974
0.145375
0.701126
0.3459
0.701202
0.446163
0.701238
0.646689
0.701314
0.646989
-0.100788
0.895
-1.34
0.378021
2
0.655
-0.84
0.328024
1.5
0.585
-0.22
0.343984
1.2
-0.0700356
0.289968
0.754255
1
-0.531558
1.132
0.45793
0.5
0.380828
1.14237
0.471699
0.5
0
