37
10
9
11
6
0.025
-0.54
0.025
0.86
-0.923171
0.19921
-0.575
1.57
-0.275
1.42
0.325
1.61
0.625
1.49
1.705
-0.08
2.20494
-0.0724251
-0.475
0.66
-0.675
0.46
-0.675
1.26
-0.475
1.26
-0.375
1.26
-0.175
1.26
0.225
1.26
0.425
1.26
0.525
1.26
0.725
1.26
0.725
0.46
1.935
-0.09
0.378021
2
1.385
0.12
0.328024
1.5
0.905
0.39
0.343984
1.2
0.01
0.85
0.754255
1
-0.435
1.42
0.371248
0.5
0.435
1.38
0.370135
0.5
0
0.025
-0.54
0.025
0.86
-0.969923
0.253554
-0.575
1.57
-0.275
1.42
0.325
1.61
0.625
1.48
1.625
-0.09
2.12494
-0.0823086
-0.475
0.66
-0.675
0.46
-0.675
1.26
-0.475
1.26
-0.375
1.26
-0.175
1.26
0.225
1.26
0.425
1.26
0.525
1.26
0.725
1.26
0.725
0.46
1.865
-0.07
0.378021
2
1.325
0.13
0.328024
1.5
0.905
0.39
0.343984
1.2
0.01
0.85
0.754255
1
-0.435
1.42
0.371248
0.5
0.435
1.38
0.370135
0.5
0
0.025
-0.54
0.025
0.86
-1.005
0.36
-0.575
1.57
-0.275
1.42
0.325
1.61
0.625
1.48
1.555
-0.1
2.055
-0.1
-0.475
0.66
-0.675
0.46
-0.675
1.26
-0.475
1.26
-0.375
1.26
-0.175
1.26
0.225
1.26
0.425
1.26
0.525
1.26
0.725
1.26
0.725
0.46
1.785
-0.09
0.378021
2
1.335
0.05
0.328024
1.5
0.905
0.39
0.343984
1.2
0.01
0.85
0.754255
1
-0.435
1.42
0.371248
0.5
0.435
1.38
0.370135
0.5
0
0.025
-0.54
0.025
0.86
-1.015
0.41
-0.575
1.57
-0.275
1.42
0.325
1.61
0.625
1.48
1.415
-0.12
1.91495
-0.112806
-0.475
0.66
-0.675
0.46
-0.675
1.26
-0.475
1.26
-0.375
1.26
-0.175
1.26
0.225
1.26
0.425
1.26
0.525
1.26
0.725
1.26
0.725
0.46
1.625
-0.1
0.378021
2
1.195
0.07
0.328024
1.5
0.905
0.39
0.343984
1.2
0.01
0.85
0.754255
1
-0.435
1.42
0.371248
0.5
0.435
1.38
0.370135
0.5
0
0.025
-0.54
0.025
0.86
-1.015
0.42
-0.575
1.57
-0.275
1.42
0.325
1.61
0.625
1.48
1.405
-0.42
1.90491
-0.410568
-0.475
0.66
-0.675
0.46
-0.675
1.26
-0.475
1.26
-0.375
1.26
-0.175
1.26
0.225
1.26
0.425
1.26
0.525
1.26
0.725
1.26
0.725
0.46
1.605
-0.39
0.378021
2
1.195
-0.12
0.328024
1.5
0.905
0.39
0.343984
1.2
0.01
0.85
0.754255
1
-0.435
1.42
0.371248
0.5
0.435
1.38
0.370135
0.5
0
0.025
-0.54
0.025
0.86
-1.03291
0.421307
-0.575
1.57
-0.275
1.42
0.325
1.61
0.625
1.48
1.405
-0.67
1.905
-0.67
-0.475
0.66
-0.675
0.46
-0.675
1.26
-0.475
1.26
-0.375
1.26
-0.175
1.26
0.225
1.26
0.425
1.26
0.525
1.26
0.725
1.26
0.725
0.46
1.585
-0.66
0.378021
2
1.125
-0.19
0.328024
1.5
0.795
0.31
0.343984
1.2
0.01
0.85
0.754255
1
-0.435
1.42
0.371248
0.5
0.435
1.38
0.370135
0.5
0
0.025
-0.54
0.025
0.86
-1.03394
0.432389
-0.575
1.57
-0.275
1.42
0.325
1.61
0.625
1.48
1.39957
-0.879762
1.89957
-0.879959
-0.475
0.66
-0.675
0.46
-0.675
1.26
-0.475
1.26
-0.375
1.26
-0.175
1.26
0.225
1.26
0.425
1.26
0.525
1.26
0.725
1.26
0.725
0.46
1.605
-0.87
0.374833
2
1.145
-0.38
0.344819
1.5
0.855
0.22
0.343984
1.2
0.01
0.85
0.754255
1
-0.435
1.42
0.371248
0.5
0.435
1.38
0.370135
0.5
0
0.025
-0.54
0.025
0.86
-1.03394
0.432389
-0.575
1.57
-0.275
1.42
0.325
1.61
0.625
1.48
1.83946
-0.543978
2.33946
-0.542431
-0.475
0.66
-0.675
0.46
-0.675
1.26
-0.475
1.26
-0.375
1.26
-0.175
1.26
0.225
1.26
0.425
1.26
0.525
1.26
0.725
1.26
0.725
0.46
2.055
-0.51
0.378021
2
1.495
-0.23
0.336155
1.5
0.985
0.25
0.390512
1.2
0.01
0.85
0.754255
1
-0.435
1.42
0.371248
0.5
0.435
1.38
0.370135
0.5
0
0.025
-0.54
0.025
0.86
-1.03394
0.432389
-0.575
1.57
-0.275
1.42
0.325
1.61
0.625
1.48
2.13717
-0.0457526
2.63716
-0.043484
-0.475
0.66
-0.675
0.46
-0.675
1.26
-0.475
1.26
-0.375
1.26
-0.175
1.26
0.225
1.26
0.425
1.26
0.525
1.26
0.725
1.26
0.725
0.46
2.335
-0.04
0.378021
2
1.665
0.15
0.386005
1.5
1.015
0.4
0.382099
1.2
0.01
0.85
0.754255
1
-0.435
1.42
0.371248
0.5
0.435
1.38
0.370135
0.5
0
0.025
-0.54
0.025
0.86
-1.03394
0.432389
-0.575
1.57
-0.275
1.42
0.325
1.61
0.625
1.48
2.22385
0.518614
2.72385
0.519267
-0.475
0.66
-0.675
0.46
-0.675
1.26
-0.475
1.26
-0.375
1.26
-0.175
1.26
0.225
1.26
0.425
1.26
0.525
1.26
0.725
1.26
0.725
0.46
2.475
0.49
0.422019
2
1.725
0.51
0.374833
1.5
1.025
0.48
0.378021
1.2
0.01
0.85
0.754255
1
-0.435
1.42
0.371248
0.5
0.435
1.38
0.370135
0.5
0
0.025
-0.54
0.025
0.86
-1.03394
0.432389
-0.575
1.57
-0.275
1.42
0.325
1.61
0.625
1.5
2.11714
1.01852
2.61713
1.01508
-0.475
0.66
-0.675
0.46
-0.675
1.26
-0.475
1.26
-0.375
1.26
-0.175
1.26
0.225
1.26
0.425
1.26
0.525
1.26
0.725
1.26
0.725
0.46
2.345
0.99
0.378021
2
1.675
0.84
0.364005
1.5
1.045
0.58
0.367151
1.2
0.01
0.85
0.754255
1
-0.435
1.42
0.371248
0.5
0.435
1.38
0.370135
0.5
1
3.025
-0.1
1.98698
0.894427
0.447214
0.9
0.5
0.45
0
0.025
-0.54
0.025
0.86
-1.03394
0.432389
-0.575
1.57
-0.275
1.42
0.325
1.61
0.625
1.5
2.06664
1.13082
2.56664
1.13015
-0.475
0.66
-0.675
0.46
-0.675
1.26
-0.475
1.26
-0.375
1.26
-0.175
1.26
0.225
1.26
0.425
1.26
0.525
1.26
0.725
1.26
0.725
0.46
2.325
1.16
0.378021
2
1.665
0.92
0.389487
1.5
1.005
0.63
0.403113
1.2
0.01
0.85
0.754255
1
-0.435
1.42
0.371248
0.5
0.435
1.38
0.370135
0.5
0
0.025
-0.54
0.025
0.86
-1.03394
0.432389
-0.575
1.57
-0.275
1.42
0.325
1.61
0.625
1.5
1.98892
1.26777
2.48892
1.26917
-0.475
0.66
-0.675
0.46
-0.675
1.26
-0.475
1.26
-0.375
1.26
-0.175
1.26
0.225
1.26
0.425
1.26
0.525
1.26
0.725
1.26
0.725
0.46
2.195
1.28
0.378021
2
1.565
1.02
0.364005
1.5
1.045
0.63
0.367151
1.2
0.01
0.85
0.754255
1
-0.435
1.42
0.371248
0.5
0.435
1.38
0.370135
0.5
0
0.025
-0.54
0.025
0.86
-1.03394
0.432389
-0.575
1.57
-0.275
1.42
0.325
1.61
0.625
1.5
1.89993
1.39249
2.3999
1.39859
-0.475
0.66
-0.675
0.46
-0.675
1.26
-0.475
1.26
-0.375
1.26
-0.175
1.26
0.225
1.26
0.425
1.26
0.525
1.26
0.725
1.26
0.725
0.46
2.085
1.39
0.389487
2
1.525
1.1
0.364005
1.5
0.995
0.7
0.367151
1.2
0.01
0.85
0.754255
1
-0.435
1.42
0.371248
0.5
0.435
1.38
0.370135
0.5
0
0.025
-0.54
0.025
0.86
-1.03394
0.432389
-0.575
1.57
-0.275
1.42
0.325
1.61
0.625
1.5
1.78566
1.52066
2.28566
1.52017
-0.475
0.66
-0.675
0.46
-0.675
1.26
-0.475
1.26
-0.375
1.26
-0.175
1.26
0.225
1.26
0.425
1.26
0.525
1.26
0.725
1.26
0.725
0.46
1.985
1.49
0.394081
2
1.425
1.13
0.399625
1.5
0.965
0.69
0.367151
1.2
0.01
0.85
0.754255
1
-0.435
1.42
0.371248
0.5
0.435
1.38
0.370135
0.5
0
0.025
-0.54
0.025
0.86
-1.03394
0.432389
-0.575
1.57
-0.275
1.42
0.325
1.61
0.625
1.5
1.685
1.54
2.185
1.54
-0.475
0.66
-0.675
0.46
-0.675
1.26
-0.475
1.26
-0.375
1.26
-0.175
1.26
0.225
1.26
0.425
1.26
0.525
1.26
0.725
1.26
0.725
0.46
1.905
1.56
0.378021
2
1.375
1.2
0.364005
1.5
0.975
0.71
0.367151
1.2
0.01
0.85
0.754255
1
-0.435
1.42
0.371248
0.5
0.435
1.38
0.370135
0.5
0
0.025
-0.54
0.025
0.86
-1.03394
0.432389
-0.575
1.57
-0.275
1.42
0.325
1.61
0.625
1.5
1.555
1.52
2.05493
1.52847
-0.475
0.66
-0.675
0.46
-0.675
1.26
-0.475
1.26
-0.375
1.26
-0.175
1.26
0.225
1.26
0.425
1.26
0.525
1.26
0.725
1.26
0.725
0.46
1.765
1.52
0.378021
2
1.265
1.17
0.364005
1.5
0.915
0.65
0.367151
1.2
0.01
0.85
0.754255
1
-0.435
1.42
0.371248
0.5
0.435
1.38
0.370135
0.5
0
0.025
-0.54
0.025
0.86
-1.03394
0.432389
-0.575
1.57
-0.275
1.42
0.325
1.61
0.625
1.5
1.445
1.5
1.94492
1.50909
-0.475
0.66
-0.675
0.46
-0.675
1.26
-0.475
1.26
-0.375
1.26
-0.175
1.26
0.225
1.26
0.425
1.26
0.525
1.26
0.725
1.26
0.725
0.46
1.695
1.52
0.378021
2
1.225
1.17
0.364005
1.5
0.855
0.66
0.367151
1.2
0.01
0.85
0.754255
1
-0.435
1.42
0.371248
0.5
0.435
1.38
0.370135
0.5
0
0.025
-0.54
0.025
0.86
-1.03394
0.432389
-0.575
1.57
-0.275
1.42
0.325
1.61
0.625
1.5
1.305
1.48
1.805
1.48
-0.475
0.66
-0.675
0.46
-0.675
1.26
-0.475
1.26
-0.375
1.26
-0.175
1.26
0.225
1.26
0.425
1.26
0.525
1.26
0.725
1.26
0.725
0.46
1.555
1.5
0.378021
2
1.125
1.12
0.321403
1.5
0.835
0.62
0.367151
1.2
0.01
0.85
0.754255
1
-0.435
1.42
0.371248
0.5
0.435
1.38
0.370135
0.5
0
0.025
-0.54
0.025
0.86
-1.03394
0.432389
-0.575
1.57
-0.275
1.42
0.325
1.61
0.625
1.5
1.165
1.47
1.665
1.47
-0.475
0.66
-0.675
0.46
-0.675
1.26
-0.475
1.26
-0.375
1.26
-0.175
1.26
0.225
1.26
0.425
1.26
0.525
1.26
0.725
1.26
0.725
0.46
1.415
1.52
0.378021
2
1.055
1.13
0.301496
1.5
0.835
0.6
0.33541
1.2
0.01
0.85
0.754255
1
-0.435
1.42
0.371248
0.5
0.435
1.38
0.370135
0.5
0
0.025
-0.54
0.025
0.86
-1.03394
0.432389
-0.575
1.57
-0.275
1.42
0.325
1.61
0.625
1.5
1.035
1.47
1.53494
1.47769
-0.475
0.66
-0.675
0.46
-0.675
1.26
-0.475
1.26
-0.375
1.26
-0.175
1.26
0.225
1.26
0.425
1.26
0.525
1.26
0.725
1.26
0.725
0.46
1.245
1.44
0.378021
2
0.925
1.16
0.276586
1.5
0.865
0.68
0.329848
1.2
0.01
0.85
0.754255
1
-0.435
1.42
0.371248
0.5
0.435
1.38
0.370135
0.5
0
0.025
-0.54
0.025
0.86
-1.03394
0.432389
-0.575
1.57
-0.275
1.42
0.325
1.61
0.625
1.5
0.915
1.48
1.415
1.48
-0.475
0.66
-0.675
0.46
-0.675
1.26
-0.475
1.26
-0.375
1.26
-0.175
1.26
0.225
1.26
0.425
1.26
0.525
1.26
0.725
1.26
0.725
0.46
1.145
1.45
0.378021
2
0.815
1.03
0.284429
1.5
0.795
0.62
0.278927
1.2
0.01
0.85
0.754255
1
-0.435
1.42
0.371248
0.5
0.435
1.38
0.370135
0.5
0
0.025
-0.54
0.025
0.86
-1.03394
0.432389
-0.575
1.57
-0.275
1.42
0.325
1.61
0.625
1.5
0.755
1.46
1.25491
1.46961
-0.475
0.66
-0.675
0.46
-0.675
1.26
-0.475
1.26
-0.375
1.26
-0.175
1.26
0.225
1.26
0.425
1.26
0.525
1.26
0.725
1.26
0.725
0.46
0.965
1.42
0.378021
2
0.685
0.98
0.321403
1.5
0.765
0.61
0.241868
1.2
0.01
0.85
0.754255
1
-0.435
1.42
0.371248
0.5
0.435
1.38
0.370135
0.5
0
0.025
-0.54
0.025
0.86
-1.03394
0.432389
-0.575
1.57
-0.275
1.42
0.325
1.61
0.625
1.5
0.725
1.46
1.22494
1.46769
-0.475
0.66
-0.675
0.46
-0.675
1.26
-0.475
1.26
-0.375
1.26
-0.175
1.26
0.225
1.26
0.425
1.26
0.525
1.26
0.725
1.26
0.725
0.46
0.965
1.42
0.378021
2
0.745
1.01
0.262488
1.5
0.745
0.63
0.241868
1.2
0.01
0.85
0.754255
1
-0.435
1.42
0.371248
0.5
0.435
1.38
0.370135
0.5
0
0.025
-0.54
0.025
0.86
-1.00925
0.326299
-0.575
1.57
-0.275
1.42
0.325
1.61
0.625
1.5
0.725
1.28
1.22496
1.28658
-0.475
0.66
-0.675
0.46
-0.675
1.26
-0.475
1.26
-0.375
1.26
-0.175
1.26
0.225
1.26
0.425
1.26
0.525
1.26
0.725
1.26
0.725
0.46
0.945
1.26
0.378021
2
0.705
0.93
0.26
1.5
0.725
0.59
0.25
1.2
0.01
0.85
0.754255
1
-0.435
1.42
0.371248
0.5
0.435
1.38
0.370135
0.5
0
0.025
-0.54
0.025
0.86
-0.995416
0.295885
-0.575
1.57
-0.275
1.42
0.325
1.61
0.625
1.5
0.725
1.1
1.225
1.1
-0.475
0.66
-0.675
0.46
-0.675
1.26
-0.475
1.26
-0.375
1.26
-0.175
1.26
0.225
1.26
0.425
1.26
0.525
1.26
0.725
1.26
0.725
0.46
0.955
1.08
0.378021
2
0.725
0.91
0.237697
1.5
0.745
0.58
0.237065
1.2
0.01
0.85
0.754255
1
-0.435
1.42
0.371248
0.5
0.435
1.38
0.370135
0.5
0
0.025
-0.54
0.025
0.86
-0.946469
0.223559
-0.575
1.57
-0.275
1.42
0.325
1.61
0.625
1.5
0.725
0.98
1.22495
0.987042
-0.475
0.66
-0.675
0.46
-0.675
1.26
-0.475
1.26
-0.375
1.26
-0.175
1.26
0.225
1.26
0.425
1.26
0.525
1.26
0.725
1.26
0.725
0.46
1.005
1.01
0.378021
2
0.725
0.84
0.230868
1.5
0.755
0.63
0.210238
1.2
0.01
0.85
0.754255
1
-0.435
1.42
0.371248
0.5
0.435
1.38
0.370135
0.5
0
0.025
-0.54
0.025
0.86
-0.942157
0.218697
-0.575
1.57
-0.275
1.42
0.325
1.61
0.625
1.5
0.725
0.86
1.22496
0.866493
-0.475
0.66
-0.675
0.46
-0.675
1.26
-0.475
1.26
-0.375
1.26
-0.175
1.26
0.225
1.26
0.425
1.26
0.525
1.26
0.725
1.26
0.725
0.46
0.945
0.78
0.378021
2
0.095
0.83
0.364005
1.5
0.405
0.72
0.367151
1.2
0.01
0.85
0.754255
1
-0.435
1.42
0.371248
0.5
0.435
1.38
0.370135
0.5
0
0.025
-0.54
0.025
0.86
-0.941024
0.217449
-0.575
1.57
-0.275
1.42
0.325
1.61
0.625
1.5
0.725
0.64
1.225
0.64
-0.475
0.66
-0.675
0.46
-0.675
1.26
-0.475
1.26
-0.375
1.26
-0.175
1.26
0.225
1.26
0.425
1.26
0.525
1.26
0.725
1.26
0.725
0.46
0.975
0.66
0.378021
2
0.215
0.93
0.364005
1.5
0.005
0.85
0.367151
1.2
0.01
0.85
0.754255
1
-0.435
1.42
0.371248
0.5
0.435
1.38
0.370135
0.5
0
0.025
-0.54
0.025
0.86
-0.937385
0.213517
-0.575
1.57
-0.275
1.42
0.325
1.61
0.625
1.5
0.725
0.29
1.225
0.29
-0.475
0.66
-0.675
0.46
-0.675
1.26
-0.475
1.26
-0.375
1.26
-0.175
1.26
0.225
1.26
0.425
1.26
0.525
1.26
0.725
1.26
0.725
0.46
0.915
0.29
0.378021
2
0.215
0.84
0.364005
1.5
0.235
0.65
0.367151
1.2
0.01
0.85
0.754255
1
-0.435
1.42
0.371248
0.5
0.435
1.38
0.370135
0.5
0
0.025
-0.54
0.025
0.86
-0.942586
0.219173
-0.575
1.57
-0.275
1.42
0.325
1.61
0.625
1.5
0.725
0.1
1.22496
0.0934216
-0.475
0.66
-0.675
0.46
-0.675
1.26
-0.475
1.26
-0.375
1.26
-0.175
1.26
0.225
1.26
0.425
1.26
0.525
1.26
0.725
1.26
0.725
0.46
0.985
0.1
0.378021
2
0.635
0.45
0.364005
1.5
0.245
0.77
0.367151
1.2
0.01
0.85
0.754255
1
-0.435
1.42
0.371248
0.5
0.435
1.38
0.370135
0.5
0
0.025
-0.54
0.025
0.86
-0.938482
0.214689
-0.575
1.57
-0.275
1.42
0.325
1.61
0.625
1.5
0.725
-0.1
1.225
-0.1
-0.475
0.66
-0.675
0.46
-0.675
1.26
-0.475
1.26
-0.375
1.26
-0.175
1.26
0.225
1.26
0.425
1.26
0.525
1.26
0.725
1.26
0.725
0.46
0.955
-0.1
0.378021
2
0.685
0.22
0.364005
1.5
0.525
0.54
0.367151
1.2
0.01
0.85
0.754255
1
-0.435
1.42
0.371248
0.5
0.435
1.38
0.370135
0.5
0
-0.005
-0.62
-0.005
0.78
-0.974942
0.141816
-0.605
1.59
-0.305
1.38
0.295
1.6
0.595
1.42
0.695
-0.4
1.195
-0.4
-0.505
0.58
-0.705
0.38
-0.705
1.18
-0.505
1.18
-0.405
1.18
-0.205
1.18
0.195
1.18
0.395
1.18
0.495
1.18
0.695
1.18
0.695
0.38
0.905
-0.38
0.378021
2
0.685
-0.05
0.364005
1.5
0.535
0.5
0.367151
1.2
-0.02
0.77
0.754255
1
-0.465
1.34
0.371248
0.5
0.405
1.3
0.370135
0.5
0
-0.005
-0.69
-0.005
0.71
-0.967385
0.0635168
-0.605
1.59
-0.305
1.38
0.295
1.61
0.595
1.4
0.695
-0.59
1.19496
-0.58359
-0.505
0.51
-0.705
0.31
-0.705
1.11
-0.505
1.11
-0.405
1.11
-0.205
1.11
0.195
1.11
0.395
1.11
0.495
1.11
0.695
1.11
0.695
0.31
0.925
-0.58
0.378021
2
0.665
-0.16
0.364005
1.5
0.635
0.3
0.367151
1.2
-0.02
0.7
0.754255
1
-0.465
1.27
0.371248
0.5
0.405
1.23
0.370135
0.5
0
-0.005
-0.76
-0.005
0.64
-0.977668
0.00494169
-0.605
1.58
-0.305
1.39
0.295
1.61
0.595
1.41
0.695
-0.93
1.195
-0.93
-0.505
0.44
-0.705
0.24
-0.705
1.04
-0.505
1.04
-0.405
1.04
-0.205
1.04
0.195
1.04
0.395
1.04
0.495
1.04
0.695
1.04
0.695
0.24
0.915
-0.91
0.378021
2
0.735
-0.54
0.364005
1.5
0.685
0.09
0.367151
1.2
-0.02
0.63
0.754255
1
-0.485
1.33
0.371248
0.5
0.435
1.37
0.370135
0.5
0
-0.005
-0.84
-0.005
0.56
-0.975928
-0.0770617
-0.605
1.59
-0.305
1.4
0.295
1.6
0.595
1.4
0.695
-1.18
1.195
-1.18
-0.505
0.36
-0.705
0.16
-0.705
0.96
-0.505
0.96
-0.405
0.96
-0.205
0.96
0.195
0.96
0.395
0.96
0.495
0.96
0.695
0.96
0.695
0.16
0.895
-1.17
0.378021
2
0.675
-0.62
0.364005
1.5
0.705
-0.04
0.367151
1.2
-0.02
0.55
0.754255
1
-0.465
1.29
0.371248
0.5
0.455
1.29
0.370135
0.5
0
-0.005
-0.92
-0.005
0.48
-0.977048
-0.155775
-0.605
1.59
-0.305
1.4
0.295
1.6
0.595
1.41
0.695
-1.42
1.195
-1.42
-0.505
0.28
-0.705
0.08
-0.705
0.88
-0.505
0.88
-0.405
0.88
-0.205
0.88
0.195
0.88
0.395
0.88
0.495
0.88
0.695
0.88
0.695
0.08
0.905
-1.36
0.378021
2
0.725
-0.74
0.364005
1.5
0.705
-0.08
0.367151
1.2
-0.02
0.47
0.754255
1
-0.445
1.29
0.371248
0.5
0.475
1.32
0.370135
0.5
0
