32
10
9
11
6
0
-1
0
0.4
-0.948171
-0.26079
-0.6
1.6
-0.3
1.4
0.3
1.6
0.595
1.42
0.705
-1.49999
1.205
-1.5
-0.5
0.2
-0.7
0
-0.7
0.8
-0.5
0.8
-0.4
0.8
-0.2
0.8
0.2
0.8
0.4
0.8
0.5
0.8
0.7
0.8
0.7
0
0.925
-1.47
0.378021
2
0.715
-0.91
0.328024
1.5
0.7
-0.3
0.343984
1.2
-0.015
0.39
0.754255
1
-0.475
1.23
0.45793
0.5
0.435
1.24
0.471699
0.5
0
0
-1
0
0.4
-0.948171
-0.26079
-0.6
1.6
-0.3
1.4
0.3
1.6
0.595
1.42
0.705
-1.49999
1.16872
-1.68698
-0.5
0.2
-0.7
0
-0.7
0.8
-0.5
0.8
-0.4
0.8
-0.2
0.8
0.2
0.8
0.4
0.8
0.5
0.8
0.7
0.8
0.7
0
0.925
-1.47
0.378021
2
0.715
-0.91
0.328024
1.5
0.7
-0.3
0.343984
1.2
-0.015
0.39
0.754255
1
-0.475
1.23
0.45793
0.5
0.435
1.24
0.471699
0.5
0
0
-1
0
0.4
-0.948171
-0.26079
-0.6
1.6
-0.3
1.4
0.3
1.6
0.595
1.42
0.705
-1.49999
0.990744
-1.9103
-0.5
0.2
-0.7
0
-0.7
0.8
-0.5
0.8
-0.4
0.8
-0.2
0.8
0.2
0.8
0.4
0.8
0.5
0.8
0.7
0.8
0.7
0
0.855
-1.69
0.378021
2
0.705
-1
0.367696
1.5
0.695
-0.33
0.366197
1.2
-0.015
0.39
0.754255
1
-0.475
1.23
0.45793
0.5
0.435
1.24
0.471699
0.5
0
0
-1
0
0.4
-0.948171
-0.26079
-0.6
1.6
-0.3
1.4
0.3
1.6
0.595
1.42
0.705
-1.49999
0.705
-1.99999
-0.5
0.2
-0.7
0
-0.7
0.8
-0.5
0.8
-0.4
0.8
-0.2
0.8
0.2
0.8
0.4
0.8
0.5
0.8
0.7
0.8
0.7
0
0.745
-1.73
0.39598
2
0.715
-0.99
0.360694
1.5
0.7
-0.3
0.343984
1.2
-0.015
0.39
0.754255
1
-0.475
1.23
0.45793
0.5
0.435
1.24
0.471699
0.5
0
0
-1
0
0.4
-0.948171
-0.26079
-0.6
1.6
-0.3
1.4
0.3
1.6
0.595
1.42
1.03622
-1.46183
1.14794
-1.94919
-0.5
0.2
-0.7
0
-0.7
0.8
-0.5
0.8
-0.4
0.8
-0.2
0.8
0.2
0.8
0.4
0.8
0.5
0.8
0.7
0.8
0.7
0
1.115
-1.69
0.403113
2
0.945
-1.01
0.374833
1.5
0.785
-0.34
0.386005
1.2
-0.015
0.39
0.754255
1
-0.475
1.23
0.45793
0.5
0.435
1.24
0.471699
0.5
0
0
-1
0
0.4
-0.948171
-0.26079
-0.6
1.6
-0.3
1.4
0.3
1.6
0.595
1.42
1.67894
-1.13652
1.99283
-1.52572
-0.5
0.2
-0.7
0
-0.7
0.8
-0.5
0.8
-0.4
0.8
-0.2
0.8
0.2
0.8
0.4
0.8
0.5
0.8
0.7
0.8
0.7
0
1.815
-1.33
0.390513
2
1.395
-0.77
0.372022
1.5
0.885
-0.26
0.404969
1.2
-0.015
0.39
0.754255
1
-0.475
1.23
0.45793
0.5
0.435
1.24
0.471699
0.5
0
0
-1
0
0.4
-0.948171
-0.26079
-0.6
1.6
-0.3
1.4
0.3
1.6
0.595
1.42
1.92092
-0.871404
2.33267
-1.15506
-0.5
0.2
-0.7
0
-0.7
0.8
-0.5
0.8
-0.4
0.8
-0.2
0.8
0.2
0.8
0.4
0.8
0.5
0.8
0.7
0.8
0.7
0
2.105
-1.01
0.406079
2
1.515
-0.56
0.396989
1.5
0.915
-0.17
0.343984
1.2
-0.015
0.39
0.754255
1
-0.475
1.23
0.45793
0.5
0.435
1.24
0.471699
0.5
1
2.825
-1.5
0.612046
0.707107
-0.707107
1.1
0.1
1
0
0
-1
0
0.4
-0.948171
-0.26079
-0.6
1.6
-0.3
1.4
0.3
1.6
0.595
1.42
2.2
0
2.7
0
-0.5
0.2
-0.7
0
-0.7
0.8
-0.5
0.8
-0.4
0.8
-0.2
0.8
0.2
0.8
0.4
0.8
0.5
0.8
0.7
0.8
0.7
0
2.435
0.01
0.431856
2
1.715
0.01
0.328024
1.5
1.035
0.01
0.390513
1.2
-0.015
0.39
0.754255
1
-0.475
1.23
0.45793
0.5
0.435
1.24
0.471699
0.5
1
3.295
-0.06
0.612046
1
0
1
0.1
1
0
0
-1
0
0.4
-0.948171
-0.26079
-0.6
1.6
-0.3
1.4
0.3
1.6
0.595
1.42
1.93568
0.850357
2.35167
1.12775
-0.5
0.2
-0.7
0
-0.7
0.8
-0.5
0.8
-0.4
0.8
-0.2
0.8
0.2
0.8
0.4
0.8
0.5
0.8
0.7
0.8
0.7
0
2.115
0.99
0.396989
2
1.535
0.56
0.368782
1.5
0.975
0.18
0.343984
1.2
-0.015
0.39
0.754255
1
-0.475
1.23
0.45793
0.5
0.435
1.24
0.471699
0.5
1
2.825
1.4
0.546443
0.707107
0.707107
0.9
0.1
1
0
0
-1
0
0.4
-0.948171
-0.26079
-0.6
1.6
-0.3
1.4
0.3
1.6
0.595
1.42
1.8416
0.97301
2.22678
1.29181
-0.5
0.2
-0.7
0
-0.7
0.8
-0.5
0.8
-0.4
0.8
-0.2
0.8
0.2
0.8
0.4
0.8
0.5
0.8
0.7
0.8
0.7
0
2.025
1.12
0.378021
2
1.465
0.65
0.373363
1.5
0.965
0.2
0.343984
1.2
-0.015
0.39
0.754255
1
-0.475
1.23
0.45793
0.5
0.435
1.24
0.471699
0.5
0
0
-1
0
0.4
-0.948171
-0.26079
-0.6
1.6
-0.3
1.4
0.3
1.6
0.595
1.42
1.56215
1.22747
1.86577
1.62474
-0.5
0.2
-0.7
0
-0.7
0.8
-0.5
0.8
-0.4
0.8
-0.2
0.8
0.2
0.8
0.4
0.8
0.5
0.8
0.7
0.8
0.7
0
1.745
1.4
0.378021
2
1.285
0.86
0.372156
1.5
0.905
0.27
0.343984
1.2
-0.015
0.39
0.754255
1
-0.475
1.23
0.45793
0.5
0.435
1.24
0.471699
0.5
0
0
-1
0
0.4
-0.948171
-0.26079
-0.6
1.6
-0.3
1.4
0.3
1.6
0.595
1.42
1.72365
1.09642
2.07223
1.45488
-0.5
0.2
-0.7
0
-0.7
0.8
-0.5
0.8
-0.4
0.8
-0.2
0.8
0.2
0.8
0.4
0.8
0.5
0.8
0.7
0.8
0.7
0
1.895
1.25
0.378021
2
1.365
0.72
0.382099
1.5
0.915
0.19
0.343984
1.2
-0.015
0.39
0.754255
1
-0.475
1.23
0.45793
0.5
0.435
1.24
0.471699
0.5
0
0
-1
0
0.4
-0.948171
-0.26079
-0.6
1.6
-0.3
1.4
0.3
1.6
0.595
1.42
1.8315
0.984737
2.2031
1.31927
-0.5
0.2
-0.7
0
-0.7
0.8
-0.5
0.8
-0.4
0.8
-0.2
0.8
0.2
0.8
0.4
0.8
0.5
0.8
0.7
0.8
0.7
0
2.025
1.12
0.378021
2
1.465
0.65
0.371618
1.5
0.965
0.19
0.343984
1.2
-0.015
0.39
0.754255
1
-0.475
1.23
0.45793
0.5
0.435
1.24
0.471699
0.5
0
0
-1
0
0.4
-0.948171
-0.26079
-0.6
1.6
-0.3
1.4
0.3
1.6
0.595
1.42
1.99314
0.760125
2.42718
1.00834
-0.5
0.2
-0.7
0
-0.7
0.8
-0.5
0.8
-0.4
0.8
-0.2
0.8
0.2
0.8
0.4
0.8
0.5
0.8
0.7
0.8
0.7
0
2.225
0.86
0.378021
2
1.585
0.51
0.393573
1.5
0.985
0.13
0.343984
1.2
-0.015
0.39
0.754255
1
-0.475
1.23
0.45793
0.5
0.435
1.24
0.471699
0.5
0
0
-1
0
0.4
-0.948171
-0.26079
-0.6
1.6
-0.3
1.4
0.3
1.6
0.595
1.42
2.07944
0.589186
2.53873
0.786816
-0.5
0.2
-0.7
0
-0.7
0.8
-0.5
0.8
-0.4
0.8
-0.2
0.8
0.2
0.8
0.4
0.8
0.5
0.8
0.7
0.8
0.7
0
2.305
0.67
0.378021
2
1.645
0.4
0.371214
1.5
1.005
0.09
0.360555
1.2
-0.015
0.39
0.754255
1
-0.475
1.23
0.45793
0.5
0.435
1.24
0.471699
0.5
0
0
-1
0
0.4
-0.948171
-0.26079
-0.6
1.6
-0.3
1.4
0.3
1.6
0.595
1.42
2.14048
0.418357
2.61832
0.565568
-0.5
0.2
-0.7
0
-0.7
0.8
-0.5
0.8
-0.4
0.8
-0.2
0.8
0.2
0.8
0.4
0.8
0.5
0.8
0.7
0.8
0.7
0
2.385
0.48
0.378021
2
1.665
0.24
0.383275
1.5
0.995
0.05
0.343984
1.2
-0.015
0.39
0.754255
1
-0.475
1.23
0.45793
0.5
0.435
1.24
0.471699
0.5
0
0
-1
0
0.4
-0.948171
-0.26079
-0.6
1.6
-0.3
1.4
0.3
1.6
0.595
1.42
2.18775
0.19135
2.68233
0.26476
-0.5
0.2
-0.7
0
-0.7
0.8
-0.5
0.8
-0.4
0.8
-0.2
0.8
0.2
0.8
0.4
0.8
0.5
0.8
0.7
0.8
0.7
0
2.405
0.22
0.378021
2
1.685
0.12
0.358469
1.5
1.025
0.04
0.343984
1.2
-0.015
0.39
0.754255
1
-0.475
1.23
0.45793
0.5
0.435
1.24
0.471699
0.5
0
0
-1
0
0.4
-0.948171
-0.26079
-0.6
1.6
-0.3
1.4
0.3
1.6
0.595
1.42
2.19328
-0.141795
2.69166
-0.181989
-0.5
0.2
-0.7
0
-0.7
0.8
-0.5
0.8
-0.4
0.8
-0.2
0.8
0.2
0.8
0.4
0.8
0.5
0.8
0.7
0.8
0.7
0
2.435
-0.18
0.378021
2
1.695
-0.09
0.4
1.5
0.985
-0.03
0.343984
1.2
-0.015
0.39
0.754255
1
-0.475
1.23
0.45793
0.5
0.435
1.24
0.471699
0.5
0
0
-1
0
0.4
-0.948171
-0.26079
-0.6
1.6
-0.3
1.4
0.3
1.6
0.595
1.42
2.13737
-0.428928
2.61717
-0.569593
-0.5
0.2
-0.7
0
-0.7
0.8
-0.5
0.8
-0.4
0.8
-0.2
0.8
0.2
0.8
0.4
0.8
0.5
0.8
0.7
0.8
0.7
0
2.385
-0.52
0.378021
2
1.665
-0.29
0.390513
1.5
0.965
-0.08
0.373631
1.2
-0.015
0.39
0.754255
1
-0.475
1.23
0.45793
0.5
0.435
1.24
0.471699
0.5
0
0
-1
0
0.4
-0.948171
-0.26079
-0.6
1.6
-0.3
1.4
0.3
1.6
0.595
1.42
2.023
-0.706874
2.47514
-0.920354
-0.5
0.2
-0.7
0
-0.7
0.8
-0.5
0.8
-0.4
0.8
-0.2
0.8
0.2
0.8
0.4
0.8
0.5
0.8
0.7
0.8
0.7
0
2.265
-0.82
0.378021
2
1.635
-0.46
0.411461
1.5
0.965
-0.12
0.382753
1.2
-0.015
0.39
0.754255
1
-0.475
1.23
0.45793
0.5
0.435
1.24
0.471699
0.5
0
0
-1
0
0.4
-0.948171
-0.26079
-0.6
1.6
-0.3
1.4
0.3
1.6
0.595
1.42
1.8309
-0.985429
2.19268
-1.33055
-0.5
0.2
-0.7
0
-0.7
0.8
-0.5
0.8
-0.4
0.8
-0.2
0.8
0.2
0.8
0.4
0.8
0.5
0.8
0.7
0.8
0.7
0
2.005
-1.17
0.378021
2
1.495
-0.64
0.391152
1.5
0.905
-0.16
0.398121
1.2
-0.015
0.39
0.754255
1
-0.475
1.23
0.45793
0.5
0.435
1.24
0.471699
0.5
0
0
-1
0
0.4
-0.948171
-0.26079
-0.6
1.6
-0.3
1.4
0.3
1.6
0.595
1.42
1.58767
-1.20915
1.88238
-1.61306
-0.5
0.2
-0.7
0
-0.7
0.8
-0.5
0.8
-0.4
0.8
-0.2
0.8
0.2
0.8
0.4
0.8
0.5
0.8
0.7
0.8
0.7
0
1.735
-1.44
0.378021
2
1.315
-0.84
0.376431
1.5
0.905
-0.23
0.382753
1.2
-0.015
0.39
0.754255
1
-0.475
1.23
0.45793
0.5
0.435
1.24
0.471699
0.5
0
0
-1
0
0.4
-0.948171
-0.26079
-0.6
1.6
-0.3
1.4
0.3
1.6
0.595
1.42
1.28101
-1.3829
1.4905
-1.8369
-0.5
0.2
-0.7
0
-0.7
0.8
-0.5
0.8
-0.4
0.8
-0.2
0.8
0.2
0.8
0.4
0.8
0.5
0.8
0.7
0.8
0.7
0
1.395
-1.59
0.378021
2
1.085
-0.93
0.371214
1.5
0.835
-0.25
0.366742
1.2
-0.015
0.39
0.754255
1
-0.475
1.23
0.45793
0.5
0.435
1.24
0.471699
0.5
0
0
-1
0
0.4
-0.948171
-0.26079
-0.6
1.6
-0.3
1.4
0.3
1.6
0.595
1.42
0.955639
-1.47806
1.06414
-1.96614
-0.5
0.2
-0.7
0
-0.7
0.8
-0.5
0.8
-0.4
0.8
-0.2
0.8
0.2
0.8
0.4
0.8
0.5
0.8
0.7
0.8
0.7
0
1.025
-1.71
0.378021
2
0.865
-1
0.386005
1.5
0.775
-0.33
0.343984
1.2
-0.015
0.39
0.754255
1
-0.475
1.23
0.45793
0.5
0.435
1.24
0.471699
0.5
0
0
-1
0
0.4
-0.948171
-0.26079
-0.6
1.6
-0.3
1.4
0.3
1.6
0.595
1.42
0.704438
-1.49999
0.704834
-1.99999
-0.5
0.2
-0.7
0
-0.7
0.8
-0.5
0.8
-0.4
0.8
-0.2
0.8
0.2
0.8
0.4
0.8
0.5
0.8
0.7
0.8
0.7
0
0.695
-1.75
0.378021
2
0.705
-1.03
0.370135
1.5
0.715
-0.3
0.380132
1.2
-0.015
0.39
0.754255
1
-0.475
1.23
0.45793
0.5
0.435
1.24
0.471699
0.5
0
0
-1
0
0.4
-0.948171
-0.26079
-0.6
1.6
-0.3
1.4
0.3
1.6
0.595
1.42
0.704438
-1.49999
0.801165
-1.99055
-0.5
0.2
-0.7
0
-0.7
0.8
-0.5
0.8
-0.4
0.8
-0.2
0.8
0.2
0.8
0.4
0.8
0.5
0.8
0.7
0.8
0.7
0
0.765
-1.76
0.378021
2
0.705
-1.04
0.360139
1.5
0.705
-0.32
0.350143
1.2
-0.015
0.39
0.754255
1
-0.475
1.23
0.45793
0.5
0.435
1.24
0.471699
0.5
0
0
-1
0
0.4
-0.948171
-0.26079
-0.6
1.6
-0.3
1.4
0.3
1.6
0.595
1.42
0.704438
-1.49999
0.91381
-1.95405
-0.5
0.2
-0.7
0
-0.7
0.8
-0.5
0.8
-0.4
0.8
-0.2
0.8
0.2
0.8
0.4
0.8
0.5
0.8
0.7
0.8
0.7
0
0.815
-1.74
0.378021
2
0.695
-1.03
0.360555
1.5
0.715
-0.33
0.37054
1.2
-0.015
0.39
0.754255
1
-0.475
1.23
0.45793
0.5
0.435
1.24
0.471699
0.5
0
0
-1
0
0.4
-0.948171
-0.26079
-0.6
1.6
-0.3
1.4
0.3
1.6
0.595
1.42
0.704438
-1.49999
1.02937
-1.88002
-0.5
0.2
-0.7
0
-0.7
0.8
-0.5
0.8
-0.4
0.8
-0.2
0.8
0.2
0.8
0.4
0.8
0.5
0.8
0.7
0.8
0.7
0
0.885
-1.69
0.378021
2
0.695
-1.04
0.360139
1.5
0.705
-0.35
0.37054
1.2
-0.015
0.39
0.754255
1
-0.475
1.23
0.45793
0.5
0.435
1.24
0.471699
0.5
0
0
-1
0
0.4
-0.948171
-0.26079
-0.6
1.6
-0.3
1.4
0.3
1.6
0.595
1.42
0.704438
-1.49999
1.1193
-1.77908
-0.5
0.2
-0.7
0
-0.7
0.8
-0.5
0.8
-0.4
0.8
-0.2
0.8
0.2
0.8
0.4
0.8
0.5
0.8
0.7
0.8
0.7
0
0.925
-1.65
0.378021
2
0.705
-1.01
0.352278
1.5
0.7
-0.3
0.372726
1.2
-0.015
0.39
0.754255
1
-0.475
1.23
0.45793
0.5
0.435
1.24
0.471699
0.5
0
0
-1
0
0.4
-0.948171
-0.26079
-0.6
1.6
-0.3
1.4
0.3
1.6
0.595
1.42
0.704438
-1.49999
1.17337
-1.6735
-0.5
0.2
-0.7
0
-0.7
0.8
-0.5
0.8
-0.4
0.8
-0.2
0.8
0.2
0.8
0.4
0.8
0.5
0.8
0.7
0.8
0.7
0
0.975
-1.58
0.378021
2
0.695
-0.98
0.342345
1.5
0.725
-0.32
0.352278
1.2
-0.015
0.39
0.754255
1
-0.475
1.23
0.45793
0.5
0.435
1.24
0.471699
0.5
0
0
-1
0
0.4
-0.948171
-0.26079
-0.6
1.6
-0.3
1.4
0.3
1.6
0.595
1.42
0.704438
-1.49999
1.19505
-1.59642
-0.5
0.2
-0.7
0
-0.7
0.8
-0.5
0.8
-0.4
0.8
-0.2
0.8
0.2
0.8
0.4
0.8
0.5
0.8
0.7
0.8
0.7
0
0.945
-1.53
0.378021
2
0.705
-0.94
0.328024
1.5
0.7
-0.3
0.343984
1.2
-0.015
0.39
0.754255
1
-0.475
1.23
0.45793
0.5
0.435
1.24
0.471699
0.5
0
0
-1
0
0.4
-0.948171
-0.26079
-0.6
1.6
-0.3
1.4
0.3
1.6
0.595
1.42
0.704438
-1.49999
1.20437
-1.50793
-0.5
0.2
-0.7
0
-0.7
0.8
-0.5
0.8
-0.4
0.8
-0.2
0.8
0.2
0.8
0.4
0.8
0.5
0.8
0.7
0.8
0.7
0
0.925
-1.47
0.378021
2
0.715
-0.91
0.328024
1.5
0.7
-0.3
0.343984
1.2
-0.015
0.39
0.754255
1
-0.475
1.23
0.45793
0.5
0.435
1.24
0.471699
0.5
0
