31
10
9
11
6
0.915
0.41
-0.065
0.52
0.60283
-0.423347
-1.08453
-0.078752
-0.93512
0.232917
-0.867065
0.81769
-1.0283
1.11887
1.84045
1.22885
2.34045
1.22956
0.133151
0.016802
0.332922
-0.185126
-0.470471
-0.180812
-0.469393
0.020038
-0.468853
0.120461
-0.467774
0.321309
-0.465618
0.72301
-0.464538
0.92385
-0.464
1.02428
-0.462921
1.22512
0.340471
1.22081
2.095
1.24
0.378021
2
1.385
1.23
0.380053
1.5
0.641743
1.21919
0.41364
1.2
-0.055039
0.504883
0.775914
1
-0.765
0.05
0.367007
0.5
-0.685
0.98
0.442167
0.5
0
0.840967
0.076651
-0.065
0.5
0.242008
-0.616166
-1.22934
0.284033
-0.982301
0.526542
-0.718701
1.05398
-0.76777
1.3926
1.97113
0.517376
2.4422
0.347451
-0.0500946
-0.041447
0.0691253
-0.299753
-0.685924
-0.0215833
-0.616381
0.167181
-0.581609
0.261561
-0.512064
0.450324
-0.37298
0.827853
-0.303439
1.01661
-0.268667
1.11099
-0.199126
1.29975
0.555923
1.02158
2.21464
0.441027
0.378021
2
1.54265
0.673853
0.380053
1.5
0.839065
0.917264
0.41364
1.2
-0.0607778
0.482366
0.775914
1
-0.884517
0.296254
0.367007
0.5
-0.49188
1.1447
0.442167
0.5
0
0.714011
-0.137009
-0.065
0.49
-0.0674463
-0.667906
-1.245
0.593074
-0.942064
0.760786
-0.546999
1.1987
-0.503779
1.53821
1.90221
-0.0375298
2.31084
-0.327238
-0.195367
-0.0358689
-0.149503
-0.316712
-0.802915
0.153241
-0.685426
0.316595
-0.626681
0.39827
-0.509191
0.561623
-0.274214
0.888334
-0.15673
1.05168
-0.0979833
1.13336
0.0195002
1.29671
0.672914
0.826758
2.11651
-0.176212
0.378021
2
1.53104
0.227832
0.380053
1.5
0.917941
0.650523
0.41364
1.2
-0.065644
0.471875
0.775914
1
-0.909371
0.51268
0.367007
0.5
-0.304122
1.22552
0.442167
0.5
0
0.4997
-0.35205
-0.055
0.48
-0.454645
-0.607199
-1.12843
0.981783
-0.786219
1.03542
-0.264717
1.31134
-0.107601
1.61553
1.61249
-0.690766
1.89704
-1.10322
-0.357958
0.0305982
-0.411234
-0.249037
-0.863953
0.416783
-0.697495
0.529963
-0.614268
0.586551
-0.44781
0.69973
-0.114898
0.926093
0.0515505
1.03927
0.134782
1.09586
0.30123
1.20903
0.75395
0.543216
1.76626
-0.894619
0.378021
2
1.35477
-0.314044
0.380053
1.5
0.923716
0.293532
0.41364
1.2
-0.0618251
0.463189
0.775914
1
-0.840639
0.791065
0.367007
0.5
-0.0272943
1.25319
0.442167
0.5
0
0.118785
-0.534784
-0.055
0.45
-0.886937
-0.356627
-0.8049
1.36803
-0.473157
1.26791
0.116645
1.29037
0.390245
1.4964
0.940148
-1.3288
1.01771
-1.82405
-0.523067
0.176344
-0.692414
-0.0526094
-0.811628
0.743986
-0.612477
0.77379
-0.512904
0.78869
-0.313752
0.818492
0.0845485
0.878101
0.283688
0.907902
0.383269
0.922807
0.582409
0.952608
0.701626
0.156014
0.990321
-1.57927
0.378021
2
0.871281
-0.877403
0.380053
1.5
0.746328
-0.14271
0.41364
1.2
-0.0684457
0.437808
0.775914
1
-0.628228
1.07125
0.367007
0.5
0.305431
1.13495
0.442167
0.5
0
-0.00729102
-0.559289
-0.045
0.44
-0.978111
-0.247796
-0.664992
1.45083
-0.34959
1.307
0.238099
1.24999
0.53701
1.41746
0.702417
-1.45707
0.712738
-1.95844
-0.545775
0.231633
-0.744421
0.0274324
-0.755534
0.833121
-0.55411
0.835899
-0.453399
0.837287
-0.251975
0.840063
0.150872
0.845622
0.352285
0.848399
0.453003
0.849789
0.654415
0.852567
0.665532
0.0468796
0.71849
-1.71211
0.378021
2
0.694818
-1.00035
0.380053
1.5
0.669695
-0.255254
0.41364
1.2
-0.0599674
0.429721
0.775914
1
-0.529743
1.13289
0.367007
0.5
0.404354
1.07055
0.442167
0.5
0
-0.045
-0.54
-0.055
0.43
-1.00063
-0.24084
-0.656621
1.45212
-0.34383
1.30255
0.242832
1.23486
0.544792
1.39689
0.0319987
-1.34355
-0.176253
-1.79811
-0.559571
0.230736
-0.761933
0.0301441
-0.758397
0.836047
-0.556918
0.835162
-0.456181
0.834719
-0.254704
0.833832
0.148251
0.832067
0.349717
0.831181
0.450462
0.83074
0.651928
0.829855
0.648395
0.0239538
-0.075
-1.59
0.378021
2
0.225
-0.98
0.380053
1.5
0.465
-0.32
0.41364
1.2
-0.0701545
0.419993
0.775914
1
-0.527151
1.13172
0.367007
0.5
0.405827
1.05239
0.442167
0.5
0
-0.045
-0.52
-0.055
0.43
-1.00056
-0.241064
-0.655
1.57
-0.345
1.39
0.255
1.58
0.555
1.43
-0.520573
-0.915881
-0.90242
-1.23872
-0.559562
0.230626
-0.761898
0.0299825
-0.758518
0.835935
-0.557027
0.835089
-0.456284
0.834666
-0.254794
0.833818
0.148185
0.832131
0.349663
0.831284
0.450414
0.830863
0.651892
0.830016
0.648516
0.0240663
-0.775
-1.09
0.378021
2
-0.295
-0.74
0.380053
1.5
0.285
-0.26
0.41364
1.2
-0.0701535
0.419989
0.775914
1
-0.525
1.18
0.374433
0.5
0.405
1.19
0.442167
0.5
0
-0.035
-0.52
-0.035
0.42
-0.985365
-0.244156
-0.626732
1.59423
-0.328076
1.40211
0.275
1.6
0.565
1.42
-0.834007
-0.029758
-1.33397
-0.0369067
-0.540976
0.224301
-0.744754
0.02514
-0.735525
0.831014
-0.534054
0.828706
-0.43332
0.827551
-0.23185
0.825241
0.17109
0.820629
0.372549
0.81832
0.47329
0.817167
0.674749
0.814859
0.665523
0.00898683
-1.075
-0.03
0.378021
2
-0.525
-0.01
0.380053
1.5
0.335
0.14
0.41364
1.2
-0.0502251
0.4101
0.775914
1
-0.475
1.29
0.420119
0.5
0.425
1.18
0.442167
0.5
0
-0.015
-0.56
-0.025
0.41
-0.970631
-0.26084
-0.625085
1.60935
-0.325
1.4
0.275
1.6
0.585
1.44
-0.741581
0.487347
-1.21924
0.635125
-0.529571
0.210736
-0.731933
0.010144
-0.728397
0.816047
-0.526918
0.815162
-0.426181
0.814719
-0.224704
0.813832
0.178251
0.812067
0.379717
0.811181
0.480462
0.81074
0.681928
0.809855
0.678395
0.00395381
-1.005
0.56
0.378021
2
-0.405
0.17
0.380053
1.5
0.285
0.22
0.41364
1.2
0.005
0.42
0.775914
1
-0.505
1.27
0.39645
0.5
0.455
1.24
0.442167
0.5
1
-1.735
0.8
0.893197
-0.980581
-0.196116
0.6
0.5
0.5
0
-0.015
-0.56
-0.025
0.41
-0.970631
-0.26084
-0.625085
1.60935
-0.325
1.4
0.275
1.6
0.585
1.44
-0.790361
-0.300609
-1.26834
-0.447348
-0.529571
0.210736
-0.731933
0.010144
-0.728397
0.816047
-0.526918
0.815162
-0.426181
0.814719
-0.224704
0.813832
0.178251
0.812067
0.379717
0.811181
0.480462
0.81074
0.681928
0.809855
0.678395
0.00395381
-0.995
-0.4
0.378021
2
-0.495
-0.22
0.380053
1.5
0.395
0.07
0.41364
1.2
-0.0401545
0.399993
0.775914
1
-0.515
1.27
0.411222
0.5
0.465
1.23
0.442167
0.5
0
-0.015
-0.56
-0.025
0.41
-0.970631
-0.26084
-0.625085
1.60935
-0.325
1.4
0.275
1.6
0.585
1.44
-0.424525
-1.01269
-0.771388
-1.37281
-0.529571
0.210736
-0.731933
0.010144
-0.728397
0.816047
-0.526918
0.815162
-0.426181
0.814719
-0.224704
0.813832
0.178251
0.812067
0.379717
0.811181
0.480462
0.81074
0.681928
0.809855
0.678395
0.00395381
-0.575
-1.19
0.45607
2
-0.055
-0.76
0.380053
1.5
0.385
-0.19
0.41364
1.2
-0.0401545
0.399993
0.775914
1
-0.515
1.2
0.414005
0.5
0.425
1.18
0.442167
0.5
0
-0.015
-0.56
-0.025
0.41
-0.970631
-0.26084
-0.625085
1.60935
-0.325
1.4
0.275
1.6
0.585
1.44
0.205138
-1.41943
0.0677944
-1.9002
-0.529571
0.210736
-0.731933
0.010144
-0.728397
0.816047
-0.526918
0.815162
-0.426181
0.814719
-0.224704
0.813832
0.178251
0.812067
0.379717
0.811181
0.480462
0.81074
0.681928
0.809855
0.678395
0.00395381
0.145
-1.67
0.378021
2
0.325
-1.03
0.380053
1.5
0.585
-0.36
0.41364
1.2
-0.0401545
0.399993
0.775914
1
-0.495
1.24
0.367007
0.5
0.425
1.2
0.442167
0.5
0
-0.015
-0.56
-0.025
0.41
-0.970631
-0.26084
-0.625085
1.60935
-0.325
1.4
0.275
1.6
0.585
1.44
0.930462
-1.47472
1.01407
-1.96767
-0.529571
0.210736
-0.731933
0.010144
-0.728397
0.816047
-0.526918
0.815162
-0.426181
0.814719
-0.224704
0.813832
0.178251
0.812067
0.379717
0.811181
0.480462
0.81074
0.681928
0.809855
0.678395
0.00395381
0.995
-1.69
0.378021
2
0.875
-1
0.380053
1.5
0.677064
-0.29826
0.41364
1.2
-0.0401545
0.399993
0.775914
1
-0.525
1.26
0.367007
0.5
0.425
1.21
0.442167
0.5
0
-0.015
-0.56
-0.025
0.41
-0.970631
-0.26084
-0.625085
1.60935
-0.325
1.4
0.275
1.6
0.585
1.44
1.73563
-1.06012
2.09545
-1.4073
-0.529571
0.210736
-0.731933
0.010144
-0.728397
0.816047
-0.526918
0.815162
-0.426181
0.814719
-0.224704
0.813832
0.178251
0.812067
0.379717
0.811181
0.480462
0.81074
0.681928
0.809855
0.678395
0.00395381
1.925
-1.2
0.378021
2
1.445
-0.77
0.380053
1.5
0.945
-0.23
0.41364
1.2
-0.0401545
0.399993
0.775914
1
-0.495
1.28
0.367007
0.5
0.435
1.24
0.442167
0.5
0
-0.015
-0.56
-0.025
0.41
-0.970631
-0.26084
-0.625085
1.60935
-0.325
1.4
0.275
1.6
0.585
1.44
2.1768
-0.0652943
2.67553
-0.100827
-0.529571
0.210736
-0.731933
0.010144
-0.728397
0.816047
-0.526918
0.815162
-0.426181
0.814719
-0.224704
0.813832
0.178251
0.812067
0.379717
0.811181
0.480462
0.81074
0.681928
0.809855
0.678395
0.00395381
2.425
-0.08
0.378021
2
1.775
-0.05
0.380053
1.5
1.005
-0.03
0.41364
1.2
-0.0401545
0.399993
0.775914
1
-0.515
1.25
0.367007
0.5
0.445
1.21
0.442167
0.5
0
-0.015
-0.56
-0.025
0.41
-0.970631
-0.26084
-0.625085
1.60935
-0.325
1.4
0.275
1.6
0.585
1.44
1.99534
0.722053
2.42781
0.972988
-0.529571
0.210736
-0.731933
0.010144
-0.728397
0.816047
-0.526918
0.815162
-0.426181
0.814719
-0.224704
0.813832
0.178251
0.812067
0.379717
0.811181
0.480462
0.81074
0.681928
0.809855
0.678395
0.00395381
2.165
0.8
0.378021
2
1.535
0.48
0.380053
1.5
0.925
0.16
0.41364
1.2
-0.0401545
0.399993
0.775914
1
-0.505
1.28
0.367007
0.5
0.455
1.2
0.442167
0.5
1
2.395
0.99
1
0.980581
-0.196116
0.6
0.5
0.5
0
-0.015
-0.56
-0.025
0.41
-0.970631
-0.26084
-0.625085
1.60935
-0.325
1.4
0.275
1.6
0.585
1.44
2.12797
0.389601
2.62003
0.487278
-0.529571
0.210736
-0.731933
0.010144
-0.728397
0.816047
-0.526918
0.815162
-0.426181
0.814719
-0.224704
0.813832
0.178251
0.812067
0.379717
0.811181
0.480462
0.81074
0.681928
0.809855
0.678395
0.00395381
2.345
0.44
0.378021
2
1.665
0.3
0.380053
1.5
0.955
0.09
0.41364
1.2
-0.0401545
0.399993
0.775914
1
-0.515
1.28
0.367007
0.5
0.415
1.25
0.442167
0.5
0
-0.015
-0.56
-0.025
0.41
-0.970631
-0.26084
-0.625085
1.60935
-0.325
1.4
0.275
1.6
0.585
1.44
2.17809
0.0342113
2.67808
0.0379852
-0.529571
0.210736
-0.731933
0.010144
-0.728397
0.816047
-0.526918
0.815162
-0.426181
0.814719
-0.224704
0.813832
0.178251
0.812067
0.379717
0.811181
0.480462
0.81074
0.681928
0.809855
0.678395
0.00395381
2.405
0.01
0.378021
2
1.745
-0.02
0.380053
1.5
1.015
-0.05
0.41364
1.2
-0.0401545
0.399993
0.775914
1
-0.505
1.29
0.367007
0.5
0.425
1.21
0.442167
0.5
0
-0.015
-0.51
-0.025
0.41
-0.970252
-0.261454
-0.625854
1.60902
-0.325627
1.39985
0.274273
1.60023
0.584384
1.44042
2.02534
0.00125739
2.52532
0.0058602
-0.529467
0.210415
-0.731713
0.00968888
-0.728677
0.815626
-0.52719
0.814867
-0.426448
0.814486
-0.224962
0.813724
0.178009
0.812209
0.379484
0.811448
0.480233
0.81107
0.681707
0.81031
0.678675
0.00437465
2.235
0
0.378021
2
1.575
0.02
0.380053
1.5
0.845
-0.01
0.41364
1.2
-0.0401489
0.399983
0.775914
1
-0.515
1.26
0.367007
0.5
0.415
1.21
0.442167
0.5
0
-0.015
-0.51
-0.025
0.41
-0.970252
-0.261454
-0.625854
1.60902
-0.325627
1.39985
0.274273
1.60023
0.584384
1.44042
1.905
0
2.405
0
-0.529467
0.210415
-0.731713
0.00968888
-0.728677
0.815626
-0.52719
0.814867
-0.426448
0.814486
-0.224962
0.813724
0.178009
0.812209
0.379484
0.811448
0.480233
0.81107
0.681707
0.81031
0.678675
0.00437465
2.115
0
0.378021
2
1.445
0
0.380053
1.5
0.775
-0.01
0.41364
1.2
-0.0401489
0.399983
0.775914
1
-0.495
1.31
0.367007
0.5
0.415
1.27
0.442167
0.5
0
-0.015
-0.51
-0.025
0.41
-0.970252
-0.261454
-0.625854
1.60902
-0.325627
1.39985
0.274273
1.60023
0.584384
1.44042
1.755
0
2.25496
0.00595196
-0.529467
0.210415
-0.731713
0.00968888
-0.728677
0.815626
-0.52719
0.814867
-0.426448
0.814486
-0.224962
0.813724
0.178009
0.812209
0.379484
0.811448
0.480233
0.81107
0.681707
0.81031
0.678675
0.00437465
1.965
-0.01
0.378021
2
1.385
-0.04
0.380053
1.5
0.775
-0.07
0.41364
1.2
-0.0401489
0.399983
0.775914
1
-0.455
1.29
0.367007
0.5
0.435
1.25
0.442167
0.5
0
-0.015
-0.51
-0.025
0.41
-0.970252
-0.261454
-0.625854
1.60902
-0.325627
1.39985
0.274273
1.60023
0.584384
1.44042
1.545
0
2.04498
0.00480747
-0.529467
0.210415
-0.731713
0.00968888
-0.728677
0.815626
-0.52719
0.814867
-0.426448
0.814486
-0.224962
0.813724
0.178009
0.812209
0.379484
0.811448
0.480233
0.81107
0.681707
0.81031
0.678675
0.00437465
1.795
0.02
0.378021
2
1.245
0
0.380053
1.5
0.585
-0.02
0.41364
1.2
-0.0401489
0.399983
0.775914
1
-0.555
1.2
0.367007
0.5
0.425
1.21
0.442167
0.5
0
-0.015
-0.51
-0.025
0.41
-0.970252
-0.261454
-0.625854
1.60902
-0.325627
1.39985
0.274273
1.60023
0.584384
1.44042
1.265
0
1.76497
0.00555521
-0.529467
0.210415
-0.731713
0.00968888
-0.728677
0.815626
-0.52719
0.814867
-0.426448
0.814486
-0.224962
0.813724
0.178009
0.812209
0.379484
0.811448
0.480233
0.81107
0.681707
0.81031
0.678675
0.00437465
1.505
0.01
0.378021
2
1.025
-0.01
0.380053
1.5
0.475
0.03
0.41364
1.2
-0.0401489
0.399983
0.775914
1
-0.535
1.26
0.367007
0.5
0.415
1.2
0.442167
0.5
0
-0.015
-0.51
-0.025
0.41
-0.970252
-0.261454
-0.625854
1.60902
-0.325627
1.39985
0.274273
1.60023
0.584384
1.44042
0.985
0
1.48497
0.00515437
-0.529467
0.210415
-0.731713
0.00968888
-0.728677
0.815626
-0.52719
0.814867
-0.426448
0.814486
-0.224962
0.813724
0.178009
0.812209
0.379484
0.811448
0.480233
0.81107
0.681707
0.81031
0.678675
0.00437465
1.235
-0.02
0.378021
2
0.805
-0.01
0.380053
1.5
0.235
0.36
0.41364
1.2
-0.0401489
0.399983
0.775914
1
-0.495
1.25
0.367007
0.5
0.425
1.21
0.442167
0.5
0
-0.015
-0.51
-0.025
0.41
-0.970252
-0.261454
-0.625854
1.60902
-0.325627
1.39985
0.274273
1.60023
0.584384
1.44042
0.675
-0.23
1.175
-0.23
-0.529467
0.210415
-0.731713
0.00968888
-0.728677
0.815626
-0.52719
0.814867
-0.426448
0.814486
-0.224962
0.813724
0.178009
0.812209
0.379484
0.811448
0.480233
0.81107
0.681707
0.81031
0.678675
0.00437465
0.935
-0.2
0.378021
2
0.515
0.07
0.380053
1.5
0.115
0.44
0.41364
1.2
-0.0401489
0.399983
0.775914
1
-0.515
1.27
0.367007
0.5
0.445
1.22
0.442167
0.5
0
-0.015
-0.51
-0.025
0.41
-0.970252
-0.261454
-0.625854
1.60902
-0.325627
1.39985
0.274273
1.60023
0.584384
1.44042
0.675
-0.49
1.175
-0.49
-0.529467
0.210415
-0.731713
0.00968888
-0.728677
0.815626
-0.52719
0.814867
-0.426448
0.814486
-0.224962
0.813724
0.178009
0.812209
0.379484
0.811448
0.480233
0.81107
0.681707
0.81031
0.678675
0.00437465
0.895
-0.47
0.378021
2
0.655
-0.22
0.380053
1.5
0.505
0.14
0.41364
1.2
-0.0401489
0.399983
0.775914
1
-0.505
1.24
0.367007
0.5
0.415
1.19
0.442167
0.5
0
-0.015
-0.51
-0.025
0.41
-0.970252
-0.261454
-0.625854
1.60902
-0.325627
1.39985
0.274273
1.60023
0.584384
1.44042
0.675
-0.7
1.175
-0.7
-0.529467
0.210415
-0.731713
0.00968888
-0.728677
0.815626
-0.52719
0.814867
-0.426448
0.814486
-0.224962
0.813724
0.178009
0.812209
0.379484
0.811448
0.480233
0.81107
0.681707
0.81031
0.678675
0.00437465
0.925
-0.64
0.378021
2
0.625
-0.42
0.380053
1.5
0.605
-0.02
0.41364
1.2
-0.0401489
0.399983
0.775914
1
-0.545
1.23
0.367007
0.5
0.435
1.21
0.442167
0.5
0
-0.015
-0.51
-0.025
0.41
-0.970252
-0.261454
-0.625854
1.60902
-0.325627
1.39985
0.274273
1.60023
0.584384
1.44042
0.675
-0.88
1.175
-0.88
-0.529467
0.210415
-0.731713
0.00968888
-0.728677
0.815626
-0.52719
0.814867
-0.426448
0.814486
-0.224962
0.813724
0.178009
0.812209
0.379484
0.811448
0.480233
0.81107
0.681707
0.81031
0.678675
0.00437465
0.895
-0.84
0.378021
2
0.685
-0.57
0.380053
1.5
0.625
0.03
0.41364
1.2
-0.0401489
0.399983
0.775914
1
-0.495
1.28
0.367007
0.5
0.455
1.21
0.442167
0.5
0
-0.015
-0.51
-0.025
0.41
-0.970252
-0.261454
-0.625854
1.60902
-0.325627
1.39985
0.274273
1.60023
0.584384
1.44042
0.685
-1.09
1.18495
-1.08306
-0.529467
0.210415
-0.731713
0.00968888
-0.728677
0.815626
-0.52719
0.814867
-0.426448
0.814486
-0.224962
0.813724
0.178009
0.812209
0.379484
0.811448
0.480233
0.81107
0.681707
0.81031
0.678675
0.00437465
0.935
-1.08
0.378021
2
0.695
-0.75
0.380053
1.5
0.677532
-0.297852
0.41364
1.2
-0.0401489
0.399983
0.775914
1
-0.515
1.27
0.367007
0.5
0.425
1.28
0.442167
0.5
0
-0.015
-0.51
-0.025
0.41
-0.970252
-0.261454
-0.625854
1.60902
-0.325627
1.39985
0.274273
1.60023
0.584384
1.44042
0.675
-1.3
1.175
-1.3
-0.529467
0.210415
-0.731713
0.00968888
-0.728677
0.815626
-0.52719
0.814867
-0.426448
0.814486
-0.224962
0.813724
0.178009
0.812209
0.379484
0.811448
0.480233
0.81107
0.681707
0.81031
0.678675
0.00437465
0.875
-1.33
0.378021
2
0.725
-0.89
0.380053
1.5
0.677532
-0.297852
0.41364
1.2
-0.0401489
0.399983
0.775914
1
-0.525
1.22
0.367007
0.5
0.415
1.22
0.442167
0.5
0
