44
10
9
11
6
0
-1
0
0.4
-0.948171
-0.26079
-0.6
1.6
-0.3
1.4
0.3
1.6
0.595
1.42
0.695
-1.38
1.195
-1.38
-0.5
0.2
-0.7
0
-0.7
0.8
-0.5
0.8
-0.4
0.8
-0.2
0.8
0.2
0.8
0.4
0.8
0.5
0.8
0.7
0.8
0.7
0
0.925
-1.47
0.378021
2
0.715
-0.91
0.328024
1.5
0.7
-0.3
0.343984
1.2
-0.015
0.39
0.754255
1
-0.475
1.23
0.45793
0.5
0.435
1.24
0.471699
0.5
0
0.005
-0.93
0.005
0.47
-0.943171
-0.19079
-0.595
1.59
-0.295
1.4
0.305
1.6
0.605
1.42
0.695
-1.28
1.19494
-1.27243
-0.495
0.27
-0.695
0.07
-0.695
0.87
-0.495
0.87
-0.395
0.87
-0.195
0.87
0.205
0.87
0.405
0.87
0.505
0.87
0.705
0.87
0.705
0.07
0.93
-1.4
0.378021
2
0.72
-0.84
0.328024
1.5
0.705
-0.23
0.343984
1.2
-0.01
0.46
0.754255
1
-0.47
1.3
0.45793
0.5
0.44
1.31
0.471699
0.5
0
0.005
-0.82
0.005
0.58
-0.943171
-0.08079
-0.595
1.6
-0.295
1.39
0.305
1.61
0.605
1.42
0.705
-1.06
1.205
-1.06
-0.495
0.38
-0.695
0.18
-0.695
0.98
-0.495
0.98
-0.395
0.98
-0.195
0.98
0.205
0.98
0.405
0.98
0.505
0.98
0.705
0.98
0.705
0.18
0.93
-1.29
0.378021
2
0.72
-0.73
0.328024
1.5
0.705
-0.12
0.343984
1.2
-0.01
0.57
0.754255
1
-0.47
1.41
0.45793
0.5
0.44
1.42
0.471699
0.5
0
0.015
-0.74
0.015
0.66
-0.933171
-0.00078997
-0.585
1.6
-0.285
1.39
0.315
1.6
0.615
1.43
0.715
-0.87
1.215
-0.87
-0.485
0.46
-0.685
0.26
-0.685
1.06
-0.485
1.06
-0.385
1.06
-0.185
1.06
0.215
1.06
0.415
1.06
0.515
1.06
0.715
1.06
0.715
0.26
0.94
-1.21
0.378021
2
0.73
-0.65
0.328024
1.5
0.715
-0.04
0.343984
1.2
0
0.65
0.754255
1
-0.46
1.49
0.45793
0.5
0.45
1.5
0.471699
0.5
0
0.025
-0.66
0.025
0.74
-0.923171
0.07921
-0.575
1.57
-0.275
1.4
0.325
1.61
0.625
1.45
0.725
-0.68
1.22494
-0.672188
-0.475
0.54
-0.675
0.34
-0.675
1.14
-0.475
1.14
-0.375
1.14
-0.175
1.14
0.225
1.14
0.425
1.14
0.525
1.14
0.725
1.14
0.725
0.34
0.95
-1.13
0.378021
2
0.74
-0.57
0.328024
1.5
0.725
0.04
0.343984
1.2
0.01
0.73
0.754255
1
-0.45
1.57
0.45793
0.5
0.46
1.58
0.471699
0.5
0
0.025
-0.54
0.025
0.86
-0.923171
0.19921
-0.575
1.57
-0.275
1.42
0.325
1.61
0.625
1.47
0.725
-0.38
1.22495
-0.372958
-0.475
0.66
-0.675
0.46
-0.675
1.26
-0.475
1.26
-0.375
1.26
-0.175
1.26
0.225
1.26
0.425
1.26
0.525
1.26
0.725
1.26
0.725
0.46
0.95
-1.01
0.378021
2
0.74
-0.45
0.328024
1.5
0.725
0.16
0.343984
1.2
0.01
0.85
0.754255
1
-0.45
1.69
0.45793
0.5
0.46
1.7
0.471699
0.5
0
0.025
-0.54
0.025
0.86
-0.923171
0.19921
-0.575
1.57
-0.275
1.42
0.325
1.61
0.625
1.47
0.725
-0.1
1.22495
-0.0930562
-0.475
0.66
-0.675
0.46
-0.675
1.26
-0.475
1.26
-0.375
1.26
-0.175
1.26
0.225
1.26
0.425
1.26
0.525
1.26
0.725
1.26
0.725
0.46
0.95
-1.01
0.378021
2
0.74
-0.45
0.328024
1.5
0.725
0.16
0.343984
1.2
0.01
0.85
0.754255
1
-0.45
1.69
0.45793
0.5
0.46
1.7
0.471699
0.5
0
0.025
-0.54
0.025
0.86
-0.923171
0.19921
-0.575
1.57
-0.275
1.42
0.325
1.61
0.625
1.47
0.925
-0.1
1.42496
-0.093507
-0.475
0.66
-0.675
0.46
-0.675
1.26
-0.475
1.26
-0.375
1.26
-0.175
1.26
0.225
1.26
0.425
1.26
0.525
1.26
0.725
1.26
0.725
0.46
0.95
-1.01
0.378021
2
0.74
-0.45
0.328024
1.5
0.725
0.16
0.343984
1.2
0.01
0.85
0.754255
1
-0.45
1.69
0.45793
0.5
0.46
1.7
0.471699
0.5
0
0.025
-0.54
0.025
0.86
-0.923171
0.19921
-0.575
1.57
-0.275
1.42
0.325
1.61
0.625
1.47
1.205
-0.06
1.705
-0.06
-0.475
0.66
-0.675
0.46
-0.675
1.26
-0.475
1.26
-0.375
1.26
-0.175
1.26
0.225
1.26
0.425
1.26
0.525
1.26
0.725
1.26
0.725
0.46
0.95
-1.01
0.378021
2
0.74
-0.45
0.328024
1.5
0.725
0.16
0.343984
1.2
0.01
0.85
0.754255
1
-0.45
1.69
0.45793
0.5
0.46
1.7
0.471699
0.5
0
0.025
-0.54
0.025
0.86
-0.923171
0.19921
-0.575
1.57
-0.275
1.42
0.325
1.61
0.625
1.47
1.395
-0.08
1.895
-0.08
-0.475
0.66
-0.675
0.46
-0.675
1.26
-0.475
1.26
-0.375
1.26
-0.175
1.26
0.225
1.26
0.425
1.26
0.525
1.26
0.725
1.26
0.725
0.46
0.95
-1.01
0.378021
2
0.74
-0.45
0.328024
1.5
0.725
0.16
0.343984
1.2
0.01
0.85
0.754255
1
-0.45
1.69
0.45793
0.5
0.46
1.7
0.471699
0.5
0
0.025
-0.54
0.025
0.86
-0.923171
0.19921
-0.575
1.57
-0.275
1.42
0.325
1.61
0.625
1.47
1.705
-0.08
2.20494
-0.0724251
-0.475
0.66
-0.675
0.46
-0.675
1.26
-0.475
1.26
-0.375
1.26
-0.175
1.26
0.225
1.26
0.425
1.26
0.525
1.26
0.725
1.26
0.725
0.46
0.95
-1.01
0.378021
2
0.74
-0.45
0.328024
1.5
0.725
0.16
0.343984
1.2
0.01
0.85
0.754255
1
-0.45
1.69
0.45793
0.5
0.46
1.7
0.471699
0.5
0
0.025
-0.54
0.025
0.86
-0.923171
0.19921
-0.575
1.57
-0.275
1.42
0.325
1.61
0.625
1.47
1.705
-0.08
2.20494
-0.0724251
-0.475
0.66
-0.675
0.46
-0.675
1.26
-0.475
1.26
-0.375
1.26
-0.175
1.26
0.225
1.26
0.425
1.26
0.525
1.26
0.725
1.26
0.725
0.46
0.95
-1.01
0.378021
2
0.74
-0.45
0.328024
1.5
0.725
0.16
0.343984
1.2
0.01
0.85
0.754255
1
-0.45
1.69
0.45793
0.5
0.46
1.7
0.471699
0.5
0
0.025
-0.54
0.025
0.86
-0.923171
0.19921
-0.575
1.57
-0.275
1.42
0.325
1.61
0.625
1.47
1.705
-0.08
2.20494
-0.0724251
-0.475
0.66
-0.675
0.46
-0.675
1.26
-0.475
1.26
-0.375
1.26
-0.175
1.26
0.225
1.26
0.425
1.26
0.525
1.26
0.725
1.26
0.725
0.46
0.95
-1.01
0.378021
2
0.74
-0.45
0.328024
1.5
0.725
0.16
0.343984
1.2
0.01
0.85
0.754255
1
-0.45
1.69
0.45793
0.5
0.46
1.7
0.471699
0.5
0
0.025
-0.54
0.025
0.86
-0.923171
0.19921
-0.575
1.57
-0.275
1.42
0.325
1.61
0.625
1.47
1.705
-0.08
2.20494
-0.0724251
-0.475
0.66
-0.675
0.46
-0.675
1.26
-0.475
1.26
-0.375
1.26
-0.175
1.26
0.225
1.26
0.425
1.26
0.525
1.26
0.725
1.26
0.725
0.46
0.95
-1.01
0.378021
2
0.74
-0.45
0.328024
1.5
0.725
0.16
0.343984
1.2
0.01
0.85
0.754255
1
-0.45
1.69
0.45793
0.5
0.46
1.7
0.471699
0.5
0
0.025
-0.54
0.025
0.86
-0.923171
0.19921
-0.575
1.57
-0.275
1.42
0.325
1.61
0.625
1.47
1.705
-0.08
2.20494
-0.0724251
-0.475
0.66
-0.675
0.46
-0.675
1.26
-0.475
1.26
-0.375
1.26
-0.175
1.26
0.225
1.26
0.425
1.26
0.525
1.26
0.725
1.26
0.725
0.46
0.95
-1.01
0.378021
2
0.74
-0.45
0.328024
1.5
0.725
0.16
0.343984
1.2
0.01
0.85
0.754255
1
-0.45
1.69
0.45793
0.5
0.46
1.7
0.471699
0.5
0
0.025
-0.54
0.025
0.86
-0.923171
0.19921
-0.575
1.57
-0.275
1.42
0.325
1.61
0.625
1.47
1.705
-0.08
2.20494
-0.0724251
-0.475
0.66
-0.675
0.46
-0.675
1.26
-0.475
1.26
-0.375
1.26
-0.175
1.26
0.225
1.26
0.425
1.26
0.525
1.26
0.725
1.26
0.725
0.46
0.95
-1.01
0.378021
2
0.74
-0.45
0.328024
1.5
0.725
0.16
0.343984
1.2
0.01
0.85
0.754255
1
-0.45
1.69
0.45793
0.5
0.46
1.7
0.471699
0.5
0
0.025
-0.54
0.025
0.86
-0.923171
0.19921
-0.575
1.57
-0.275
1.42
0.325
1.61
0.625
1.47
1.705
-0.08
2.20494
-0.0724251
-0.475
0.66
-0.675
0.46
-0.675
1.26
-0.475
1.26
-0.375
1.26
-0.175
1.26
0.225
1.26
0.425
1.26
0.525
1.26
0.725
1.26
0.725
0.46
0.95
-1.01
0.378021
2
0.74
-0.45
0.328024
1.5
0.725
0.16
0.343984
1.2
0.01
0.85
0.754255
1
-0.45
1.69
0.45793
0.5
0.46
1.7
0.471699
0.5
0
0.025
-0.54
0.025
0.86
-0.923171
0.19921
-0.575
1.57
-0.275
1.42
0.325
1.61
0.625
1.47
1.705
-0.08
2.20494
-0.0724251
-0.475
0.66
-0.675
0.46
-0.675
1.26
-0.475
1.26
-0.375
1.26
-0.175
1.26
0.225
1.26
0.425
1.26
0.525
1.26
0.725
1.26
0.725
0.46
0.95
-1.01
0.378021
2
0.74
-0.45
0.328024
1.5
0.725
0.16
0.343984
1.2
0.01
0.85
0.754255
1
-0.45
1.69
0.45793
0.5
0.46
1.7
0.471699
0.5
0
0.025
-0.54
0.025
0.86
-0.923171
0.19921
-0.575
1.57
-0.275
1.42
0.325
1.61
0.625
1.47
1.705
-0.08
2.20494
-0.0724251
-0.475
0.66
-0.675
0.46
-0.675
1.26
-0.475
1.26
-0.375
1.26
-0.175
1.26
0.225
1.26
0.425
1.26
0.525
1.26
0.725
1.26
0.725
0.46
0.95
-1.01
0.378021
2
0.74
-0.45
0.328024
1.5
0.725
0.16
0.343984
1.2
0.01
0.85
0.754255
1
-0.45
1.69
0.45793
0.5
0.46
1.7
0.471699
0.5
0
0.025
-0.54
0.025
0.86
-0.923171
0.19921
-0.575
1.57
-0.275
1.42
0.325
1.61
0.625
1.47
1.705
-0.08
2.20494
-0.0724251
-0.475
0.66
-0.675
0.46
-0.675
1.26
-0.475
1.26
-0.375
1.26
-0.175
1.26
0.225
1.26
0.425
1.26
0.525
1.26
0.725
1.26
0.725
0.46
0.95
-1.01
0.378021
2
0.74
-0.45
0.328024
1.5
0.725
0.16
0.343984
1.2
0.01
0.85
0.754255
1
-0.45
1.69
0.45793
0.5
0.46
1.7
0.471699
0.5
0
0.025
-0.54
0.025
0.86
-0.923171
0.19921
-0.575
1.57
-0.275
1.42
0.325
1.61
0.625
1.47
1.705
-0.08
2.20494
-0.0724251
-0.475
0.66
-0.675
0.46
-0.675
1.26
-0.475
1.26
-0.375
1.26
-0.175
1.26
0.225
1.26
0.425
1.26
0.525
1.26
0.725
1.26
0.725
0.46
0.95
-1.01
0.378021
2
0.74
-0.45
0.328024
1.5
0.725
0.16
0.343984
1.2
0.01
0.85
0.754255
1
-0.45
1.69
0.45793
0.5
0.46
1.7
0.471699
0.5
0
0.025
-0.54
0.025
0.86
-0.923171
0.19921
-0.575
1.57
-0.275
1.42
0.325
1.61
0.625
1.47
1.705
-0.08
2.20494
-0.0724251
-0.475
0.66
-0.675
0.46
-0.675
1.26
-0.475
1.26
-0.375
1.26
-0.175
1.26
0.225
1.26
0.425
1.26
0.525
1.26
0.725
1.26
0.725
0.46
0.95
-1.01
0.378021
2
0.74
-0.45
0.328024
1.5
0.725
0.16
0.343984
1.2
0.01
0.85
0.754255
1
-0.45
1.69
0.45793
0.5
0.46
1.7
0.471699
0.5
0
0.025
-0.54
0.025
0.86
-0.923171
0.19921
-0.575
1.57
-0.275
1.42
0.325
1.61
0.625
1.47
1.705
-0.08
2.20494
-0.0724251
-0.475
0.66
-0.675
0.46
-0.675
1.26
-0.475
1.26
-0.375
1.26
-0.175
1.26
0.225
1.26
0.425
1.26
0.525
1.26
0.725
1.26
0.725
0.46
0.95
-1.01
0.378021
2
0.74
-0.45
0.328024
1.5
0.725
0.16
0.343984
1.2
0.01
0.85
0.754255
1
-0.45
1.69
0.45793
0.5
0.46
1.7
0.471699
0.5
0
0.025
-0.54
0.025
0.86
-0.923171
0.19921
-0.575
1.57
-0.275
1.42
0.325
1.61
0.625
1.47
1.705
-0.08
2.20494
-0.0724251
-0.475
0.66
-0.675
0.46
-0.675
1.26
-0.475
1.26
-0.375
1.26
-0.175
1.26
0.225
1.26
0.425
1.26
0.525
1.26
0.725
1.26
0.725
0.46
0.95
-1.01
0.378021
2
0.74
-0.45
0.328024
1.5
0.725
0.16
0.343984
1.2
0.01
0.85
0.754255
1
-0.45
1.69
0.45793
0.5
0.46
1.7
0.471699
0.5
0
0.025
-0.54
0.025
0.86
-0.923171
0.19921
-0.575
1.57
-0.275
1.42
0.325
1.61
0.625
1.47
1.705
-0.08
2.20494
-0.0724251
-0.475
0.66
-0.675
0.46
-0.675
1.26
-0.475
1.26
-0.375
1.26
-0.175
1.26
0.225
1.26
0.425
1.26
0.525
1.26
0.725
1.26
0.725
0.46
0.95
-1.01
0.378021
2
0.74
-0.45
0.328024
1.5
0.725
0.16
0.343984
1.2
0.01
0.85
0.754255
1
-0.45
1.69
0.45793
0.5
0.46
1.7
0.471699
0.5
0
0.025
-0.54
0.025
0.86
-0.923171
0.19921
-0.575
1.57
-0.275
1.42
0.325
1.61
0.625
1.47
1.705
-0.08
2.20494
-0.0724251
-0.475
0.66
-0.675
0.46
-0.675
1.26
-0.475
1.26
-0.375
1.26
-0.175
1.26
0.225
1.26
0.425
1.26
0.525
1.26
0.725
1.26
0.725
0.46
0.95
-1.01
0.378021
2
0.74
-0.45
0.328024
1.5
0.725
0.16
0.343984
1.2
0.01
0.85
0.754255
1
-0.45
1.69
0.45793
0.5
0.46
1.7
0.471699
0.5
0
0.035
-0.64
0.035
0.76
-0.913171
0.09921
-0.565
1.58
-0.265
1.41
0.335
1.61
0.635
1.46
1.715
-0.18
2.21494
-0.172425
-0.465
0.56
-0.665
0.36
-0.665
1.16
-0.465
1.16
-0.365
1.16
-0.165
1.16
0.235
1.16
0.435
1.16
0.535
1.16
0.735
1.16
0.735
0.36
0.96
-1.11
0.378021
2
0.75
-0.55
0.328024
1.5
0.735
0.06
0.343984
1.2
0.02
0.75
0.754255
1
-0.44
1.59
0.45793
0.5
0.47
1.6
0.471699
0.5
0
0.025
-0.71
0.025
0.69
-0.923171
0.02921
-0.575
1.58
-0.275
1.41
0.325
1.61
0.625
1.46
1.705
-0.25
2.20494
-0.242425
-0.475
0.49
-0.675
0.29
-0.675
1.09
-0.475
1.09
-0.375
1.09
-0.175
1.09
0.225
1.09
0.425
1.09
0.525
1.09
0.725
1.09
0.725
0.29
0.95
-1.18
0.378021
2
0.74
-0.62
0.328024
1.5
0.725
-0.01
0.343984
1.2
0.01
0.68
0.754255
1
-0.45
1.52
0.45793
0.5
0.46
1.53
0.471699
0.5
0
0.025
-0.77
0.025
0.63
-0.923171
-0.03079
-0.575
1.58
-0.275
1.41
0.325
1.6
0.625
1.46
1.705
-0.31
2.20494
-0.302425
-0.475
0.43
-0.675
0.23
-0.675
1.03
-0.475
1.03
-0.375
1.03
-0.175
1.03
0.225
1.03
0.425
1.03
0.525
1.03
0.725
1.03
0.725
0.23
0.95
-1.24
0.378021
2
0.74
-0.68
0.328024
1.5
0.725
-0.07
0.343984
1.2
0.01
0.62
0.754255
1
-0.45
1.46
0.45793
0.5
0.46
1.47
0.471699
0.5
0
0.025
-0.84
0.025
0.56
-0.923171
-0.10079
-0.575
1.58
-0.275
1.41
0.325
1.6
0.625
1.46
1.705
-0.38
2.20494
-0.372425
-0.475
0.36
-0.675
0.16
-0.675
0.96
-0.475
0.96
-0.375
0.96
-0.175
0.96
0.225
0.96
0.425
0.96
0.525
0.96
0.725
0.96
0.725
0.16
0.95
-1.31
0.378021
2
0.74
-0.75
0.328024
1.5
0.725
-0.14
0.343984
1.2
0.01
0.55
0.754255
1
-0.45
1.39
0.45793
0.5
0.46
1.4
0.471699
0.5
0
0.035
-0.92
0.035
0.48
-0.913171
-0.18079
-0.565
1.58
-0.265
1.4
0.335
1.61
0.635
1.44
1.715
-0.46
2.21494
-0.452425
-0.465
0.28
-0.665
0.08
-0.665
0.88
-0.465
0.88
-0.365
0.88
-0.165
0.88
0.235
0.88
0.435
0.88
0.535
0.88
0.735
0.88
0.735
0.08
0.96
-1.39
0.378021
2
0.75
-0.83
0.328024
1.5
0.735
-0.22
0.343984
1.2
0.02
0.47
0.754255
1
-0.44
1.31
0.45793
0.5
0.47
1.32
0.471699
0.5
0
-0.005
-0.96
-0.005
0.44
-0.953171
-0.22079
-0.605
1.6
-0.305
1.4
0.295
1.6
0.595
1.4
1.675
-0.5
2.17494
-0.492425
-0.505
0.24
-0.705
0.04
-0.705
0.84
-0.505
0.84
-0.405
0.84
-0.205
0.84
0.195
0.84
0.395
0.84
0.495
0.84
0.695
0.84
0.695
0.04
0.92
-1.43
0.378021
2
0.71
-0.87
0.328024
1.5
0.695
-0.26
0.343984
1.2
-0.02
0.43
0.754255
1
-0.48
1.27
0.45793
0.5
0.43
1.28
0.471699
0.5
0
-0.005
-1
-0.005
0.4
-0.953171
-0.26079
-0.605
1.59
-0.305
1.39
0.295
1.59
0.595
1.39
1.675
-0.54
2.17494
-0.532425
-0.505
0.2
-0.705
0
-0.705
0.8
-0.505
0.8
-0.405
0.8
-0.205
0.8
0.195
0.8
0.395
0.8
0.495
0.8
0.695
0.8
0.695
0
0.92
-1.47
0.378021
2
0.71
-0.91
0.328024
1.5
0.695
-0.3
0.343984
1.2
-0.02
0.39
0.754255
1
-0.48
1.23
0.45793
0.5
0.43
1.24
0.471699
0.5
0
-0.005
-1
-0.005
0.4
-0.953171
-0.26079
-0.605
1.59
-0.305
1.39
0.295
1.59
0.595
1.39
1.495
-0.56
1.99496
-0.553903
-0.505
0.2
-0.705
0
-0.705
0.8
-0.505
0.8
-0.405
0.8
-0.205
0.8
0.195
0.8
0.395
0.8
0.495
0.8
0.695
0.8
0.695
0
0.92
-1.47
0.378021
2
0.71
-0.91
0.328024
1.5
0.695
-0.3
0.343984
1.2
-0.02
0.39
0.754255
1
-0.48
1.23
0.45793
0.5
0.43
1.24
0.471699
0.5
0
-0.005
-1
-0.005
0.4
-0.953171
-0.26079
-0.605
1.59
-0.305
1.39
0.295
1.59
0.595
1.39
1.325
-0.55
1.82496
-0.54359
-0.505
0.2
-0.705
0
-0.705
0.8
-0.505
0.8
-0.405
0.8
-0.205
0.8
0.195
0.8
0.395
0.8
0.495
0.8
0.695
0.8
0.695
0
0.92
-1.47
0.378021
2
0.71
-0.91
0.328024
1.5
0.695
-0.3
0.343984
1.2
-0.02
0.39
0.754255
1
-0.48
1.23
0.45793
0.5
0.43
1.24
0.471699
0.5
0
-0.005
-1
-0.005
0.4
-0.953171
-0.26079
-0.605
1.59
-0.305
1.39
0.295
1.59
0.595
1.39
1.135
-0.55
1.635
-0.55
-0.505
0.2
-0.705
0
-0.705
0.8
-0.505
0.8
-0.405
0.8
-0.205
0.8
0.195
0.8
0.395
0.8
0.495
0.8
0.695
0.8
0.695
0
0.92
-1.47
0.378021
2
0.71
-0.91
0.328024
1.5
0.695
-0.3
0.343984
1.2
-0.02
0.39
0.754255
1
-0.48
1.23
0.45793
0.5
0.43
1.24
0.471699
0.5
0
-0.005
-1
-0.005
0.4
-0.953171
-0.26079
-0.605
1.59
-0.305
1.39
0.295
1.59
0.595
1.39
0.945
-0.53
1.44495
-0.523151
-0.505
0.2
-0.705
0
-0.705
0.8
-0.505
0.8
-0.405
0.8
-0.205
0.8
0.195
0.8
0.395
0.8
0.495
0.8
0.695
0.8
0.695
0
0.92
-1.47
0.378021
2
0.71
-0.91
0.328024
1.5
0.695
-0.3
0.343984
1.2
-0.02
0.39
0.754255
1
-0.48
1.23
0.45793
0.5
0.43
1.24
0.471699
0.5
0
-0.005
-1
-0.005
0.4
-0.953171
-0.26079
-0.605
1.59
-0.305
1.39
0.295
1.59
0.595
1.39
0.795
-0.54
1.29495
-0.533056
-0.505
0.2
-0.705
0
-0.705
0.8
-0.505
0.8
-0.405
0.8
-0.205
0.8
0.195
0.8
0.395
0.8
0.495
0.8
0.695
0.8
0.695
0
0.92
-1.47
0.378021
2
0.71
-0.91
0.328024
1.5
0.695
-0.3
0.343984
1.2
-0.02
0.39
0.754255
1
-0.48
1.23
0.45793
0.5
0.43
1.24
0.471699
0.5
0
-0.005
-1
-0.005
0.4
-0.953171
-0.26079
-0.605
1.59
-0.305
1.39
0.295
1.59
0.595
1.39
0.695
-0.52
1.19495
-0.513244
-0.505
0.2
-0.705
0
-0.705
0.8
-0.505
0.8
-0.405
0.8
-0.205
0.8
0.195
0.8
0.395
0.8
0.495
0.8
0.695
0.8
0.695
0
0.92
-1.47
0.378021
2
0.71
-0.91
0.328024
1.5
0.695
-0.3
0.343984
1.2
-0.02
0.39
0.754255
1
-0.48
1.23
0.45793
0.5
0.43
1.24
0.471699
0.5
0
-0.005
-1
-0.005
0.4
-0.953171
-0.26079
-0.605
1.59
-0.305
1.39
0.295
1.59
0.595
1.39
0.695
-0.69
1.195
-0.69
-0.505
0.2
-0.705
0
-0.705
0.8
-0.505
0.8
-0.405
0.8
-0.205
0.8
0.195
0.8
0.395
0.8
0.495
0.8
0.695
0.8
0.695
0
0.92
-1.47
0.378021
2
0.71
-0.91
0.328024
1.5
0.695
-0.3
0.343984
1.2
-0.02
0.39
0.754255
1
-0.48
1.23
0.45793
0.5
0.43
1.24
0.471699
0.5
0
-0.005
-1
-0.005
0.4
-0.953171
-0.26079
-0.605
1.59
-0.305
1.39
0.295
1.59
0.595
1.39
0.695
-0.83
1.19493
-0.821804
-0.505
0.2
-0.705
0
-0.705
0.8
-0.505
0.8
-0.405
0.8
-0.205
0.8
0.195
0.8
0.395
0.8
0.495
0.8
0.695
0.8
0.695
0
0.92
-1.47
0.378021
2
0.71
-0.91
0.328024
1.5
0.695
-0.3
0.343984
1.2
-0.02
0.39
0.754255
1
-0.48
1.23
0.45793
0.5
0.43
1.24
0.471699
0.5
0
-0.005
-1
-0.005
0.4
-0.953171
-0.26079
-0.605
1.59
-0.305
1.39
0.295
1.59
0.595
1.39
0.695
-1
1.19492
-0.991073
-0.505
0.2
-0.705
0
-0.705
0.8
-0.505
0.8
-0.405
0.8
-0.205
0.8
0.195
0.8
0.395
0.8
0.495
0.8
0.695
0.8
0.695
0
0.92
-1.47
0.378021
2
0.71
-0.91
0.328024
1.5
0.695
-0.3
0.343984
1.2
-0.02
0.39
0.754255
1
-0.48
1.23
0.45793
0.5
0.43
1.24
0.471699
0.5
0
-0.005
-1
-0.005
0.4
-0.953171
-0.26079
-0.605
1.59
-0.305
1.39
0.295
1.59
0.595
1.39
0.695
-1.18
1.195
-1.18
-0.505
0.2
-0.705
0
-0.705
0.8
-0.505
0.8
-0.405
0.8
-0.205
0.8
0.195
0.8
0.395
0.8
0.495
0.8
0.695
0.8
0.695
0
0.92
-1.47
0.378021
2
0.71
-0.91
0.328024
1.5
0.695
-0.3
0.343984
1.2
-0.02
0.39
0.754255
1
-0.48
1.23
0.45793
0.5
0.43
1.24
0.471699
0.5
0
-0.005
-1
-0.005
0.4
-0.953171
-0.26079
-0.605
1.59
-0.305
1.39
0.295
1.59
0.595
1.39
0.695
-1.33
1.19491
-1.32074
-0.505
0.2
-0.705
0
-0.705
0.8
-0.505
0.8
-0.405
0.8
-0.205
0.8
0.195
0.8
0.395
0.8
0.495
0.8
0.695
0.8
0.695
0
0.92
-1.47
0.378021
2
0.71
-0.91
0.328024
1.5
0.695
-0.3
0.343984
1.2
-0.02
0.39
0.754255
1
-0.48
1.23
0.45793
0.5
0.43
1.24
0.471699
0.5
0
