6
10
9
11
6
0
-1
0
0.4
-0.945508
-0.263298
-0.6
1.6
-0.299699
1.59369
0.3
1.6
0.596954
1.5941
0.713975
-1.49993
1.21397
-1.49999
-0.5
0.2
-0.7
0
-0.7
0.8
-0.5
0.8
-0.4
0.8
-0.2
0.8
0.2
0.8
0.4
0.8
0.5
0.8
0.7
0.8
0.7
0
0.925
-1.47
0.378021
2
0.715
-0.91
0.328024
1.5
0.7
-0.3
0.343984
1.2
-0.015
0.39
0.754255
1
-0.475
1.23
0.45793
0.5
0.435
1.24
0.471699
0.5
0
0
-1
0
0.4
-0.822078
-0.338669
-0.6
1.6
-0.299699
1.59369
0.3
1.6
0.596954
1.5941
0.705
-1.11
1.20496
-1.10383
-0.5
0.2
-0.7
0
-0.7
0.8
-0.5
0.8
-0.4
0.8
-0.2
0.8
0.2
0.8
0.4
0.8
0.5
0.8
0.7
0.8
0.7
0
0.925
-1.47
0.378021
2
0.715
-0.91
0.328024
1.5
0.7
-0.3
0.343984
1.2
-0.015
0.39
0.754255
1
-0.475
1.23
0.45793
0.5
0.435
1.24
0.471699
0.5
0
0
-1
0
0.4
-0.696539
-0.359983
-0.6
1.6
-0.299699
1.59369
0.3
1.6
0.596954
1.5941
0.695
-0.75
1.195
-0.75
-0.5
0.2
-0.7
0
-0.7
0.8
-0.5
0.8
-0.4
0.8
-0.2
0.8
0.2
0.8
0.4
0.8
0.5
0.8
0.7
0.8
0.7
0
0.925
-1.47
0.378021
2
0.715
-0.91
0.328024
1.5
0.7
-0.3
0.343984
1.2
-0.015
0.39
0.754255
1
-0.475
1.23
0.45793
0.5
0.435
1.24
0.471699
0.5
0
0
-1
0
0.4
-0.843383
-0.330214
-0.6
1.6
-0.299699
1.59369
0.3
1.6
0.596954
1.5941
0.695
-0.4
1.19496
-0.393507
-0.5
0.2
-0.7
0
-0.7
0.8
-0.5
0.8
-0.4
0.8
-0.2
0.8
0.2
0.8
0.4
0.8
0.5
0.8
0.7
0.8
0.7
0
0.925
-1.47
0.378021
2
0.715
-0.91
0.328024
1.5
0.7
-0.3
0.343984
1.2
-0.015
0.39
0.754255
1
-0.475
1.23
0.45793
0.5
0.435
1.24
0.471699
0.5
0
0
-1
0
0.4
-1.02612
-0.152471
-0.6
1.6
-0.299699
1.59369
0.3
1.6
0.596954
1.5941
0.695
-0.83
1.195
-0.83
-0.5
0.2
-0.7
0
-0.7
0.8
-0.5
0.8
-0.4
0.8
-0.2
0.8
0.2
0.8
0.4
0.8
0.5
0.8
0.7
0.8
0.7
0
0.925
-1.47
0.378021
2
0.715
-0.91
0.328024
1.5
0.7
-0.3
0.343984
1.2
-0.015
0.39
0.754255
1
-0.475
1.23
0.45793
0.5
0.435
1.24
0.471699
0.5
0
0
-1
0
0.4
-1.0599
-0.00827368
-0.6
1.6
-0.299699
1.59369
0.3
1.6
0.596954
1.5941
0.705
-1.26
1.205
-1.26
-0.5
0.2
-0.7
0
-0.7
0.8
-0.5
0.8
-0.4
0.8
-0.2
0.8
0.2
0.8
0.4
0.8
0.5
0.8
0.7
0.8
0.7
0
0.925
-1.47
0.378021
2
0.715
-0.91
0.328024
1.5
0.7
-0.3
0.343984
1.2
-0.015
0.39
0.754255
1
-0.475
1.23
0.45793
0.5
0.435
1.24
0.471699
0.5
0
