18
10
9
11
6
0
-1
0
0.4
-0.948171
-0.26079
-0.6
1.6
-0.3
1.4
0.3
1.6
0.595
1.42
0.695
-1.29
1.195
-1.29
-0.5
0.2
-0.7
0
-0.7
0.8
-0.5
0.8
-0.4
0.8
-0.2
0.8
0.2
0.8
0.4
0.8
0.5
0.8
0.7
0.8
0.7
0
0.925
-1.28
0.378021
2
0.715
-0.77
0.328024
1.5
0.685
-0.16
0.343984
1.2
-0.015
0.39
0.754255
1
-0.475
1.23
0.45793
0.5
0.435
1.24
0.471699
0.5
0
0
-1
0
0.4
-0.948171
-0.26079
-0.6
1.6
-0.3
1.4
0.3
1.6
0.595
1.42
0.695
-1.02
1.19493
-1.01194
-0.5
0.2
-0.7
0
-0.7
0.8
-0.5
0.8
-0.4
0.8
-0.2
0.8
0.2
0.8
0.4
0.8
0.5
0.8
0.7
0.8
0.7
0
0.945
-0.96
0.378021
2
0.685
-0.62
0.328024
1.5
0.675
-0.07
0.343984
1.2
-0.015
0.39
0.754255
1
-0.475
1.23
0.45793
0.5
0.435
1.24
0.471699
0.5
0
0
-1
0
0.4
-0.948171
-0.26079
-0.6
1.6
-0.3
1.4
0.3
1.6
0.595
1.42
0.705
-0.7
1.20495
-0.693244
-0.5
0.2
-0.7
0
-0.7
0.8
-0.5
0.8
-0.4
0.8
-0.2
0.8
0.2
0.8
0.4
0.8
0.5
0.8
0.7
0.8
0.7
0
0.945
-0.64
0.378021
2
0.725
-0.42
0.328024
1.5
0.605
0.02
0.343984
1.2
-0.015
0.39
0.754255
1
-0.475
1.23
0.45793
0.5
0.435
1.24
0.471699
0.5
0
0
-1
0
0.4
-0.948171
-0.26079
-0.6
1.6
-0.3
1.4
0.3
1.6
0.595
1.42
0.995
-0.67
1.495
-0.67
-0.5
0.2
-0.7
0
-0.7
0.8
-0.5
0.8
-0.4
0.8
-0.2
0.8
0.2
0.8
0.4
0.8
0.5
0.8
0.7
0.8
0.7
0
1.255
-0.67
0.378021
2
0.835
-0.29
0.328024
1.5
0.575
0.15
0.343984
1.2
-0.015
0.39
0.754255
1
-0.475
1.23
0.45793
0.5
0.435
1.24
0.471699
0.5
0
0
-1
0
0.4
-0.948171
-0.26079
-0.6
1.6
-0.3
1.4
0.3
1.6
0.595
1.42
1.495
-0.67
1.99494
-0.662188
-0.5
0.2
-0.7
0
-0.7
0.8
-0.5
0.8
-0.4
0.8
-0.2
0.8
0.2
0.8
0.4
0.8
0.5
0.8
0.7
0.8
0.7
0
1.735
-0.67
0.378021
2
1.235
-0.43
0.328024
1.5
0.795
-0.05
0.343984
1.2
-0.015
0.39
0.754255
1
-0.475
1.23
0.45793
0.5
0.435
1.24
0.471699
0.5
1
1.755
-0.67
0.724224
0.948683
-0.316228
0.3
0.3
0.8
0
0
-1
0
0.4
-0.948171
-0.26079
-0.6
1.6
-0.3
1.4
0.3
1.6
0.595
1.42
1.985
-0.66
2.485
-0.66
-0.5
0.2
-0.7
0
-0.7
0.8
-0.5
0.8
-0.4
0.8
-0.2
0.8
0.2
0.8
0.4
0.8
0.5
0.8
0.7
0.8
0.7
0
2.205
-0.71
0.378021
2
1.595
-0.42
0.389487
1.5
0.955
-0.15
0.374433
1.2
-0.015
0.39
0.754255
1
-0.475
1.23
0.45793
0.5
0.435
1.24
0.471699
0.5
1
2.265
-0.64
0.724224
0.948683
-0.316228
0.3
0.3
0.8
0
0
-1
0
0.4
-0.948171
-0.26079
-0.6
1.6
-0.3
1.4
0.3
1.6
0.595
1.42
2.005
-0.48
2.505
-0.48
-0.5
0.2
-0.7
0
-0.7
0.8
-0.5
0.8
-0.4
0.8
-0.2
0.8
0.2
0.8
0.4
0.8
0.5
0.8
0.7
0.8
0.7
0
2.235
-0.49
0.378021
2
1.565
-0.31
0.372021
1.5
0.925
-0.09
0.343984
1.2
-0.015
0.39
0.754255
1
-0.475
1.23
0.45793
0.5
0.435
1.24
0.471699
0.5
0
0
-1
0
0.4
-0.948171
-0.26079
-0.6
1.6
-0.3
1.4
0.3
1.6
0.595
1.42
2.025
-0.27
2.525
-0.27
-0.5
0.2
-0.7
0
-0.7
0.8
-0.5
0.8
-0.4
0.8
-0.2
0.8
0.2
0.8
0.4
0.8
0.5
0.8
0.7
0.8
0.7
0
2.235
-0.29
0.378021
2
1.555
-0.19
0.364006
1.5
0.955
-0.04
0.343984
1.2
-0.015
0.39
0.754255
1
-0.475
1.23
0.45793
0.5
0.435
1.24
0.471699
0.5
0
0
-1
0
0.4
-0.948171
-0.26079
-0.6
1.6
-0.3
1.4
0.3
1.6
0.595
1.42
2.095
0
2.595
0
-0.5
0.2
-0.7
0
-0.7
0.8
-0.5
0.8
-0.4
0.8
-0.2
0.8
0.2
0.8
0.4
0.8
0.5
0.8
0.7
0.8
0.7
0
2.315
-0.01
0.378021
2
1.615
0
0.375366
1.5
0.965
0.01
0.343984
1.2
-0.015
0.39
0.754255
1
-0.475
1.23
0.45793
0.5
0.435
1.24
0.471699
0.5
0
0
-1
0
0.4
-0.948171
-0.26079
-0.6
1.6
-0.3
1.4
0.3
1.6
0.595
1.42
1.965
0
2.465
0
-0.5
0.2
-0.7
0
-0.7
0.8
-0.5
0.8
-0.4
0.8
-0.2
0.8
0.2
0.8
0.4
0.8
0.5
0.8
0.7
0.8
0.7
0
2.185
-0.01
0.378021
2
1.505
0.01
0.352278
1.5
0.885
-0.02
0.343984
1.2
-0.015
0.39
0.754255
1
-0.475
1.23
0.45793
0.5
0.435
1.24
0.471699
0.5
0
0
-1
0
0.4
-0.948171
-0.26079
-0.6
1.6
-0.3
1.4
0.3
1.6
0.595
1.42
1.775
0
2.275
0
-0.5
0.2
-0.7
0
-0.7
0.8
-0.5
0.8
-0.4
0.8
-0.2
0.8
0.2
0.8
0.4
0.8
0.5
0.8
0.7
0.8
0.7
0
2.015
-0.01
0.378021
2
1.405
0.02
0.328024
1.5
0.855
0.03
0.343984
1.2
-0.015
0.39
0.754255
1
-0.475
1.23
0.45793
0.5
0.435
1.24
0.471699
0.5
0
0
-1
0
0.4
-0.948171
-0.26079
-0.6
1.6
-0.3
1.4
0.3
1.6
0.595
1.42
1.775
0
2.275
0
-0.5
0.2
-0.7
0
-0.7
0.8
-0.5
0.8
-0.4
0.8
-0.2
0.8
0.2
0.8
0.4
0.8
0.5
0.8
0.7
0.8
0.7
0
2.005
0.03
0.378021
2
1.455
0
0.328024
1.5
0.895
0.03
0.343984
1.2
-0.015
0.39
0.754255
1
-0.475
1.23
0.45793
0.5
0.435
1.24
0.471699
0.5
0
0
-1
0
0.4
-0.948171
-0.26079
-0.6
1.6
-0.3
1.4
0.3
1.6
0.595
1.42
1.435
0
1.935
0
-0.5
0.2
-0.7
0
-0.7
0.8
-0.5
0.8
-0.4
0.8
-0.2
0.8
0.2
0.8
0.4
0.8
0.5
0.8
0.7
0.8
0.7
0
1.665
0
0.378021
2
1.195
0.03
0.328024
1.5
0.635
0.05
0.343984
1.2
-0.015
0.39
0.754255
1
-0.475
1.23
0.45793
0.5
0.435
1.24
0.471699
0.5
0
0
-1
0
0.4
-0.948171
-0.26079
-0.6
1.6
-0.3
1.4
0.3
1.6
0.595
1.42
1.145
0
1.645
0
-0.5
0.2
-0.7
0
-0.7
0.8
-0.5
0.8
-0.4
0.8
-0.2
0.8
0.2
0.8
0.4
0.8
0.5
0.8
0.7
0.8
0.7
0
1.355
-0.01
0.378021
2
0.905
0
0.328024
1.5
0.525
0.18
0.343984
1.2
-0.015
0.39
0.754255
1
-0.475
1.23
0.45793
0.5
0.435
1.24
0.471699
0.5
0
0
-1
0
0.4
-0.948171
-0.26079
-0.6
1.6
-0.3
1.4
0.3
1.6
0.595
1.42
0.705
-0.53
1.205
-0.53
-0.5
0.2
-0.7
0
-0.7
0.8
-0.5
0.8
-0.4
0.8
-0.2
0.8
0.2
0.8
0.4
0.8
0.5
0.8
0.7
0.8
0.7
0
0.955
-0.56
0.378021
2
0.675
-0.33
0.328024
1.5
0.585
0.14
0.343984
1.2
-0.015
0.39
0.754255
1
-0.475
1.23
0.45793
0.5
0.435
1.24
0.471699
0.5
0
0
-1
0
0.4
-0.948171
-0.26079
-0.6
1.6
-0.3
1.4
0.3
1.6
0.595
1.42
0.705
-0.74
1.205
-0.74
-0.5
0.2
-0.7
0
-0.7
0.8
-0.5
0.8
-0.4
0.8
-0.2
0.8
0.2
0.8
0.4
0.8
0.5
0.8
0.7
0.8
0.7
0
0.935
-0.75
0.378021
2
0.715
-0.42
0.328024
1.5
0.605
0.18
0.343984
1.2
-0.015
0.39
0.754255
1
-0.475
1.23
0.45793
0.5
0.435
1.24
0.471699
0.5
0
0
-1
0
0.4
-0.948171
-0.26079
-0.6
1.6
-0.3
1.4
0.3
1.6
0.595
1.42
0.695
-1.17
1.195
-1.17
-0.5
0.2
-0.7
0
-0.7
0.8
-0.5
0.8
-0.4
0.8
-0.2
0.8
0.2
0.8
0.4
0.8
0.5
0.8
0.7
0.8
0.7
0
0.885
-1.17
0.378021
2
0.705
-0.66
0.328024
1.5
0.645
-0.13
0.343984
1.2
-0.015
0.39
0.754255
1
-0.475
1.23
0.45793
0.5
0.435
1.24
0.471699
0.5
0
0
-1
0
0.4
-0.948171
-0.26079
-0.6
1.6
-0.3
1.4
0.3
1.6
0.595
1.42
0.69537
-1.49999
1.19537
-1.5
-0.5
0.2
-0.7
0
-0.7
0.8
-0.5
0.8
-0.4
0.8
-0.2
0.8
0.2
0.8
0.4
0.8
0.5
0.8
0.7
0.8
0.7
0
0.925
-1.47
0.378021
2
0.705
-0.83
0.328024
1.5
0.695
-0.24
0.343984
1.2
-0.015
0.39
0.754255
1
-0.475
1.23
0.45793
0.5
0.435
1.24
0.471699
0.5
0
