4
10
9
11
6
-0.005
-0.93
-0.005
0.47
-0.953171
-0.19079
-0.605
1.59
-0.305
1.4
0.295
1.6
0.595
1.41
0.695
-1.21
1.195
-1.21
-0.505
0.27
-0.705
0.07
-0.705
0.87
-0.505
0.87
-0.405
0.87
-0.205
0.87
0.195
0.87
0.395
0.87
0.495
0.87
0.695
0.87
0.695
0.07
0.915
-1.2
0.378021
2
0.675
-0.75
0.328024
1.5
0.695
-0.23
0.343984
1.2
-0.02
0.46
0.754255
1
-0.48
1.3
0.45793
0.5
0.505
1.33
0.471699
0.5
0
0.005
-0.84
0.005
0.56
-0.940311
-0.103482
-0.595
1.6
-0.295
1.4
0.305
1.59
0.605
1.41
0.695
-0.96
1.185
-0.96
-0.495
0.36
-0.695
0.16
-0.695
0.96
-0.495
0.96
-0.395
0.96
-0.195
0.96
0.205
0.96
0.405
0.96
0.505
0.96
0.705
0.96
0.705
0.16
0.915
-0.92
0.378021
2
0.715
-0.5
0.328024
1.5
0.665
0.09
0.343984
1.2
-0.01
0.55
0.754255
1
-0.455
1.27
0.445982
0.5
0.445
1.25
0.452769
0.5
0
0.005
-0.72
0.005
0.68
-0.940311
0.0165181
-0.595
1.59
-0.295
1.38
0.305
1.59
0.605
1.42
0.705
-0.5
1.20494
-0.507462
-0.495
0.48
-0.695
0.28
-0.695
1.08
-0.495
1.08
-0.395
1.08
-0.195
1.08
0.205
1.08
0.405
1.08
0.505
1.08
0.705
1.08
0.705
0.28
0.945
-0.5
0.378021
2
0.705
-0.2
0.328024
1.5
0.695
0.38
0.343984
1.2
-0.01
0.67
0.754255
1
-0.475
1.35
0.347023
0.5
0.445
1.27
0.367967
0.5
0
0.005
-0.53
0.005
0.87
-0.940311
0.206518
-0.595
1.6
-0.295
1.5
0.305
1.58
0.605
1.42
0.705
-0.00999999
1.20493
-0.00166782
-0.495
0.67
-0.695
0.47
-0.695
1.27
-0.495
1.27
-0.395
1.27
-0.195
1.27
0.205
1.27
0.405
1.27
0.505
1.27
0.705
1.27
0.705
0.47
0.975
-0.02
0.378021
2
0.675
0.14
0.328024
1.5
0.605
0.42
0.343984
1.2
-0.01
0.86
0.754255
1
-0.475
1.42
0.336786
0.5
0.415
1.37
0.367696
0.5
0
