4
10
9
11
6
-0.005
-0.84
-0.005
0.56
-0.950508
-0.103298
-0.605
1.6
-0.305
1.59
0.295
1.6
0.595
1.6
0.695
-1.15
1.195
-1.15
-0.505
0.36
-0.705
0.16
-0.705
0.96
-0.505
0.96
-0.405
0.96
-0.205
0.96
0.195
0.96
0.395
0.96
0.495
0.96
0.695
0.96
0.695
0.16
0.925
-1.17
0.378021
2
0.715
-0.67
0.328024
1.5
0.675
-0.09
0.343984
1.2
-0.02
0.55
0.754255
1
-0.475
1.37
0.386167
0.5
0.465
1.31
0.411096
0.5
0
-0.005
-0.66
-0.005
0.74
-0.950508
0.076702
-0.605
1.6
-0.305
1.59
0.295
1.6
0.595
1.61
0.695
-0.75
1.19494
-0.742309
-0.505
0.54
-0.705
0.34
-0.705
1.14
-0.505
1.14
-0.405
1.14
-0.205
1.14
0.195
1.14
0.395
1.14
0.495
1.14
0.695
1.14
0.695
0.34
0.935
-0.76
0.378021
2
0.685
-0.33
0.328024
1.5
0.655
0.18
0.343984
1.2
-0.02
0.73
0.754255
1
-0.465
1.43
0.374733
0.5
0.475
1.33
0.438406
0.5
0
-0.005
-0.5
-0.005
0.9
-0.950508
0.236702
-0.605
1.6
-0.305
1.58
0.295
1.6
0.595
1.61
0.695
-0.31
1.195
-0.31
-0.505
0.7
-0.705
0.5
-0.705
1.3
-0.505
1.3
-0.405
1.3
-0.205
1.3
0.195
1.3
0.395
1.3
0.495
1.3
0.695
1.3
0.695
0.5
0.955
-0.31
0.378021
2
0.715
-0.1
0.328024
1.5
0.645
0.42
0.343984
1.2
-0.02
0.89
0.754255
1
-0.465
1.47
0.33738
0.5
0.455
1.45
0.371383
0.5
0
-0.015
-0.42
-0.015
0.98
-0.960508
0.316702
-0.615
1.6
-0.315
1.58
0.285
1.61
0.585
1.6
0.685
0.03
1.18495
0.0370415
-0.515
0.78
-0.715
0.58
-0.715
1.38
-0.515
1.38
-0.415
1.38
-0.215
1.38
0.185
1.38
0.385
1.38
0.485
1.38
0.685
1.38
0.685
0.58
0.965
0.02
0.378021
2
0.685
0.11
0.328024
1.5
0.615
0.56
0.343984
1.2
-0.025
0.98
0.754255
1
-0.485
1.47
0.303027
0.5
0.475
1.48
0.313209
0.5
0
