44
10
9
11
6
0
-1
0
0.4
-0.945508
-0.263298
-0.6
1.6
-0.299699
1.59369
0.3
1.6
0.596954
1.5941
0.695562
-1.49999
1.19556
-1.5
-0.5
0.2
-0.7
0
-0.7
0.8
-0.5
0.8
-0.4
0.8
-0.2
0.8
0.2
0.8
0.4
0.8
0.5
0.8
0.7
0.8
0.7
0
0.925
-1.47
0.378021
2
0.715
-0.91
0.328024
1.5
0.7
-0.3
0.343984
1.2
-0.015
0.39
0.754255
1
-0.455
1.2
0.45793
0.5
0.435
1.24
0.471699
0.5
0
0
-1
0
0.4
-0.945508
-0.263298
-0.605
1.45
-0.305
1.47
0.295
1.47
0.595
1.47
0.695562
-1.49999
1.16025
-1.68456
-0.5
0.2
-0.7
0
-0.7
0.8
-0.5
0.8
-0.4
0.8
-0.2
0.8
0.2
0.8
0.4
0.8
0.5
0.8
0.7
0.8
0.7
0
0.925
-1.57
0.378021
2
0.705
-0.93
0.328024
1.5
0.7
-0.3
0.343984
1.2
-0.015
0.39
0.754255
1
-0.415
1.07
0.45793
0.5
0.475
1.09
0.471699
0.5
0
0
-1
0
0.4
-0.945508
-0.263298
-0.605
1.34
-0.305
1.36
0.295
1.37
0.595
1.38
0.695562
-1.49999
1.06945
-1.83197
-0.5
0.2
-0.7
0
-0.7
0.8
-0.5
0.8
-0.4
0.8
-0.2
0.8
0.2
0.8
0.4
0.8
0.5
0.8
0.7
0.8
0.7
0
0.875
-1.68
0.378021
2
0.685
-0.99
0.362215
1.5
0.705
-0.31
0.361386
1.2
-0.015
0.39
0.754255
1
-0.395
0.96
0.45793
0.5
0.455
0.97
0.471699
0.5
0
0
-1
0
0.4
-0.945508
-0.263298
-0.605
1.22
-0.305
1.23
0.295
1.24
0.595
1.24
0.695562
-1.49999
0.930531
-1.94134
-0.5
0.2
-0.7
0
-0.7
0.8
-0.5
0.8
-0.4
0.8
-0.2
0.8
0.2
0.8
0.4
0.8
0.5
0.8
0.7
0.8
0.7
0
0.835
-1.71
0.378021
2
0.695
-1.03
0.352278
1.5
0.685
-0.35
0.370135
1.2
-0.015
0.39
0.754255
1
-0.435
0.87
0.45793
0.5
0.415
0.86
0.471699
0.5
0
0
-1
0
0.4
-0.945508
-0.263298
-0.605
1.1
-0.305
1.12
0.295
1.12
0.595
1.12
0.695562
-1.49999
0.802705
-1.98838
-0.5
0.2
-0.7
0
-0.7
0.8
-0.5
0.8
-0.4
0.8
-0.2
0.8
0.2
0.8
0.4
0.8
0.5
0.8
0.7
0.8
0.7
0
0.745
-1.74
0.378021
2
0.715
-1.07
0.351283
1.5
0.705
-0.37
0.380526
1.2
-0.015
0.39
0.754255
1
-0.375
0.76
0.45793
0.5
0.385
0.72
0.471699
0.5
0
0
-1
0
0.4
-0.945508
-0.263298
-0.605
0.98
-0.305
0.99
0.295
1
0.595
1.01
0.695562
-1.49999
0.695116
-1.99999
-0.5
0.2
-0.7
0
-0.7
0.8
-0.5
0.8
-0.4
0.8
-0.2
0.8
0.2
0.8
0.4
0.8
0.5
0.8
0.7
0.8
0.7
0
0.705
-1.74
0.398121
2
0.695
-1.04
0.337343
1.5
0.705
-0.37
0.390128
1.2
-0.015
0.39
0.754255
1
-0.405
0.6
0.45793
0.5
0.325
0.63
0.471699
0.5
0
0
-1
0
0.4
-0.945508
-0.263298
-0.605
0.98
-0.305
0.99
0.295
1
0.595
1.01
0.695562
-1.49999
0.695116
-1.99999
-0.5
0.2
-0.7
0
-0.7
0.8
-0.5
0.8
-0.4
0.8
-0.2
0.8
0.2
0.8
0.4
0.8
0.5
0.8
0.7
0.8
0.7
0
0.715
-1.76
0.378021
2
0.715
-1.05
0.386394
1.5
0.715
-0.33
0.380132
1.2
-0.015
0.39
0.754255
1
-0.375
0.64
0.45793
0.5
0.395
0.63
0.471699
0.5
0
0
-1
0
0.4
-0.945508
-0.263298
-0.605
0.98
-0.305
0.99
0.295
1
0.595
1.01
0.695562
-1.49999
0.695116
-1.99999
-0.5
0.2
-0.7
0
-0.7
0.8
-0.5
0.8
-0.4
0.8
-0.2
0.8
0.2
0.8
0.4
0.8
0.5
0.8
0.7
0.8
0.7
0
0.695
-1.75
0.378021
2
0.715
-1.1
0.347851
1.5
0.715
-0.41
0.391152
1.2
-0.015
0.39
0.754255
1
-0.355
0.65
0.45793
0.5
0.375
0.69
0.471699
0.5
0
0
-1
0
0.4
-0.945508
-0.263298
-0.605
0.98
-0.305
0.99
0.295
1
0.595
1.01
0.695562
-1.49999
0.695116
-1.99999
-0.5
0.2
-0.7
0
-0.7
0.8
-0.5
0.8
-0.4
0.8
-0.2
0.8
0.2
0.8
0.4
0.8
0.5
0.8
0.7
0.8
0.7
0
0.705
-1.74
0.38833
2
0.705
-1.06
0.345253
1.5
0.705
-0.37
0.391152
1.2
-0.015
0.39
0.754255
1
-0.345
0.63
0.45793
0.5
0.365
0.68
0.471699
0.5
0
0
-1
0
0.4
-0.945508
-0.263298
-0.605
0.98
-0.305
0.99
0.295
1
0.595
1.01
0.695562
-1.49999
0.695116
-1.99999
-0.5
0.2
-0.7
0
-0.7
0.8
-0.5
0.8
-0.4
0.8
-0.2
0.8
0.2
0.8
0.4
0.8
0.5
0.8
0.7
0.8
0.7
0
0.695
-1.68
0.378021
2
0.715
-1.03
0.362215
1.5
0.695
-0.35
0.37
1.2
-0.015
0.39
0.754255
1
-0.355
0.67
0.45793
0.5
0.385
0.67
0.471699
0.5
0
0
-1
0
0.4
-0.945508
-0.263298
-0.605
0.98
-0.305
0.99
0.295
1
0.595
1.01
0.695562
-1.49999
0.695116
-1.99999
-0.5
0.2
-0.7
0
-0.7
0.8
-0.5
0.8
-0.4
0.8
-0.2
0.8
0.2
0.8
0.4
0.8
0.5
0.8
0.7
0.8
0.7
0
0.695
-1.71
0.378021
2
0.695
-1.03
0.349285
1.5
0.705
-0.34
0.381182
1.2
-0.015
0.39
0.754255
1
-0.375
0.6
0.45793
0.5
0.385
0.68
0.471699
0.5
0
0
-1
0
0.4
-0.945508
-0.263298
-0.605
0.98
-0.305
0.99
0.295
1
0.595
1.01
0.695562
-1.49999
0.695116
-1.99999
-0.5
0.2
-0.7
0
-0.7
0.8
-0.5
0.8
-0.4
0.8
-0.2
0.8
0.2
0.8
0.4
0.8
0.5
0.8
0.7
0.8
0.7
0
0.685
-1.7
0.378021
2
0.695
-1.03
0.359026
1.5
0.715
-0.35
0.38
1.2
-0.015
0.39
0.754255
1
-0.345
0.66
0.45793
0.5
0.365
0.68
0.471699
0.5
0
0
-1
0
0.4
-0.945508
-0.263298
-0.605
0.98
-0.305
0.99
0.295
1
0.595
1.01
0.695562
-1.49999
0.695116
-1.99999
-0.5
0.2
-0.7
0
-0.7
0.8
-0.5
0.8
-0.4
0.8
-0.2
0.8
0.2
0.8
0.4
0.8
0.5
0.8
0.7
0.8
0.7
0
0.695
-1.7
0.378021
2
0.715
-1.03
0.360555
1.5
0.705
-0.34
0.36
1.2
-0.015
0.39
0.754255
1
-0.345
0.66
0.45793
0.5
0.405
0.66
0.471699
0.5
0
0
-1
0
0.4
-0.945508
-0.263298
-0.605
0.98
-0.305
0.99
0.295
1
0.595
1.01
0.695562
-1.49999
0.695116
-1.99999
-0.5
0.2
-0.7
0
-0.7
0.8
-0.5
0.8
-0.4
0.8
-0.2
0.8
0.2
0.8
0.4
0.8
0.5
0.8
0.7
0.8
0.7
0
0.705
-1.74
0.378021
2
0.695
-1.06
0.340147
1.5
0.695
-0.36
0.393192
1.2
-0.015
0.39
0.754255
1
-0.395
0.64
0.45793
0.5
0.375
0.63
0.471699
0.5
0
0
-1
0
0.4
-0.945508
-0.263298
-0.605
0.98
-0.305
0.99
0.295
1
0.595
1.01
0.705
-1.44
0.714432
-1.93991
-0.5
0.2
-0.7
0
-0.7
0.8
-0.5
0.8
-0.4
0.8
-0.2
0.8
0.2
0.8
0.4
0.8
0.5
0.8
0.7
0.8
0.7
0
0.685
-1.68
0.378021
2
0.705
-1.01
0.328024
1.5
0.715
-0.34
0.343984
1.2
-0.015
0.39
0.754255
1
-0.315
0.7
0.45793
0.5
0.395
0.65
0.471699
0.5
0
0
-1
0
0.4
-0.945508
-0.263298
-0.605
0.98
-0.305
0.99
0.295
1
0.595
1.01
0.695
-1.39
0.695
-1.89
-0.5
0.2
-0.7
0
-0.7
0.8
-0.5
0.8
-0.4
0.8
-0.2
0.8
0.2
0.8
0.4
0.8
0.5
0.8
0.7
0.8
0.7
0
0.675
-1.61
0.378021
2
0.675
-0.97
0.328024
1.5
0.685
-0.34
0.343984
1.2
0.015
0.33
0.754255
1
-0.375
0.63
0.45793
0.5
0.365
0.65
0.471699
0.5
0
0
-1
0
0.4
-0.945508
-0.263298
-0.605
0.98
-0.305
0.99
0.295
1
0.595
1.01
0.695
-1.32
0.695
-1.82
-0.5
0.2
-0.7
0
-0.7
0.8
-0.5
0.8
-0.4
0.8
-0.2
0.8
0.2
0.8
0.4
0.8
0.5
0.8
0.7
0.8
0.7
0
0.695
-1.5
0.378021
2
0.705
-0.84
0.328024
1.5
0.705
-0.22
0.343984
1.2
-0.015
0.39
0.754255
1
-0.355
0.64
0.45793
0.5
0.335
0.7
0.471699
0.5
0
0
-1
0
0.4
-0.945508
-0.263298
-0.605
0.98
-0.305
0.99
0.295
1
0.595
1.01
0.695
-1.22
0.695
-1.72
-0.5
0.2
-0.7
0
-0.7
0.8
-0.5
0.8
-0.4
0.8
-0.2
0.8
0.2
0.8
0.4
0.8
0.5
0.8
0.7
0.8
0.7
0
0.705
-1.45
0.378021
2
0.715
-0.91
0.328024
1.5
0.7
-0.3
0.343984
1.2
-0.015
0.39
0.754255
1
-0.395
0.65
0.45793
0.5
0.365
0.67
0.471699
0.5
0
0
-1
0
0.4
-0.945508
-0.263298
-0.605
0.98
-0.305
0.99
0.295
1
0.595
1.01
0.695
-1.11
0.695
-1.61
-0.5
0.2
-0.7
0
-0.7
0.8
-0.5
0.8
-0.4
0.8
-0.2
0.8
0.2
0.8
0.4
0.8
0.5
0.8
0.7
0.8
0.7
0
0.715
-1.35
0.378021
2
0.675
-0.78
0.328024
1.5
0.655
-0.18
0.343984
1.2
-0.015
0.39
0.754255
1
-0.375
0.66
0.45793
0.5
0.345
0.68
0.471699
0.5
0
0
-1
0
0.4
-0.945508
-0.263298
-0.605
0.98
-0.305
0.99
0.295
1
0.595
1.01
0.705
-0.99
0.705
-1.49
-0.5
0.2
-0.7
0
-0.7
0.8
-0.5
0.8
-0.4
0.8
-0.2
0.8
0.2
0.8
0.4
0.8
0.5
0.8
0.7
0.8
0.7
0
0.715
-1.23
0.378021
2
0.715
-0.72
0.328024
1.5
0.685
-0.21
0.343984
1.2
-0.015
0.39
0.754255
1
-0.355
0.67
0.45793
0.5
0.345
0.69
0.471699
0.5
0
0
-1
0
0.4
-0.945508
-0.263298
-0.605
0.98
-0.305
0.99
0.295
1
0.595
1.01
0.705
-0.88
0.705
-1.38
-0.5
0.2
-0.7
0
-0.7
0.8
-0.5
0.8
-0.4
0.8
-0.2
0.8
0.2
0.8
0.4
0.8
0.5
0.8
0.7
0.8
0.7
0
0.705
-1.14
0.378021
2
0.715
-0.56
0.328024
1.5
0.585
-0.07
0.343984
1.2
0.045
0.36
0.754255
1
-0.395
0.64
0.45793
0.5
0.365
0.68
0.471699
0.5
0
0
-1
0
0.4
-0.945508
-0.263298
-0.605
0.98
-0.305
0.99
0.295
1
0.595
1.01
0.705
-0.76
0.705
-1.26
-0.5
0.2
-0.7
0
-0.7
0.8
-0.5
0.8
-0.4
0.8
-0.2
0.8
0.2
0.8
0.4
0.8
0.5
0.8
0.7
0.8
0.7
0
0.715
-0.97
0.378021
2
0.695
-0.44
0.328024
1.5
0.565
0.1
0.343984
1.2
-0.015
0.39
0.754255
1
-0.545
0.78
0.283196
0.5
0.535
0.85
0.27074
0.5
0
0
-1
0
0.4
-0.945508
-0.263298
-0.605
0.98
-0.305
0.99
0.295
1
0.595
1.01
0.705
-0.62
0.705
-1.12
-0.5
0.2
-0.7
0
-0.7
0.8
-0.5
0.8
-0.4
0.8
-0.2
0.8
0.2
0.8
0.4
0.8
0.5
0.8
0.7
0.8
0.7
0
0.725
-0.83
0.378021
2
0.715
-0.35
0.328024
1.5
0.625
0.13
0.343984
1.2
-0.015
0.39
0.754255
1
-0.475
0.8
0.313209
0.5
0.495
0.83
0.291204
0.5
0
0
-1
0
0.4
-0.945508
-0.263298
-0.605
0.98
-0.305
0.99
0.295
1
0.595
1.01
0.705
-0.55
0.705
-1.05
-0.5
0.2
-0.7
0
-0.7
0.8
-0.5
0.8
-0.4
0.8
-0.2
0.8
0.2
0.8
0.4
0.8
0.5
0.8
0.7
0.8
0.7
0
0.705
-0.74
0.378021
2
0.735
-0.33
0.328024
1.5
0.575
0.08
0.343984
1.2
-0.015
0.39
0.754255
1
-0.435
0.78
0.310161
0.5
0.455
0.86
0.347851
0.5
0
0
-1
0
0.4
-0.945508
-0.263298
-0.605
0.98
-0.305
0.99
0.295
1
0.595
1.01
0.705
-0.46
0.705
-0.96
-0.5
0.2
-0.7
0
-0.7
0.8
-0.5
0.8
-0.4
0.8
-0.2
0.8
0.2
0.8
0.4
0.8
0.5
0.8
0.7
0.8
0.7
0
0.705
-0.65
0.378021
2
0.705
-0.22
0.328024
1.5
0.595
0.06
0.343984
1.2
-0.015
0.39
0.754255
1
-0.515
0.81
0.259422
0.5
0.485
0.79
0.300167
0.5
0
0
-1
0
0.4
-0.945508
-0.263298
-0.605
0.98
-0.305
0.99
0.295
1
0.595
1.01
0.695
-0.35
0.695
-0.85
-0.5
0.2
-0.7
0
-0.7
0.8
-0.5
0.8
-0.4
0.8
-0.2
0.8
0.2
0.8
0.4
0.8
0.5
0.8
0.7
0.8
0.7
0
0.695
-0.53
0.378021
2
0.675
-0.16
0.328024
1.5
0.605
0.15
0.343984
1.2
-0.015
0.39
0.754255
1
-0.495
0.81
0.303645
0.5
0.455
0.81
0.334216
0.5
0
0
-1
0
0.4
-0.945508
-0.263298
-0.605
0.98
-0.305
0.99
0.295
1
0.595
1.01
0.695
-0.24
0.695
-0.74
-0.5
0.2
-0.7
0
-0.7
0.8
-0.5
0.8
-0.4
0.8
-0.2
0.8
0.2
0.8
0.4
0.8
0.5
0.8
0.7
0.8
0.7
0
0.665
-0.4
0.378021
2
0.645
-0.03
0.328024
1.5
0.565
0.12
0.343984
1.2
-0.015
0.39
0.754255
1
-0.535
0.82
0.278029
0.5
0.475
0.86
0.300832
0.5
0
0
-1
0
0.4
-0.945508
-0.263298
-0.605
1.08
-0.305
1.07
0.295
1
0.595
1.01
0.695
-0.24
0.695
-0.74
-0.5
0.2
-0.7
0
-0.7
0.8
-0.5
0.8
-0.4
0.8
-0.2
0.8
0.2
0.8
0.4
0.8
0.5
0.8
0.7
0.8
0.7
0
0.705
-0.52
0.378021
2
0.715
-0.13
0.328024
1.5
0.585
0.19
0.343984
1.2
-0.015
0.39
0.754255
1
-0.555
0.93
0.264008
0.5
0.535
0.87
0.254951
0.5
0
0
-1
0
0.4
-0.945508
-0.263298
-0.605
1.08
-0.305
1.07
0.295
1.08
0.595
1.08
0.695
-0.24
0.695
-0.74
-0.5
0.2
-0.7
0
-0.7
0.8
-0.5
0.8
-0.4
0.8
-0.2
0.8
0.2
0.8
0.4
0.8
0.5
0.8
0.7
0.8
0.7
0
0.705
-0.45
0.378021
2
0.655
0.01
0.328024
1.5
0.645
0.14
0.343984
1.2
-0.015
0.39
0.754255
1
-0.505
0.94
0.261725
0.5
0.505
0.91
0.310161
0.5
0
0
-1
0
0.4
-0.945508
-0.263298
-0.605
1.23
-0.305
1.21
0.295
1.08
0.595
1.08
0.695
-0.24
0.695
-0.74
-0.5
0.2
-0.7
0
-0.7
0.8
-0.5
0.8
-0.4
0.8
-0.2
0.8
0.2
0.8
0.4
0.8
0.5
0.8
0.7
0.8
0.7
0
0.715
-0.46
0.378021
2
0.705
-0.09
0.328024
1.5
0.605
0.03
0.343984
1.2
-0.015
0.39
0.754255
1
-0.475
1.03
0.294109
0.5
0.475
0.92
0.332415
0.5
0
0
-1
0
0.4
-0.945508
-0.263298
-0.605
1.23
-0.305
1.21
0.295
1.23
0.595
1.21
0.695
-0.24
0.695
-0.74
-0.5
0.2
-0.7
0
-0.7
0.8
-0.5
0.8
-0.4
0.8
-0.2
0.8
0.2
0.8
0.4
0.8
0.5
0.8
0.7
0.8
0.7
0
0.685
-0.42
0.378021
2
0.625
-0.06
0.328024
1.5
0.615
0.26
0.343984
1.2
-0.015
0.39
0.754255
1
-0.385
0.88
0.45793
0.5
0.375
0.88
0.471699
0.5
0
0
-1
0
0.4
-0.945508
-0.263298
-0.605
1.39
-0.305
1.37
0.295
1.23
0.595
1.21
0.695
-0.24
0.695
-0.74
-0.5
0.2
-0.7
0
-0.7
0.8
-0.5
0.8
-0.4
0.8
-0.2
0.8
0.2
0.8
0.4
0.8
0.5
0.8
0.7
0.8
0.7
0
0.685
-0.44
0.378021
2
0.655
0.04
0.328024
1.5
0.605
0.1
0.343984
1.2
-0.015
0.39
0.754255
1
-0.395
1.03
0.45793
0.5
0.415
0.99
0.471699
0.5
0
0
-1
0
0.4
-0.945508
-0.263298
-0.605
1.39
-0.305
1.37
0.295
1.38
0.595
1.38
0.695
-0.24
0.695
-0.74
-0.5
0.2
-0.7
0
-0.7
0.8
-0.5
0.8
-0.4
0.8
-0.2
0.8
0.2
0.8
0.4
0.8
0.5
0.8
0.7
0.8
0.7
0
0.715
-0.43
0.378021
2
0.675
-0.07
0.328024
1.5
0.525
0.2
0.343984
1.2
-0.015
0.39
0.754255
1
-0.365
1.06
0.45793
0.5
0.425
1.01
0.471699
0.5
0
0
-1
0
0.4
-0.945508
-0.263298
-0.605
1.57
-0.305
1.56
0.295
1.38
0.595
1.38
0.695
-0.24
0.695
-0.74
-0.5
0.2
-0.7
0
-0.7
0.8
-0.5
0.8
-0.4
0.8
-0.2
0.8
0.2
0.8
0.4
0.8
0.5
0.8
0.7
0.8
0.7
0
0.655
-0.41
0.378021
2
0.665
-0.15
0.328024
1.5
0.615
0.12
0.343984
1.2
-0.015
0.39
0.754255
1
-0.375
1.2
0.45793
0.5
0.445
1.05
0.471699
0.5
0
0
-1
0
0.4
-0.945508
-0.263298
-0.605
1.57
-0.305
1.56
0.298078
1.59397
0.595
1.58
0.695
-0.24
0.695
-0.74
-0.5
0.2
-0.7
0
-0.7
0.8
-0.5
0.8
-0.4
0.8
-0.2
0.8
0.2
0.8
0.4
0.8
0.5
0.8
0.7
0.8
0.7
0
0.695
-0.41
0.378021
2
0.675
-0.01
0.328024
1.5
0.595
0.33
0.343984
1.2
-0.015
0.39
0.754255
1
-0.385
1.24
0.45793
0.5
0.475
1.22
0.471699
0.5
0
0
-1
0
0.4
-0.945508
-0.263298
-0.60174
1.59394
-0.298779
1.59357
0.30455
1.59314
0.599228
1.59382
0.695
-0.29
0.703332
-0.789931
-0.5
0.2
-0.7
0
-0.7
0.8
-0.5
0.8
-0.4
0.8
-0.2
0.8
0.2
0.8
0.4
0.8
0.5
0.8
0.7
0.8
0.7
0
0.705
-0.55
0.378021
2
0.685
-0.06
0.328024
1.5
0.525
0.33
0.343984
1.2
-0.015
0.39
0.754255
1
-0.475
1.23
0.45793
0.5
0.445
1.19
0.471699
0.5
0
0
-1
0
0.4
-0.945508
-0.263298
-0.60174
1.59394
-0.298779
1.59357
0.30455
1.59314
0.599228
1.59382
0.695
-0.48
0.695
-0.98
-0.5
0.2
-0.7
0
-0.7
0.8
-0.5
0.8
-0.4
0.8
-0.2
0.8
0.2
0.8
0.4
0.8
0.5
0.8
0.7
0.8
0.7
0
0.725
-0.77
0.378021
2
0.695
-0.28
0.328024
1.5
0.635
0.08
0.343984
1.2
-0.015
0.39
0.754255
1
-0.475
1.23
0.45793
0.5
0.435
1.24
0.471699
0.5
0
0
-1
0
0.4
-0.945508
-0.263298
-0.60174
1.59394
-0.298779
1.59357
0.30455
1.59314
0.599228
1.59382
0.705
-0.74
0.710952
-1.23996
-0.5
0.2
-0.7
0
-0.7
0.8
-0.5
0.8
-0.4
0.8
-0.2
0.8
0.2
0.8
0.4
0.8
0.5
0.8
0.7
0.8
0.7
0
0.745
-0.99
0.378021
2
0.785
-0.48
0.328024
1.5
0.625
-0.03
0.343984
1.2
-0.015
0.39
0.754255
1
-0.475
1.23
0.45793
0.5
0.435
1.24
0.471699
0.5
0
0
-1
0
0.4
-0.945508
-0.263298
-0.60174
1.59394
-0.298779
1.59357
0.30455
1.59314
0.599228
1.59382
0.705
-1
0.705
-1.5
-0.5
0.2
-0.7
0
-0.7
0.8
-0.5
0.8
-0.4
0.8
-0.2
0.8
0.2
0.8
0.4
0.8
0.5
0.8
0.7
0.8
0.7
0
0.715
-1.17
0.378021
2
0.695
-0.58
0.328024
1.5
0.665
0
0.343984
1.2
-0.015
0.39
0.754255
1
-0.475
1.23
0.45793
0.5
0.435
1.24
0.471699
0.5
0
0
-1
0
0.4
-0.945508
-0.263298
-0.60174
1.59394
-0.298779
1.59357
0.30455
1.59314
0.599228
1.59382
0.685
-1.29
0.679048
-1.78996
-0.5
0.2
-0.7
0
-0.7
0.8
-0.5
0.8
-0.4
0.8
-0.2
0.8
0.2
0.8
0.4
0.8
0.5
0.8
0.7
0.8
0.7
0
0.695
-1.51
0.378021
2
0.695
-0.88
0.328024
1.5
0.7
-0.3
0.343984
1.2
-0.015
0.39
0.754255
1
-0.475
1.23
0.45793
0.5
0.435
1.24
0.471699
0.5
0
0
-1
0
0.4
-0.945508
-0.263298
-0.60174
1.59394
-0.298779
1.59357
0.30455
1.59314
0.599228
1.59382
0.695427
-1.49999
0.695113
-1.99999
-0.5
0.2
-0.7
0
-0.7
0.8
-0.5
0.8
-0.4
0.8
-0.2
0.8
0.2
0.8
0.4
0.8
0.5
0.8
0.7
0.8
0.7
0
0.725
-1.77
0.378021
2
0.685
-1.05
0.362215
1.5
0.695
-0.34
0.370135
1.2
-0.015
0.39
0.754255
1
-0.475
1.23
0.45793
0.5
0.435
1.24
0.471699
0.5
0
0
-1
0
0.4
-0.945508
-0.263298
-0.60174
1.59394
-0.298779
1.59357
0.30455
1.59314
0.599228
1.59382
0.695427
-1.49999
0.895968
-1.95801
-0.5
0.2
-0.7
0
-0.7
0.8
-0.5
0.8
-0.4
0.8
-0.2
0.8
0.2
0.8
0.4
0.8
0.5
0.8
0.7
0.8
0.7
0
0.845
-1.71
0.378021
2
0.705
-1.07
0.371214
1.5
0.705
-0.37
0.372156
1.2
-0.015
0.39
0.754255
1
-0.475
1.23
0.45793
0.5
0.435
1.24
0.471699
0.5
0
0
-1
0
0.4
-0.945508
-0.263298
-0.60174
1.59394
-0.298779
1.59357
0.30455
1.59314
0.599228
1.59382
0.695427
-1.49999
1.05294
-1.84954
-0.5
0.2
-0.7
0
-0.7
0.8
-0.5
0.8
-0.4
0.8
-0.2
0.8
0.2
0.8
0.4
0.8
0.5
0.8
0.7
0.8
0.7
0
0.885
-1.65
0.378021
2
0.675
-1.03
0.349285
1.5
0.705
-0.37
0.380132
1.2
-0.015
0.39
0.754255
1
-0.475
1.23
0.45793
0.5
0.435
1.24
0.471699
0.5
0
0
-1
0
0.4
-0.945508
-0.263298
-0.60174
1.59394
-0.298779
1.59357
0.30455
1.59314
0.599228
1.59382
0.695427
-1.49999
1.16866
-1.6614
-0.5
0.2
-0.7
0
-0.7
0.8
-0.5
0.8
-0.4
0.8
-0.2
0.8
0.2
0.8
0.4
0.8
0.5
0.8
0.7
0.8
0.7
0
0.955
-1.63
0.378021
2
0.685
-1.1
0.4005
1.5
0.705
-0.36
0.390128
1.2
-0.015
0.39
0.754255
1
-0.475
1.23
0.45793
0.5
0.435
1.24
0.471699
0.5
0
