21
10
9
11
6
0
-1
0
0.4
-0.945508
-0.263298
-0.6
1.6
-0.299699
1.59369
0.3
1.6
0.596954
1.5941
0.695562
-1.49999
1.19556
-1.5
-0.5
0.2
-0.7
0
-0.7
0.8
-0.5
0.8
-0.4
0.8
-0.2
0.8
0.2
0.8
0.4
0.8
0.5
0.8
0.7
0.8
0.7
0
0.925
-1.49
0.378021
2
0.715
-0.91
0.328024
1.5
0.7
-0.3
0.343984
1.2
-0.015
0.39
0.754255
1
-0.475
1.23
0.45793
0.5
0.435
1.24
0.471699
0.5
0
0
-1
0
0.4
-0.945508
-0.263298
-0.6
1.6
-0.299699
1.59369
0.3
1.6
0.596954
1.5941
0.695
-1.29
1.195
-1.29
-0.5
0.2
-0.7
0
-0.7
0.8
-0.5
0.8
-0.4
0.8
-0.2
0.8
0.2
0.8
0.4
0.8
0.5
0.8
0.7
0.8
0.7
0
0.905
-1.3
0.378021
2
0.715
-0.91
0.328024
1.5
0.7
-0.3
0.343984
1.2
-0.015
0.39
0.754255
1
-0.475
1.23
0.45793
0.5
0.435
1.24
0.471699
0.5
0
0
-1
0
0.4
-0.945508
-0.263298
-0.6
1.6
-0.299699
1.59369
0.3
1.6
0.596954
1.5941
0.705
-1.03
1.205
-1.03
-0.5
0.2
-0.7
0
-0.7
0.8
-0.5
0.8
-0.4
0.8
-0.2
0.8
0.2
0.8
0.4
0.8
0.5
0.8
0.7
0.8
0.7
0
0.915
-1.04
0.378021
2
0.725
-0.56
0.328024
1.5
0.655
-0.05
0.343984
1.2
-0.015
0.39
0.754255
1
-0.475
1.23
0.45793
0.5
0.435
1.24
0.471699
0.5
0
0
-1
0
0.4
-0.945508
-0.263298
-0.6
1.6
-0.299699
1.59369
0.3
1.6
0.596954
1.5941
0.705
-0.78
1.205
-0.78
-0.5
0.2
-0.7
0
-0.7
0.8
-0.5
0.8
-0.4
0.8
-0.2
0.8
0.2
0.8
0.4
0.8
0.5
0.8
0.7
0.8
0.7
0
0.945
-0.77
0.378021
2
0.715
-0.38
0.328024
1.5
0.565
0.09
0.343984
1.2
-0.015
0.39
0.754255
1
-0.475
1.23
0.45793
0.5
0.435
1.24
0.471699
0.5
0
0
-1
0
0.4
-0.945508
-0.263298
-0.6
1.6
-0.299699
1.59369
0.3
1.6
0.596954
1.5941
0.695
-0.36
1.195
-0.36
-0.5
0.2
-0.7
0
-0.7
0.8
-0.5
0.8
-0.4
0.8
-0.2
0.8
0.2
0.8
0.4
0.8
0.5
0.8
0.7
0.8
0.7
0
0.945
-0.36
0.378021
2
0.665
-0.15
0.328024
1.5
0.505
0.16
0.343984
1.2
-0.015
0.39
0.754255
1
-0.475
1.23
0.45793
0.5
0.435
1.24
0.471699
0.5
0
0
-1
0
0.4
-0.945508
-0.263298
-0.6
1.6
-0.299699
1.59369
0.3
1.6
0.596954
1.5941
0.965
-0.34
1.46497
-0.335
-0.5
0.2
-0.7
0
-0.7
0.8
-0.5
0.8
-0.4
0.8
-0.2
0.8
0.2
0.8
0.4
0.8
0.5
0.8
0.7
0.8
0.7
0
1.205
-0.35
0.378021
2
0.755
-0.19
0.328024
1.5
0.495
0.18
0.343984
1.2
-0.015
0.39
0.754255
1
-0.475
1.23
0.45793
0.5
0.435
1.24
0.471699
0.5
0
0
-1
0
0.4
-0.945508
-0.263298
-0.6
1.6
-0.299699
1.59369
0.3
1.6
0.596954
1.5941
1.285
-0.34
1.785
-0.34
-0.5
0.2
-0.7
0
-0.7
0.8
-0.5
0.8
-0.4
0.8
-0.2
0.8
0.2
0.8
0.4
0.8
0.5
0.8
0.7
0.8
0.7
0
1.535
-0.34
0.378021
2
1.055
-0.18
0.328024
1.5
0.695
0.06
0.343984
1.2
-0.015
0.39
0.754255
1
-0.475
1.23
0.45793
0.5
0.435
1.24
0.471699
0.5
0
0
-1
0
0.4
-0.945508
-0.263298
-0.6
1.6
-0.299699
1.59369
0.3
1.6
0.596954
1.5941
1.265
-0.41
1.73014
-0.593434
-0.5
0.2
-0.7
0
-0.7
0.8
-0.5
0.8
-0.4
0.8
-0.2
0.8
0.2
0.8
0.4
0.8
0.5
0.8
0.7
0.8
0.7
0
1.495
-0.48
0.378021
2
1.045
-0.26
0.328024
1.5
0.715
0
0.343984
1.2
-0.015
0.39
0.754255
1
-0.475
1.23
0.45793
0.5
0.435
1.24
0.471699
0.5
0
0
-1
0
0.4
-0.945508
-0.263298
-0.6
1.6
-0.299699
1.59369
0.3
1.6
0.596954
1.5941
1.195
-0.56
1.51391
-0.945095
-0.5
0.2
-0.7
0
-0.7
0.8
-0.5
0.8
-0.4
0.8
-0.2
0.8
0.2
0.8
0.4
0.8
0.5
0.8
0.7
0.8
0.7
0
1.365
-0.79
0.378021
2
1.025
-0.38
0.328024
1.5
0.685
0.01
0.343984
1.2
-0.015
0.39
0.754255
1
-0.475
1.23
0.45793
0.5
0.435
1.24
0.471699
0.5
0
0
-1
0
0.4
-0.945508
-0.263298
-0.6
1.6
-0.299699
1.59369
0.3
1.6
0.596954
1.5941
1.265
-0.68
1.56235
-1.08197
-0.5
0.2
-0.7
0
-0.7
0.8
-0.5
0.8
-0.4
0.8
-0.2
0.8
0.2
0.8
0.4
0.8
0.5
0.8
0.7
0.8
0.7
0
1.395
-0.9
0.378021
2
1.065
-0.43
0.328024
1.5
0.745
0.06
0.343984
1.2
-0.015
0.39
0.754255
1
-0.475
1.23
0.45793
0.5
0.435
1.24
0.471699
0.5
0
0
-1
0
0.4
-0.945508
-0.263298
-0.6
1.6
-0.299699
1.59369
0.3
1.6
0.596954
1.5941
1.355
-0.8
1.65958
-1.19653
-0.5
0.2
-0.7
0
-0.7
0.8
-0.5
0.8
-0.4
0.8
-0.2
0.8
0.2
0.8
0.4
0.8
0.5
0.8
0.7
0.8
0.7
0
1.525
-0.97
0.378021
2
1.155
-0.56
0.328024
1.5
0.745
-0.13
0.343984
1.2
-0.015
0.39
0.754255
1
-0.475
1.23
0.45793
0.5
0.435
1.24
0.471699
0.5
0
0
-1
0
0.4
-0.945508
-0.263298
-0.6
1.6
-0.299699
1.59369
0.3
1.6
0.596954
1.5941
1.455
-0.92
1.76813
-1.30981
-0.5
0.2
-0.7
0
-0.7
0.8
-0.5
0.8
-0.4
0.8
-0.2
0.8
0.2
0.8
0.4
0.8
0.5
0.8
0.7
0.8
0.7
0
1.565
-1.09
0.410487
2
1.115
-0.56
0.328024
1.5
0.765
-0.08
0.343984
1.2
-0.015
0.39
0.754255
1
-0.475
1.23
0.45793
0.5
0.435
1.24
0.471699
0.5
0
0
-1
0
0.4
-0.945508
-0.263298
-0.6
1.6
-0.299699
1.59369
0.3
1.6
0.596954
1.5941
1.545
-1.01
1.85858
-1.39945
-0.5
0.2
-0.7
0
-0.7
0.8
-0.5
0.8
-0.4
0.8
-0.2
0.8
0.2
0.8
0.4
0.8
0.5
0.8
0.7
0.8
0.7
0
1.675
-1.22
0.378021
2
1.285
-0.7
0.328024
1.5
0.885
-0.23
0.343984
1.2
-0.015
0.39
0.754255
1
-0.475
1.23
0.45793
0.5
0.435
1.24
0.471699
0.5
0
0
-1
0
0.4
-0.945508
-0.263298
-0.6
1.6
-0.299699
1.59369
0.3
1.6
0.596954
1.5941
1.615
-1.11
1.9267
-1.50095
-0.5
0.2
-0.7
0
-0.7
0.8
-0.5
0.8
-0.4
0.8
-0.2
0.8
0.2
0.8
0.4
0.8
0.5
0.8
0.7
0.8
0.7
0
1.775
-1.3
0.378021
2
1.305
-0.75
0.366742
1.5
0.885
-0.21
0.39
1.2
-0.015
0.39
0.754255
1
-0.475
1.23
0.45793
0.5
0.435
1.24
0.471699
0.5
0
0
-1
0
0.4
-0.945508
-0.263298
-0.6
1.6
-0.299699
1.59369
0.3
1.6
0.596954
1.5941
1.6649
-1.14846
1.97449
-1.54109
-0.5
0.2
-0.7
0
-0.7
0.8
-0.5
0.8
-0.4
0.8
-0.2
0.8
0.2
0.8
0.4
0.8
0.5
0.8
0.7
0.8
0.7
0
1.795
-1.36
0.378021
2
1.345
-0.81
0.386394
1.5
0.895
-0.23
0.410487
1.2
-0.015
0.39
0.754255
1
-0.475
1.23
0.45793
0.5
0.435
1.24
0.471699
0.5
0
0
-1
0
0.4
-0.945508
-0.263298
-0.6
1.6
-0.299699
1.59369
0.3
1.6
0.596954
1.5941
1.45946
-1.29353
1.70609
-1.72847
-0.5
0.2
-0.7
0
-0.7
0.8
-0.5
0.8
-0.4
0.8
-0.2
0.8
0.2
0.8
0.4
0.8
0.5
0.8
0.7
0.8
0.7
0
1.595
-1.53
0.378021
2
1.255
-0.93
0.376563
1.5
0.865
-0.32
0.395601
1.2
-0.015
0.39
0.754255
1
-0.475
1.23
0.45793
0.5
0.435
1.24
0.471699
0.5
0
0
-1
0
0.4
-0.945508
-0.263298
-0.6
1.6
-0.299699
1.59369
0.3
1.6
0.596954
1.5941
1.19001
-1.41771
1.35898
-1.88829
-0.5
0.2
-0.7
0
-0.7
0.8
-0.5
0.8
-0.4
0.8
-0.2
0.8
0.2
0.8
0.4
0.8
0.5
0.8
0.7
0.8
0.7
0
1.255
-1.65
0.378021
2
1.055
-0.97
0.366879
1.5
0.815
-0.31
0.386264
1.2
-0.015
0.39
0.754255
1
-0.475
1.23
0.45793
0.5
0.435
1.24
0.471699
0.5
0
0
-1
0
0.4
-0.945508
-0.263298
-0.6
1.6
-0.299699
1.59369
0.3
1.6
0.596954
1.5941
0.932724
-1.48184
1.02563
-1.97313
-0.5
0.2
-0.7
0
-0.7
0.8
-0.5
0.8
-0.4
0.8
-0.2
0.8
0.2
0.8
0.4
0.8
0.5
0.8
0.7
0.8
0.7
0
0.975
-1.74
0.378021
2
0.875
-1.08
0.366879
1.5
0.775
-0.37
0.401123
1.2
-0.015
0.39
0.754255
1
-0.475
1.23
0.45793
0.5
0.435
1.24
0.471699
0.5
0
0
-1
0
0.4
-0.945508
-0.263298
-0.6
1.6
-0.299699
1.59369
0.3
1.6
0.596954
1.5941
0.704545
-1.49999
0.704837
-1.99999
-0.5
0.2
-0.7
0
-0.7
0.8
-0.5
0.8
-0.4
0.8
-0.2
0.8
0.2
0.8
0.4
0.8
0.5
0.8
0.7
0.8
0.7
0
0.715
-1.74
0.427551
2
0.695
-1.02
0.361386
1.5
0.695
-0.35
0.372156
1.2
-0.015
0.39
0.754255
1
-0.475
1.23
0.45793
0.5
0.435
1.24
0.471699
0.5
0
0
-1
0
0.4
-0.945508
-0.263298
-0.6
1.6
-0.299699
1.59369
0.3
1.6
0.596954
1.5941
0.704545
-1.49999
0.991483
-1.90946
-0.5
0.2
-0.7
0
-0.7
0.8
-0.5
0.8
-0.4
0.8
-0.2
0.8
0.2
0.8
0.4
0.8
0.5
0.8
0.7
0.8
0.7
0
0.795
-1.73
0.41231
2
0.705
-1.02
0.372156
1.5
0.685
-0.35
0.384708
1.2
-0.015
0.39
0.754255
1
-0.475
1.23
0.45793
0.5
0.435
1.24
0.471699
0.5
0
0
-1
0
0.4
-0.945508
-0.263298
-0.6
1.6
-0.299699
1.59369
0.3
1.6
0.596954
1.5941
0.704545
-1.49999
1.17314
-1.67442
-0.5
0.2
-0.7
0
-0.7
0.8
-0.5
0.8
-0.4
0.8
-0.2
0.8
0.2
0.8
0.4
0.8
0.5
0.8
0.7
0.8
0.7
0
0.915
-1.6
0.378021
2
0.695
-1.01
0.356931
1.5
0.715
-0.35
0.368782
1.2
-0.015
0.39
0.754255
1
-0.475
1.23
0.45793
0.5
0.435
1.24
0.471699
0.5
0
