48
10
9
11
6
0
-1
0
0.4
-0.945508
-0.263298
-0.6
1.6
-0.299699
1.59369
0.3
1.6
0.596954
1.5941
0.695562
-1.49999
0.695294
-1.99999
-0.5
0.2
-0.7
0
-0.7
0.8
-0.5
0.8
-0.4
0.8
-0.2
0.8
0.2
0.8
0.4
0.8
0.5
0.8
0.7
0.8
0.7
0
0.735
-1.78
0.378021
2
0.715
-1.06
0.364966
1.5
0.695
-0.37
0.400125
1.2
-0.015
0.39
0.754255
1
-0.475
1.23
0.45793
0.5
0.435
1.24
0.471699
0.5
0
0
-1
0
0.4
-0.945508
-0.263298
-0.6
1.6
-0.299699
1.59369
0.3
1.6
0.596954
1.5941
0.695562
-1.49999
0.695294
-1.99999
-0.5
0.2
-0.7
0
-0.7
0.8
-0.5
0.8
-0.4
0.8
-0.2
0.8
0.2
0.8
0.4
0.8
0.5
0.8
0.7
0.8
0.7
0
0.715
-1.76
0.378021
2
0.715
-1.04
0.386394
1.5
0.685
-0.34
0.401123
1.2
-0.015
0.39
0.754255
1
-0.475
1.23
0.45793
0.5
0.435
1.24
0.471699
0.5
0
0
-1
0
0.4
-0.945508
-0.263298
-0.6
1.6
-0.299699
1.59369
0.3
1.6
0.596954
1.5941
0.695562
-1.49999
0.695294
-1.99999
-0.5
0.2
-0.7
0
-0.7
0.8
-0.5
0.8
-0.4
0.8
-0.2
0.8
0.2
0.8
0.4
0.8
0.5
0.8
0.7
0.8
0.7
0
0.715
-1.73
0.378021
2
0.695
-1.03
0.362215
1.5
0.695
-0.33
0.390128
1.2
-0.015
0.39
0.754255
1
-0.475
1.23
0.45793
0.5
0.435
1.24
0.471699
0.5
0
0
-1
0
0.4
-0.945508
-0.263298
-0.6
1.6
-0.299699
1.59369
0.3
1.6
0.596954
1.5941
0.695562
-1.49999
0.695294
-1.99999
-0.5
0.2
-0.7
0
-0.7
0.8
-0.5
0.8
-0.4
0.8
-0.2
0.8
0.2
0.8
0.4
0.8
0.5
0.8
0.7
0.8
0.7
0
0.715
-1.74
0.378021
2
0.705
-1.04
0.342345
1.5
0.695
-0.36
0.350143
1.2
-0.015
0.39
0.754255
1
-0.475
1.23
0.45793
0.5
0.435
1.24
0.471699
0.5
0
0
-1
0
0.4
-0.945508
-0.263298
-0.6
1.6
-0.299699
1.59369
0.3
1.6
0.596954
1.5941
0.695562
-1.49999
0.695294
-1.99999
-0.5
0.2
-0.7
0
-0.7
0.8
-0.5
0.8
-0.4
0.8
-0.2
0.8
0.2
0.8
0.4
0.8
0.5
0.8
0.7
0.8
0.7
0
0.705
-1.73
0.378021
2
0.695
-1.01
0.371214
1.5
0.705
-0.34
0.343984
1.2
-0.015
0.39
0.754255
1
-0.475
1.23
0.45793
0.5
0.435
1.24
0.471699
0.5
0
0
-1
0
0.4
-0.945508
-0.263298
-0.6
1.6
-0.299699
1.59369
0.3
1.6
0.596954
1.5941
0.955992
-1.47799
1.04367
-1.97025
-0.5
0.2
-0.7
0
-0.7
0.8
-0.5
0.8
-0.4
0.8
-0.2
0.8
0.2
0.8
0.4
0.8
0.5
0.8
0.7
0.8
0.7
0
1.025
-1.7
0.378021
2
0.855
-0.99
0.382099
1.5
0.7
-0.3
0.343984
1.2
-0.015
0.39
0.754255
1
-0.475
1.23
0.45793
0.5
0.435
1.24
0.471699
0.5
0
0
-1
0
0.4
-0.945508
-0.263298
-0.6
1.6
-0.299699
1.59369
0.3
1.6
0.596954
1.5941
1.16385
-1.42648
1.30683
-1.9056
-0.5
0.2
-0.7
0
-0.7
0.8
-0.5
0.8
-0.4
0.8
-0.2
0.8
0.2
0.8
0.4
0.8
0.5
0.8
0.7
0.8
0.7
0
1.235
-1.65
0.378021
2
1.005
-0.96
0.374833
1.5
0.785
-0.3
0.384708
1.2
-0.015
0.39
0.754255
1
-0.475
1.23
0.45793
0.5
0.435
1.24
0.471699
0.5
0
0
-1
0
0.4
-0.945508
-0.263298
-0.6
1.6
-0.299699
1.59369
0.3
1.6
0.596954
1.5941
1.345
-1.32
1.55506
-1.77373
-0.5
0.2
-0.7
0
-0.7
0.8
-0.5
0.8
-0.4
0.8
-0.2
0.8
0.2
0.8
0.4
0.8
0.5
0.8
0.7
0.8
0.7
0
1.445
-1.53
0.378021
2
1.125
-0.9
0.361386
1.5
0.825
-0.28
0.404475
1.2
-0.015
0.39
0.754255
1
-0.475
1.23
0.45793
0.5
0.435
1.24
0.471699
0.5
0
0
-1
0
0.4
-0.945508
-0.263298
-0.6
1.6
-0.299699
1.59369
0.3
1.6
0.596954
1.5941
1.505
-1.26
1.79004
-1.67079
-0.5
0.2
-0.7
0
-0.7
0.8
-0.5
0.8
-0.4
0.8
-0.2
0.8
0.2
0.8
0.4
0.8
0.5
0.8
0.7
0.8
0.7
0
1.605
-1.45
0.378021
2
1.235
-0.84
0.361386
1.5
0.845
-0.27
0.371214
1.2
-0.015
0.39
0.754255
1
-0.475
1.23
0.45793
0.5
0.435
1.24
0.471699
0.5
0
0
-1
0
0.4
-0.945508
-0.263298
-0.6
1.6
-0.299699
1.59369
0.3
1.6
0.599228
1.59382
1.85592
-0.955952
2.23032
-1.28735
-0.5
0.2
-0.7
0
-0.7
0.8
-0.5
0.8
-0.4
0.8
-0.2
0.8
0.2
0.8
0.4
0.8
0.5
0.8
0.7
0.8
0.7
0
2.045
-1.1
0.378021
2
1.525
-0.64
0.361248
1.5
0.925
-0.23
0.411947
1.2
-0.015
0.39
0.754255
1
-0.475
1.23
0.45793
0.5
0.435
1.24
0.471699
0.5
0
0
-1
0
0.4
-0.945508
-0.263298
-0.6
1.6
-0.299699
1.59369
0.3
1.6
0.599228
1.59382
1.91896
-0.874153
2.32873
-1.16066
-0.5
0.2
-0.7
0
-0.7
0.8
-0.5
0.8
-0.4
0.8
-0.2
0.8
0.2
0.8
0.4
0.8
0.5
0.8
0.7
0.8
0.7
0
2.105
-1.02
0.378021
2
1.515
-0.55
0.400125
1.5
0.915
-0.18
0.390512
1.2
-0.015
0.39
0.754255
1
-0.475
1.23
0.45793
0.5
0.435
1.24
0.471699
0.5
0
0
-1
0
0.4
-0.945508
-0.263298
-0.6
1.6
-0.299699
1.59369
0.3
1.6
0.598078
1.59397
1.9641
-0.807489
2.39481
-1.06144
-0.5
0.2
-0.7
0
-0.7
0.8
-0.5
0.8
-0.4
0.8
-0.2
0.8
0.2
0.8
0.4
0.8
0.5
0.8
0.7
0.8
0.7
0
2.205
-0.93
0.378021
2
1.575
-0.56
0.404475
1.5
0.935
-0.15
0.4005
1.2
-0.015
0.39
0.754255
1
-0.475
1.23
0.45793
0.5
0.435
1.24
0.471699
0.5
0
0
-1
0
0.4
-0.945508
-0.263298
-0.6
1.6
-0.299699
1.59369
0.3
1.6
0.598078
1.59397
2.04844
-0.657056
2.49967
-0.872441
-0.5
0.2
-0.7
0
-0.7
0.8
-0.5
0.8
-0.4
0.8
-0.2
0.8
0.2
0.8
0.4
0.8
0.5
0.8
0.7
0.8
0.7
0
2.295
-0.76
0.378021
2
1.645
-0.46
0.401995
1.5
0.955
-0.15
0.401995
1.2
-0.015
0.39
0.754255
1
-0.475
1.23
0.45793
0.5
0.435
1.24
0.471699
0.5
0
0
-1
0
0.4
-0.945508
-0.263298
-0.6
1.6
-0.299699
1.59369
0.3
1.6
0.599228
1.59382
2.08557
-0.574619
2.54296
-0.77661
-0.5
0.2
-0.7
0
-0.7
0.8
-0.5
0.8
-0.4
0.8
-0.2
0.8
0.2
0.8
0.4
0.8
0.5
0.8
0.7
0.8
0.7
0
2.305
-0.67
0.378021
2
1.665
-0.39
0.392046
1.5
0.965
-0.12
0.391152
1.2
-0.015
0.39
0.754255
1
-0.475
1.23
0.45793
0.5
0.435
1.24
0.471699
0.5
0
0
-1
0
0.4
-0.945508
-0.263298
-0.6
1.6
-0.299699
1.59369
0.3
1.6
0.599228
1.59382
2.12449
-0.469934
2.60253
-0.616476
-0.5
0.2
-0.7
0
-0.7
0.8
-0.5
0.8
-0.4
0.8
-0.2
0.8
0.2
0.8
0.4
0.8
0.5
0.8
0.7
0.8
0.7
0
2.355
-0.57
0.378021
2
1.655
-0.32
0.4
1.5
0.965
-0.09
0.420476
1.2
-0.015
0.39
0.754255
1
-0.475
1.23
0.45793
0.5
0.435
1.24
0.471699
0.5
0
0
-1
0
0.4
-0.945508
-0.263298
-0.6
1.6
-0.299699
1.59369
0.3
1.6
0.598078
1.59397
2.15607
-0.360365
2.64037
-0.484654
-0.5
0.2
-0.7
0
-0.7
0.8
-0.5
0.8
-0.4
0.8
-0.2
0.8
0.2
0.8
0.4
0.8
0.5
0.8
0.7
0.8
0.7
0
2.385
-0.41
0.378021
2
1.705
-0.25
0.371214
1.5
0.985
-0.08
0.450999
1.2
-0.015
0.39
0.754255
1
-0.475
1.23
0.45793
0.5
0.435
1.24
0.471699
0.5
0
0
-1
0
0.4
-0.945508
-0.263298
-0.6
1.6
-0.299699
1.59369
0.3
1.6
0.598078
1.59397
2.18222
-0.230248
2.67476
-0.316288
-0.5
0.2
-0.7
0
-0.7
0.8
-0.5
0.8
-0.4
0.8
-0.2
0.8
0.2
0.8
0.4
0.8
0.5
0.8
0.7
0.8
0.7
0
2.415
-0.25
0.378021
2
1.685
-0.16
0.394589
1.5
0.965
-0.04
0.372156
1.2
-0.015
0.39
0.754255
1
-0.475
1.23
0.45793
0.5
0.435
1.24
0.471699
0.5
0
0
-1
0
0.4
-0.945508
-0.263298
-0.6
1.6
-0.299699
1.59369
0.3
1.6
0.599228
1.59382
2.19222
-0.152559
2.68819
-0.215917
-0.5
0.2
-0.7
0
-0.7
0.8
-0.5
0.8
-0.4
0.8
-0.2
0.8
0.2
0.8
0.4
0.8
0.5
0.8
0.7
0.8
0.7
0
2.445
-0.21
0.378021
2
1.735
-0.13
0.41
1.5
0.995
-0.06
0.402492
1.2
-0.015
0.39
0.754255
1
-0.475
1.23
0.45793
0.5
0.435
1.24
0.471699
0.5
0
0
-1
0
0.4
-0.945508
-0.263298
-0.6
1.6
-0.299699
1.59369
0.3
1.6
0.599228
1.59382
2.19971
-0.0296971
2.69938
-0.0476433
-0.5
0.2
-0.7
0
-0.7
0.8
-0.5
0.8
-0.4
0.8
-0.2
0.8
0.2
0.8
0.4
0.8
0.5
0.8
0.7
0.8
0.7
0
2.455
-0.02
0.378021
2
1.715
0
0.407063
1.5
1.025
0.01
0.413401
1.2
-0.015
0.39
0.754255
1
-0.475
1.23
0.45793
0.5
0.435
1.24
0.471699
0.5
0
0
-1
0
0.4
-0.945508
-0.263298
-0.6
1.6
-0.299699
1.59369
0.3
1.6
0.604107
1.5932
2.19674
0.0987949
2.69666
0.108004
-0.5
0.2
-0.7
0
-0.7
0.8
-0.5
0.8
-0.4
0.8
-0.2
0.8
0.2
0.8
0.4
0.8
0.5
0.8
0.7
0.8
0.7
0
2.445
0.12
0.378021
2
1.745
0.05
0.389487
1.5
1.045
0.03
0.4
1.2
-0.015
0.39
0.754255
1
-0.475
1.23
0.45793
0.5
0.435
1.24
0.471699
0.5
0
0
-1
0
0.4
-0.945508
-0.263298
-0.6
1.6
-0.299699
1.59369
0.3
1.6
0.604107
1.5932
2.18104
0.237758
2.67458
0.316804
-0.5
0.2
-0.7
0
-0.7
0.8
-0.5
0.8
-0.4
0.8
-0.2
0.8
0.2
0.8
0.4
0.8
0.5
0.8
0.7
0.8
0.7
0
2.405
0.26
0.378021
2
1.705
0.13
0.410488
1.5
1.005
0.05
0.361248
1.2
-0.015
0.39
0.754255
1
-0.475
1.23
0.45793
0.5
0.435
1.24
0.471699
0.5
0
0
-1
0
0.4
-0.945508
-0.263298
-0.6
1.6
-0.299699
1.59369
0.3
1.6
0.595856
1.59424
2.15936
0.34678
2.64533
0.464408
-0.5
0.2
-0.7
0
-0.7
0.8
-0.5
0.8
-0.4
0.8
-0.2
0.8
0.2
0.8
0.4
0.8
0.5
0.8
0.7
0.8
0.7
0
2.385
0.41
0.378021
2
1.695
0.22
0.389487
1.5
1.055
0.05
0.403113
1.2
-0.015
0.39
0.754255
1
-0.475
1.23
0.45793
0.5
0.435
1.24
0.471699
0.5
0
0
-1
0
0.4
-0.945508
-0.263298
-0.6
1.6
-0.299699
1.59369
0.3
1.6
0.595856
1.59424
2.12544
0.467038
2.59303
0.644109
-0.5
0.2
-0.7
0
-0.7
0.8
-0.5
0.8
-0.4
0.8
-0.2
0.8
0.2
0.8
0.4
0.8
0.5
0.8
0.7
0.8
0.7
0
2.365
0.59
0.378021
2
1.695
0.32
0.389487
1.5
1.025
0.08
0.403113
1.2
-0.015
0.39
0.754255
1
-0.475
1.23
0.45793
0.5
0.435
1.24
0.471699
0.5
0
0
-1
0
0.4
-0.945508
-0.263298
-0.6
1.6
-0.299699
1.59369
0.3
1.6
0.598078
1.59397
2.1043
0.52721
2.57021
0.708662
-0.5
0.2
-0.7
0
-0.7
0.8
-0.5
0.8
-0.4
0.8
-0.2
0.8
0.2
0.8
0.4
0.8
0.5
0.8
0.7
0.8
0.7
0
2.325
0.61
0.378021
2
1.645
0.32
0.39598
1.5
0.995
0.09
0.396232
1.2
-0.015
0.39
0.754255
1
-0.475
1.23
0.45793
0.5
0.435
1.24
0.471699
0.5
0
0
-1
0
0.4
-0.945508
-0.263298
-0.6
1.6
-0.299699
1.59369
0.3
1.6
0.596954
1.5941
2.01056
0.729687
2.46165
0.945365
-0.5
0.2
-0.7
0
-0.7
0.8
-0.5
0.8
-0.4
0.8
-0.2
0.8
0.2
0.8
0.4
0.8
0.5
0.8
0.7
0.8
0.7
0
2.265
0.83
0.378021
2
1.645
0.52
0.388973
1.5
1.035
0.14
0.374433
1.2
-0.015
0.39
0.754255
1
-0.475
1.23
0.45793
0.5
0.435
1.24
0.471699
0.5
0
0
-1
0
0.4
-0.945508
-0.263298
-0.6
1.6
-0.299699
1.59369
0.3
1.6
0.596954
1.5941
1.95093
0.827753
2.37299
1.09543
-0.5
0.2
-0.7
0
-0.7
0.8
-0.5
0.8
-0.4
0.8
-0.2
0.8
0.2
0.8
0.4
0.8
0.5
0.8
0.7
0.8
0.7
0
2.165
0.92
0.378021
2
1.575
0.52
0.382753
1.5
0.975
0.14
0.425441
1.2
-0.015
0.39
0.754255
1
-0.475
1.23
0.45793
0.5
0.435
1.24
0.471699
0.5
0
0
-1
0
0.4
-0.945508
-0.263298
-0.6
1.6
-0.299699
1.59369
0.3
1.6
0.599228
1.59382
1.88126
0.924462
2.2876
1.21582
-0.5
0.2
-0.7
0
-0.7
0.8
-0.5
0.8
-0.4
0.8
-0.2
0.8
0.2
0.8
0.4
0.8
0.5
0.8
0.7
0.8
0.7
0
2.085
1.05
0.378021
2
1.515
0.6
0.367967
1.5
0.945
0.14
0.448219
1.2
-0.015
0.39
0.754255
1
-0.475
1.23
0.45793
0.5
0.435
1.24
0.471699
0.5
0
0
-1
0
0.4
-0.945508
-0.263298
-0.6
1.6
-0.299699
1.59369
0.3
1.6
0.599228
1.59382
1.8133
1.00526
2.18348
1.34138
-0.5
0.2
-0.7
0
-0.7
0.8
-0.5
0.8
-0.4
0.8
-0.2
0.8
0.2
0.8
0.4
0.8
0.5
0.8
0.7
0.8
0.7
0
1.995
1.15
0.378021
2
1.455
0.65
0.418808
1.5
0.925
0.19
0.371214
1.2
-0.015
0.39
0.754255
1
-0.475
1.23
0.45793
0.5
0.435
1.24
0.471699
0.5
0
0
-1
0
0.4
-0.945508
-0.263298
-0.6
1.6
-0.299699
1.59369
0.3
1.6
0.598078
1.59397
1.72994
1.09052
2.10122
1.42541
-0.5
0.2
-0.7
0
-0.7
0.8
-0.5
0.8
-0.4
0.8
-0.2
0.8
0.2
0.8
0.4
0.8
0.5
0.8
0.7
0.8
0.7
0
1.895
1.25
0.378021
2
1.465
0.77
0.328024
1.5
1.005
0.25
0.394588
1.2
-0.015
0.39
0.754255
1
-0.475
1.23
0.45793
0.5
0.435
1.24
0.471699
0.5
0
0
-1
0
0.4
-0.945508
-0.263298
-0.6
1.6
-0.299699
1.59369
0.3
1.6
0.598078
1.59397
1.64116
1.168
1.94711
1.56251
-0.5
0.2
-0.7
0
-0.7
0.8
-0.5
0.8
-0.4
0.8
-0.2
0.8
0.2
0.8
0.4
0.8
0.5
0.8
0.7
0.8
0.7
0
1.755
1.32
0.378021
2
1.305
0.74
0.4005
1.5
0.895
0.19
0.343984
1.2
-0.015
0.39
0.754255
1
-0.475
1.23
0.45793
0.5
0.435
1.24
0.471699
0.5
0
0
-1
0
0.4
-0.945508
-0.263298
-0.6
1.6
-0.299699
1.59369
0.3
1.6
0.600405
1.59367
1.54785
1.2374
1.84443
1.63994
-0.5
0.2
-0.7
0
-0.7
0.8
-0.5
0.8
-0.4
0.8
-0.2
0.8
0.2
0.8
0.4
0.8
0.5
0.8
0.7
0.8
0.7
0
1.675
1.44
0.378021
2
1.315
0.88
0.367695
1.5
0.905
0.29
0.407922
1.2
-0.015
0.39
0.754255
1
-0.475
1.23
0.45793
0.5
0.435
1.24
0.471699
0.5
0
0
-1
0
0.4
-0.945508
-0.263298
-0.6
1.6
-0.299699
1.59369
0.3
1.6
0.600405
1.59367
1.43952
1.30503
1.6499
1.76014
-0.5
0.2
-0.7
0
-0.7
0.8
-0.5
0.8
-0.4
0.8
-0.2
0.8
0.2
0.8
0.4
0.8
0.5
0.8
0.7
0.8
0.7
0
1.545
1.55
0.378021
2
1.205
0.87
0.429535
1.5
0.845
0.22
0.370135
1.2
-0.015
0.39
0.754255
1
-0.475
1.23
0.45793
0.5
0.435
1.24
0.471699
0.5
0
0
-1
0
0.4
-0.945508
-0.263298
-0.6
1.6
-0.299699
1.59369
0.3
1.6
0.598078
1.59397
1.32176
1.36507
1.55211
1.80885
-0.5
0.2
-0.7
0
-0.7
0.8
-0.5
0.8
-0.4
0.8
-0.2
0.8
0.2
0.8
0.4
0.8
0.5
0.8
0.7
0.8
0.7
0
1.445
1.61
0.378021
2
1.185
1.01
0.404475
1.5
0.875
0.36
0.430465
1.2
-0.015
0.39
0.754255
1
-0.475
1.23
0.45793
0.5
0.435
1.24
0.471699
0.5
0
0
-1
0
0.4
-0.945508
-0.263298
-0.6
1.6
-0.299699
1.59369
0.3
1.6
0.598078
1.59397
1.21224
1.40983
1.40409
1.87155
-0.5
0.2
-0.7
0
-0.7
0.8
-0.5
0.8
-0.4
0.8
-0.2
0.8
0.2
0.8
0.4
0.8
0.5
0.8
0.7
0.8
0.7
0
1.345
1.6
0.378021
2
1.035
0.96
0.427551
1.5
0.825
0.27
0.343984
1.2
-0.015
0.39
0.754255
1
-0.475
1.23
0.45793
0.5
0.435
1.24
0.471699
0.5
0
0
-1
0
0.4
-0.945508
-0.263298
-0.6
1.6
-0.299699
1.59369
0.3
1.6
0.602518
1.5934
1.08198
1.45055
1.21173
1.93342
-0.5
0.2
-0.7
0
-0.7
0.8
-0.5
0.8
-0.4
0.8
-0.2
0.8
0.2
0.8
0.4
0.8
0.5
0.8
0.7
0.8
0.7
0
1.145
1.67
0.378021
2
0.995
0.98
0.411096
1.5
0.745
0.34
0.386394
1.2
-0.015
0.39
0.754255
1
-0.475
1.23
0.45793
0.5
0.435
1.24
0.471699
0.5
0
0
-1
0
0.4
-0.945508
-0.263298
-0.6
1.6
-0.299699
1.59369
0.3
1.6
0.596954
1.5941
0.923971
1.48318
1.02524
1.97282
-0.5
0.2
-0.7
0
-0.7
0.8
-0.5
0.8
-0.4
0.8
-0.2
0.8
0.2
0.8
0.4
0.8
0.5
0.8
0.7
0.8
0.7
0
0.985
1.72
0.378021
2
0.865
0.99
0.383275
1.5
0.735
0.32
0.343984
1.2
-0.015
0.39
0.754255
1
-0.475
1.23
0.45793
0.5
0.435
1.24
0.471699
0.5
0
0
-1
0
0.4
-0.945508
-0.263298
-0.6
1.6
-0.299699
1.59369
0.3
1.6
0.596954
1.5941
0.704902
1.49999
0.697513
1.99994
-0.5
0.2
-0.7
0
-0.7
0.8
-0.5
0.8
-0.4
0.8
-0.2
0.8
0.2
0.8
0.4
0.8
0.5
0.8
0.7
0.8
0.7
0
0.715
1.74
0.378021
2
0.705
0.31
0.328024
1.5
0.685
0.93
0.343984
1.2
-0.015
0.39
0.754255
1
-0.475
1.23
0.45793
0.5
0.435
1.24
0.471699
0.5
0
0
-1
0
0.4
-0.945508
-0.263298
-0.6
1.6
-0.299699
1.59369
0.3
1.6
0.596954
1.5941
0.695
1.33
0.695
1.83
-0.5
0.2
-0.7
0
-0.7
0.8
-0.5
0.8
-0.4
0.8
-0.2
0.8
0.2
0.8
0.4
0.8
0.5
0.8
0.7
0.8
0.7
0
0.685
1.6
0.378021
2
0.765
0.83
0.328024
1.5
0.705
0.23
0.343984
1.2
-0.015
0.39
0.754255
1
-0.475
1.23
0.45793
0.5
0.435
1.24
0.471699
0.5
0
0
-1
0
0.4
-0.945508
-0.263298
-0.6
1.6
-0.299699
1.59369
0.3
1.6
0.596954
1.5941
0.695
1.1
0.688422
1.59996
-0.5
0.2
-0.7
0
-0.7
0.8
-0.5
0.8
-0.4
0.8
-0.2
0.8
0.2
0.8
0.4
0.8
0.5
0.8
0.7
0.8
0.7
0
0.645
1.33
0.378021
2
0.665
0.28
0.328024
1.5
0.745
0.78
0.343984
1.2
-0.015
0.39
0.754255
1
-0.475
1.23
0.45793
0.5
0.435
1.24
0.471699
0.5
0
0
-1
0
0.4
-0.945508
-0.263298
-0.6
1.6
-0.299699
1.59369
0.3
1.6
0.596954
1.5941
0.695
0.89
0.695
1.37
-0.5
0.2
-0.7
0
-0.7
0.8
-0.5
0.8
-0.4
0.8
-0.2
0.8
0.2
0.8
0.4
0.8
0.5
0.8
0.7
0.8
0.7
0
0.765
1.14
0.378021
2
0.695
0.6
0.328024
1.5
0.755
0.16
0.343984
1.2
-0.015
0.39
0.754255
1
-0.475
1.23
0.45793
0.5
0.435
1.24
0.471699
0.5
0
0
-1
0
0.4
-0.945508
-0.263298
-0.6
1.6
-0.299699
1.59369
0.3
1.6
0.596954
1.5941
0.695
0.61
0.695
1.11
-0.5
0.2
-0.7
0
-0.7
0.8
-0.5
0.8
-0.4
0.8
-0.2
0.8
0.2
0.8
0.4
0.8
0.5
0.8
0.7
0.8
0.7
0
0.685
0.84
0.378021
2
0.625
0.24
0.328024
1.5
0.7
-0.3
0.343984
1.2
-0.015
0.39
0.754255
1
-0.475
1.23
0.45793
0.5
0.435
1.24
0.471699
0.5
0
0
-1
0
0.4
-0.945508
-0.263298
-0.6
1.6
-0.299699
1.59369
0.3
1.6
0.596954
1.5941
0.705
0.41
0.705
0.91
-0.5
0.2
-0.7
0
-0.7
0.8
-0.5
0.8
-0.4
0.8
-0.2
0.8
0.2
0.8
0.4
0.8
0.5
0.8
0.7
0.8
0.7
0
0.655
0.75
0.378021
2
0.695
0.37
0.328024
1.5
0.575
0.29
0.343984
1.2
-0.015
0.39
0.754255
1
-0.475
1.23
0.45793
0.5
0.435
1.24
0.471699
0.5
0
0
-1
0
0.4
-0.945508
-0.263298
-0.6
1.6
-0.299699
1.59369
0.3
1.6
0.596954
1.5941
0.705
0.19
0.705
0.69
-0.5
0.2
-0.7
0
-0.7
0.8
-0.5
0.8
-0.4
0.8
-0.2
0.8
0.2
0.8
0.4
0.8
0.5
0.8
0.7
0.8
0.7
0
0.705
0.51
0.378021
2
0.605
0.23
0.328024
1.5
0.025
0.18
0.343984
1.2
-0.015
0.39
0.754255
1
-0.475
1.23
0.45793
0.5
0.435
1.24
0.471699
0.5
0
0
-1
0
0.4
-0.945508
-0.263298
-0.6
1.6
-0.299699
1.59369
0.3
1.6
0.596954
1.5941
0.695
-0.34
0.695
-0.84
-0.5
0.2
-0.7
0
-0.7
0.8
-0.5
0.8
-0.4
0.8
-0.2
0.8
0.2
0.8
0.4
0.8
0.5
0.8
0.7
0.8
0.7
0
0.675
-0.57
0.378021
2
0.655
-0.17
0.328024
1.5
0.545
0.16
0.343984
1.2
-0.015
0.39
0.754255
1
-0.475
1.23
0.45793
0.5
0.435
1.24
0.471699
0.5
0
0
-1
0
0.4
-0.945508
-0.263298
-0.6
1.6
-0.299699
1.59369
0.3
1.6
0.596954
1.5941
0.695
-0.61
0.695
-1.11
-0.5
0.2
-0.7
0
-0.7
0.8
-0.5
0.8
-0.4
0.8
-0.2
0.8
0.2
0.8
0.4
0.8
0.5
0.8
0.7
0.8
0.7
0
0.745
-0.81
0.378021
2
0.695
-0.32
0.328024
1.5
0.585
0.08
0.343984
1.2
-0.015
0.39
0.754255
1
-0.475
1.23
0.45793
0.5
0.435
1.24
0.471699
0.5
0
0
-1
0
0.4
-0.945508
-0.263298
-0.6
1.6
-0.299699
1.59369
0.3
1.6
0.596954
1.5941
0.695
-0.99
0.686073
-1.48992
-0.5
0.2
-0.7
0
-0.7
0.8
-0.5
0.8
-0.4
0.8
-0.2
0.8
0.2
0.8
0.4
0.8
0.5
0.8
0.7
0.8
0.7
0
0.695
-1.17
0.378021
2
0.725
-0.51
0.328024
1.5
0.685
-0.07
0.343984
1.2
-0.015
0.39
0.754255
1
-0.475
1.23
0.45793
0.5
0.435
1.24
0.471699
0.5
0
0
-1
0
0.4
-0.945508
-0.263298
-0.6
1.6
-0.299699
1.59369
0.3
1.6
0.596954
1.5941
0.695
-1.24
0.695
-1.74
-0.5
0.2
-0.7
0
-0.7
0.8
-0.5
0.8
-0.4
0.8
-0.2
0.8
0.2
0.8
0.4
0.8
0.5
0.8
0.7
0.8
0.7
0
0.725
-1.49
0.378021
2
0.725
-0.79
0.37054
1.5
0.665
-0.19
0.343984
1.2
-0.015
0.39
0.754255
1
-0.475
1.23
0.45793
0.5
0.435
1.24
0.471699
0.5
0
0
-1
0
0.4
-0.945508
-0.263298
-0.6
1.6
-0.299699
1.59369
0.3
1.6
0.596954
1.5941
0.704438
-1.49999
1.20444
-1.5
-0.5
0.2
-0.7
0
-0.7
0.8
-0.5
0.8
-0.4
0.8
-0.2
0.8
0.2
0.8
0.4
0.8
0.5
0.8
0.7
0.8
0.7
0
0.905
-1.45
0.417612
2
0.735
-0.89
0.330606
1.5
0.7
-0.3
0.343984
1.2
-0.015
0.39
0.754255
1
-0.475
1.23
0.45793
0.5
0.435
1.24
0.471699
0.5
0
