80
10
9
11
6
0
-1
0
0.4
-0.945508
-0.263298
-0.6
1.6
-0.299699
1.59369
0.3
1.6
0.596954
1.5941
0.695562
-1.49999
1.19556
-1.5
-0.5
0.2
-0.7
0
-0.7
0.8
-0.5
0.8
-0.4
0.8
-0.2
0.8
0.2
0.8
0.4
0.8
0.5
0.8
0.7
0.8
0.7
0
0.925
-1.47
0.378021
2
0.715
-0.91
0.328024
1.5
0.7
-0.3
0.343984
1.2
-0.015
0.39
0.754255
1
-0.475
1.23
0.45793
0.5
0.435
1.24
0.471699
0.5
0
0
-1
0
0.4
-0.945508
-0.263298
-0.6
1.6
-0.299699
1.59369
0.3
1.6
0.596954
1.5941
0.705
-1.41
1.205
-1.41
-0.5
0.2
-0.7
0
-0.7
0.8
-0.5
0.8
-0.4
0.8
-0.2
0.8
0.2
0.8
0.4
0.8
0.5
0.8
0.7
0.8
0.7
0
0.935
-1.36
0.378021
2
0.715
-0.91
0.328024
1.5
0.7
-0.3
0.343984
1.2
-0.015
0.39
0.754255
1
-0.475
1.23
0.45793
0.5
0.405
1.22
0.471699
0.5
0
0
-1
0
0.4
-0.945508
-0.263298
-0.6
1.6
-0.299699
1.59369
0.3
1.6
0.596954
1.5941
0.705
-1.22
1.205
-1.22
-0.5
0.2
-0.7
0
-0.7
0.8
-0.5
0.8
-0.4
0.8
-0.2
0.8
0.2
0.8
0.4
0.8
0.5
0.8
0.7
0.8
0.7
0
0.875
-1.15
0.378021
2
0.695
-0.61
0.328024
1.5
0.585
-0.07
0.343984
1.2
-0.015
0.39
0.754255
1
-0.475
1.23
0.45793
0.5
0.435
1.24
0.471699
0.5
0
0
-1
0
0.4
-0.945508
-0.263298
-0.6
1.6
-0.299699
1.59369
0.3
1.6
0.596954
1.5941
0.705
-1.01
1.205
-1.01
-0.5
0.2
-0.7
0
-0.7
0.8
-0.5
0.8
-0.4
0.8
-0.2
0.8
0.2
0.8
0.4
0.8
0.5
0.8
0.7
0.8
0.7
0
0.885
-1.02
0.378021
2
0.715
-0.49
0.328024
1.5
0.645
-0.03
0.343984
1.2
-0.015
0.39
0.754255
1
-0.475
1.23
0.45793
0.5
0.435
1.24
0.471699
0.5
0
0
-1
0
0.4
-0.945508
-0.263298
-0.6
1.6
-0.299699
1.59369
0.3
1.6
0.596954
1.5941
0.705
-0.89
1.205
-0.89
-0.5
0.2
-0.7
0
-0.7
0.8
-0.5
0.8
-0.4
0.8
-0.2
0.8
0.2
0.8
0.4
0.8
0.5
0.8
0.7
0.8
0.7
0
0.955
-0.97
0.378021
2
0.745
-0.5
0.328024
1.5
0.655
-0.03
0.343984
1.2
-0.015
0.39
0.754255
1
-0.475
1.23
0.45793
0.5
0.435
1.24
0.471699
0.5
0
0
-1
0
0.4
-0.945508
-0.263298
-0.6
1.6
-0.299699
1.59369
0.3
1.6
0.596954
1.5941
0.695
-0.69
1.195
-0.69
-0.5
0.2
-0.7
0
-0.7
0.8
-0.5
0.8
-0.4
0.8
-0.2
0.8
0.2
0.8
0.4
0.8
0.5
0.8
0.7
0.8
0.7
0
0.975
-0.71
0.378021
2
0.695
-0.43
0.328024
1.5
0.605
0.04
0.343984
1.2
-0.015
0.39
0.754255
1
-0.475
1.23
0.45793
0.5
0.435
1.24
0.471699
0.5
0
0
-1
0
0.4
-0.945508
-0.263298
-0.6
1.6
-0.299699
1.59369
0.3
1.6
0.596954
1.5941
0.695
-0.46
1.195
-0.46
-0.5
0.2
-0.7
0
-0.7
0.8
-0.5
0.8
-0.4
0.8
-0.2
0.8
0.2
0.8
0.4
0.8
0.5
0.8
0.7
0.8
0.7
0
0.885
-0.44
0.378021
2
0.715
-0.25
0.328024
1.5
0.585
0.14
0.343984
1.2
-0.015
0.39
0.754255
1
-0.475
1.23
0.45793
0.5
0.435
1.24
0.471699
0.5
0
0
-1
0
0.4
-0.945508
-0.263298
-0.6
1.6
-0.299699
1.59369
0.3
1.6
0.596954
1.5941
0.695
-0.25
1.195
-0.25
-0.5
0.2
-0.7
0
-0.7
0.8
-0.5
0.8
-0.4
0.8
-0.2
0.8
0.2
0.8
0.4
0.8
0.5
0.8
0.7
0.8
0.7
0
0.995
-0.3
0.378021
2
0.675
-0.1
0.328024
1.5
0.565
0.17
0.343984
1.2
-0.015
0.39
0.754255
1
-0.475
1.23
0.45793
0.5
0.435
1.24
0.471699
0.5
0
0
-1
0
0.4
-0.945508
-0.263298
-0.501633
1.57502
-0.233028
1.58238
0.214997
1.59986
0.504819
1.59999
0.695
-0.25
1.15393
-0.448456
-0.5
0.2
-0.7
0
-0.7
0.8
-0.5
0.8
-0.4
0.8
-0.2
0.8
0.2
0.8
0.4
0.8
0.5
0.8
0.7
0.8
0.7
0
0.975
-0.4
0.378021
2
0.715
-0.2
0.328024
1.5
0.545
0.19
0.343984
1.2
-0.015
0.39
0.754255
1
-0.475
1.23
0.45793
0.5
0.415
1.26
0.471699
0.5
0
0
-1
0
0.4
-0.945508
-0.263298
-0.445631
1.55848
-0.163826
1.56434
0.120397
1.59603
0.403046
1.5941
0.695
-0.25
1.01438
-0.634705
-0.5
0.2
-0.7
0
-0.7
0.8
-0.5
0.8
-0.4
0.8
-0.2
0.8
0.2
0.8
0.4
0.8
0.5
0.8
0.7
0.8
0.7
0
0.875
-0.43
0.378021
2
0.715
-0.2
0.328024
1.5
0.585
0.11
0.343984
1.2
-0.015
0.39
0.754255
1
-0.475
1.23
0.45793
0.5
0.435
1.24
0.471699
0.5
0
0
-1
0
0.4
-0.945508
-0.263298
-0.335214
1.51199
-0.095
1.53
0.065
1.53
0.248442
1.55942
0.695
-0.25
0.840004
-0.728512
-0.5
0.2
-0.7
0
-0.7
0.8
-0.5
0.8
-0.4
0.8
-0.2
0.8
0.2
0.8
0.4
0.8
0.5
0.8
0.7
0.8
0.7
0
0.805
-0.52
0.378021
2
0.725
-0.2
0.328024
1.5
0.535
0.14
0.343984
1.2
-0.015
0.39
0.754255
1
-0.315
1.15
0.45793
0.5
0.255
1.15
0.471699
0.5
0
0
-1
0
0.4
-0.945508
-0.263298
-0.168786
1.39817
-0.00361598
1.4949
0.025
1.49
0.062702
1.4699
0.695
-0.25
0.695
-0.75
-0.5
0.2
-0.7
0
-0.7
0.8
-0.5
0.8
-0.4
0.8
-0.2
0.8
0.2
0.8
0.4
0.8
0.5
0.8
0.7
0.8
0.7
0
0.715
-0.47
0.378021
2
0.715
-0.3
0.328024
1.5
0.595
0.01
0.343984
1.2
-0.015
0.39
0.754255
1
-0.225
1.03
0.45793
0.5
0.225
1.08
0.471699
0.5
1
0.005
2.35
1
0
1
1
0.5
0.4
0
0
-1
0
0.4
-0.945508
-0.263298
-0.168786
1.39817
-0.00361598
1.4949
0.025
1.49
0.062702
1.4699
0.695
-0.25
0.695
-0.75
-0.5
0.2
-0.7
0
-0.7
0.8
-0.5
0.8
-0.4
0.8
-0.2
0.8
0.2
0.8
0.4
0.8
0.5
0.8
0.7
0.8
0.7
0
0.725
-0.44
0.378021
2
0.695
-0.14
0.328024
1.5
0.555
0.05
0.343984
1.2
-0.015
0.39
0.754255
1
-0.315
1.08
0.45793
0.5
0.225
1.08
0.471699
0.5
0
0
-1
0
0.4
-0.945508
-0.263298
-0.168786
1.39817
-0.00361598
1.4949
0.025
1.49
0.062702
1.4699
0.695
-0.25
0.695
-0.75
-0.5
0.2
-0.7
0
-0.7
0.8
-0.5
0.8
-0.4
0.8
-0.2
0.8
0.2
0.8
0.4
0.8
0.5
0.8
0.7
0.8
0.7
0
0.705
-0.44
0.378021
2
0.705
-0.08
0.328024
1.5
0.505
0.18
0.343984
1.2
-0.025
0.48
0.754255
1
-0.215
1.09
0.45793
0.5
0.295
1.08
0.471699
0.5
0
0
-1
0
0.4
-0.945508
-0.263298
-0.168786
1.39817
-0.00361598
1.4949
0.025
1.49
0.062702
1.4699
0.695
-0.25
0.695
-0.75
-0.5
0.2
-0.7
0
-0.7
0.8
-0.5
0.8
-0.4
0.8
-0.2
0.8
0.2
0.8
0.4
0.8
0.5
0.8
0.7
0.8
0.7
0
0.735
-0.51
0.378021
2
0.665
-0.02
0.328024
1.5
0.525
0.24
0.343984
1.2
-0.015
0.39
0.754255
1
-0.315
1.05
0.45793
0.5
0.275
1.05
0.471699
0.5
0
0
-1
0
0.4
-0.945508
-0.263298
-0.168786
1.39817
-0.00361598
1.4949
0.025
1.49
0.062702
1.4699
0.695
-0.25
0.695
-0.75
-0.5
0.2
-0.7
0
-0.7
0.8
-0.5
0.8
-0.4
0.8
-0.2
0.8
0.2
0.8
0.4
0.8
0.5
0.8
0.7
0.8
0.7
0
0.705
-0.49
0.378021
2
0.665
-0.2
0.328024
1.5
0.605
0.07
0.343984
1.2
-0.015
0.39
0.754255
1
-0.275
1.07
0.45793
0.5
0.285
1.08
0.471699
0.5
0
0
-1
0
0.4
-0.945508
-0.263298
-0.168786
1.39817
-0.00361598
1.4949
0.025
1.49
0.062702
1.4699
0.695
-0.25
0.695
-0.75
-0.5
0.2
-0.7
0
-0.7
0.8
-0.5
0.8
-0.4
0.8
-0.2
0.8
0.2
0.8
0.4
0.8
0.5
0.8
0.7
0.8
0.7
0
0.685
-0.48
0.378021
2
0.665
-0.03
0.328024
1.5
0.475
0.21
0.343984
1.2
-0.015
0.39
0.754255
1
-0.305
1.1
0.45793
0.5
0.255
1.07
0.471699
0.5
0
0
-1
0
0.4
-0.945508
-0.263298
-0.168786
1.39817
-0.00361598
1.4949
0.025
1.49
0.062702
1.4699
0.695
-0.25
0.695
-0.75
-0.5
0.2
-0.7
0
-0.7
0.8
-0.5
0.8
-0.4
0.8
-0.2
0.8
0.2
0.8
0.4
0.8
0.5
0.8
0.7
0.8
0.7
0
0.735
-0.56
0.378021
2
0.705
-0.25
0.328024
1.5
0.615
-0.07
0.343984
1.2
-0.015
0.39
0.754255
1
-0.275
1.05
0.45793
0.5
0.265
1.08
0.471699
0.5
0
0
-1
0
0.4
-0.945508
-0.263298
-0.168786
1.39817
-0.00361598
1.4949
0.025
1.49
0.062702
1.4699
0.695
-0.25
0.695
-0.75
-0.5
0.2
-0.7
0
-0.7
0.8
-0.5
0.8
-0.4
0.8
-0.2
0.8
0.2
0.8
0.4
0.8
0.5
0.8
0.7
0.8
0.7
0
0.725
-0.49
0.378021
2
0.675
-0.12
0.328024
1.5
0.615
0.06
0.343984
1.2
-0.015
0.39
0.754255
1
-0.305
1.1
0.45793
0.5
0.295
1.06
0.471699
0.5
0
0
-1
0
0.4
-0.945508
-0.263298
-0.168786
1.39817
-0.00361598
1.4949
0.025
1.49
0.062702
1.4699
0.695
-0.25
0.695
-0.75
-0.5
0.2
-0.7
0
-0.7
0.8
-0.5
0.8
-0.4
0.8
-0.2
0.8
0.2
0.8
0.4
0.8
0.5
0.8
0.7
0.8
0.7
0
0.685
-0.52
0.378021
2
0.695
-0.05
0.328024
1.5
0.515
0.23
0.343984
1.2
-0.015
0.39
0.754255
1
-0.355
1.09
0.45793
0.5
0.275
1.07
0.471699
0.5
0
0
-1
0
0.4
-0.945508
-0.263298
-0.168786
1.39817
-0.00361598
1.4949
0.025
1.49
0.062702
1.4699
0.695
-0.25
0.695
-0.75
-0.5
0.2
-0.7
0
-0.7
0.8
-0.5
0.8
-0.4
0.8
-0.2
0.8
0.2
0.8
0.4
0.8
0.5
0.8
0.7
0.8
0.7
0
0.685
-0.52
0.378021
2
0.685
-0.09
0.328024
1.5
0.555
0.12
0.343984
1.2
-0.015
0.39
0.754255
1
-0.345
1.1
0.45793
0.5
0.315
1.1
0.471699
0.5
0
0
-1
0
0.4
-0.945508
-0.263298
-0.168786
1.39817
-0.00361598
1.4949
0.025
1.49
0.062702
1.4699
0.695
-0.25
0.695
-0.75
-0.5
0.2
-0.7
0
-0.7
0.8
-0.5
0.8
-0.4
0.8
-0.2
0.8
0.2
0.8
0.4
0.8
0.5
0.8
0.7
0.8
0.7
0
0.715
-0.5
0.378021
2
0.705
-0.05
0.328024
1.5
0.515
0.22
0.343984
1.2
-0.015
0.39
0.754255
1
-0.355
1.12
0.45793
0.5
0.335
1.06
0.471699
0.5
0
0
-1
0
0.4
-0.945508
-0.263298
-0.168786
1.39817
-0.00361598
1.4949
0.025
1.49
0.062702
1.4699
0.695
-0.25
0.695
-0.75
-0.5
0.2
-0.7
0
-0.7
0.8
-0.5
0.8
-0.4
0.8
-0.2
0.8
0.2
0.8
0.4
0.8
0.5
0.8
0.7
0.8
0.7
0
0.715
-0.49
0.378021
2
0.655
-0.1
0.328024
1.5
0.485
0.09
0.343984
1.2
-0.015
0.39
0.754255
1
-0.325
1.1
0.45793
0.5
0.285
1.04
0.471699
0.5
0
0
-1
0
0.4
-0.945508
-0.263298
-0.168786
1.39817
-0.00361598
1.4949
0.025
1.49
0.062702
1.4699
0.695
-0.25
0.695
-0.75
-0.5
0.2
-0.7
0
-0.7
0.8
-0.5
0.8
-0.4
0.8
-0.2
0.8
0.2
0.8
0.4
0.8
0.5
0.8
0.7
0.8
0.7
0
0.745
-0.45
0.378021
2
0.705
-0.07
0.328024
1.5
0.535
0.11
0.343984
1.2
-0.015
0.39
0.754255
1
-0.345
1.09
0.45793
0.5
0.315
1.07
0.471699
0.5
0
0
-1
0
0.4
-0.945508
-0.263298
-0.168786
1.39817
-0.00361598
1.4949
0.025
1.49
0.062702
1.4699
0.695
-0.25
0.695
-0.75
-0.5
0.2
-0.7
0
-0.7
0.8
-0.5
0.8
-0.4
0.8
-0.2
0.8
0.2
0.8
0.4
0.8
0.5
0.8
0.7
0.8
0.7
0
0.705
-0.49
0.378021
2
0.695
-0.11
0.328024
1.5
0.455
0.2
0.343984
1.2
-0.015
0.39
0.754255
1
-0.325
1.08
0.45793
0.5
0.265
1.05
0.471699
0.5
0
0
-1
0
0.4
-0.945508
-0.263298
-0.168786
1.39817
-0.00361598
1.4949
0.025
1.49
0.062702
1.4699
0.695
-0.25
0.695
-0.75
-0.5
0.2
-0.7
0
-0.7
0.8
-0.5
0.8
-0.4
0.8
-0.2
0.8
0.2
0.8
0.4
0.8
0.5
0.8
0.7
0.8
0.7
0
0.685
-0.5
0.378021
2
0.705
-0.16
0.328024
1.5
0.435
0.14
0.343984
1.2
-0.015
0.39
0.754255
1
-0.285
1.09
0.45793
0.5
0.265
1.04
0.471699
0.5
0
0
-1
0
0.4
-0.945508
-0.263298
-0.168786
1.39817
-0.00361598
1.4949
0.025
1.49
0.062702
1.4699
0.695
-0.25
0.695
-0.75
-0.5
0.2
-0.7
0
-0.7
0.8
-0.5
0.8
-0.4
0.8
-0.2
0.8
0.2
0.8
0.4
0.8
0.5
0.8
0.7
0.8
0.7
0
0.735
-0.47
0.378021
2
0.715
-0.15
0.328024
1.5
0.455
0.09
0.343984
1.2
-0.015
0.39
0.754255
1
-0.305
1.1
0.45793
0.5
0.305
1.09
0.471699
0.5
0
0
-1
0
0.4
-0.945508
-0.263298
-0.168786
1.39817
-0.00361598
1.4949
0.025
1.49
0.062702
1.4699
0.695
-0.25
0.695
-0.75
-0.5
0.2
-0.7
0
-0.7
0.8
-0.5
0.8
-0.4
0.8
-0.2
0.8
0.2
0.8
0.4
0.8
0.5
0.8
0.7
0.8
0.7
0
0.765
-0.5
0.378021
2
0.685
-0.06
0.328024
1.5
0.355
0.24
0.343984
1.2
-0.015
0.39
0.754255
1
-0.275
1.1
0.45793
0.5
0.335
1.06
0.471699
0.5
0
0
-1
0
0.4
-0.945508
-0.263298
-0.168786
1.39817
-0.00361598
1.4949
0.025
1.49
0.062702
1.4699
0.695
-0.25
0.695
-0.75
-0.5
0.2
-0.7
0
-0.7
0.8
-0.5
0.8
-0.4
0.8
-0.2
0.8
0.2
0.8
0.4
0.8
0.5
0.8
0.7
0.8
0.7
0
0.645
-0.42
0.378021
2
0.685
-0.07
0.328024
1.5
0.325
0.16
0.343984
1.2
-0.015
0.39
0.754255
1
-0.265
1.11
0.45793
0.5
0.285
1.05
0.471699
0.5
0
0
-1
0
0.4
-0.945508
-0.263298
-0.168786
1.39817
-0.00361598
1.4949
0.025
1.49
0.062702
1.4699
0.695
-0.25
0.695
-0.75
-0.5
0.2
-0.7
0
-0.7
0.8
-0.5
0.8
-0.4
0.8
-0.2
0.8
0.2
0.8
0.4
0.8
0.5
0.8
0.7
0.8
0.7
0
0.675
-0.49
0.378021
2
0.685
-0.08
0.328024
1.5
0.455
0.14
0.343984
1.2
-0.015
0.39
0.754255
1
-0.295
1.09
0.45793
0.5
0.315
1.09
0.471699
0.5
0
0
-1
0
0.4
-0.945508
-0.263298
-0.168786
1.39817
-0.00361598
1.4949
0.025
1.49
0.062702
1.4699
0.695
-0.25
0.695
-0.75
-0.5
0.2
-0.7
0
-0.7
0.8
-0.5
0.8
-0.4
0.8
-0.2
0.8
0.2
0.8
0.4
0.8
0.5
0.8
0.7
0.8
0.7
0
0.675
-0.57
0.378021
2
0.615
-0.05
0.328024
1.5
0.525
0.07
0.343984
1.2
-0.015
0.39
0.754255
1
-0.305
1.1
0.45793
0.5
0.265
1.14
0.471699
0.5
0
0
-1
0
0.4
-0.945508
-0.263298
-0.168786
1.39817
-0.00361598
1.4949
0.025
1.49
0.062702
1.4699
0.695
-0.25
0.695
-0.75
-0.5
0.2
-0.7
0
-0.7
0.8
-0.5
0.8
-0.4
0.8
-0.2
0.8
0.2
0.8
0.4
0.8
0.5
0.8
0.7
0.8
0.7
0
0.735
-0.56
0.378021
2
0.685
-0.1
0.328024
1.5
0.505
0.06
0.343984
1.2
-0.015
0.39
0.754255
1
-0.295
1.08
0.45793
0.5
0.305
1.08
0.471699
0.5
0
0.0921982
-0.595741
0
0.4
-0.860065
-0.371717
-0.384538
1.21034
-0.195415
1.31367
-0.0166127
1.33515
0.148677
1.38524
0.767944
-0.162739
0.827611
-0.659414
-0.472808
0.141663
-0.647611
-0.0808732
-0.743078
0.713806
-0.544408
0.737673
-0.445073
0.749606
-0.246403
0.773473
0.150936
0.821206
0.349606
0.845073
0.448941
0.857006
0.647611
0.880873
0.743078
0.0861944
0.835
-0.44
0.378021
2
0.725
-0.13
0.328024
1.5
0.625
0.06
0.343984
1.2
-0.0137069
0.388276
0.754255
1
-0.415
1.02
0.45793
0.5
0.245
1.1
0.471699
0.5
0
0.435
-0.49
0
0.4
-0.483849
-0.649828
-0.716557
0.886032
-0.527865
1.05468
-0.319344
1.17741
-0.184504
1.3446
0.928452
0.187721
1.18022
-0.244766
-0.331781
-0.0247605
-0.40407
-0.298461
-0.806894
0.393518
-0.6339
0.494224
-0.547402
0.544578
-0.374407
0.645283
-0.0284175
0.846696
0.144577
0.947403
0.231074
0.997756
0.40407
1.09846
0.806894
0.406482
1.015
0.01
0.378021
2
0.875
0.28
0.328024
1.5
0.545
0.43
0.343984
1.2
-0.00793921
0.383797
0.754255
1
-0.575
0.7
0.45793
0.5
0.025
1.03
0.471699
0.5
0
0.776258
-0.230416
0
0.4
0.0824182
-0.753843
-0.819846
0.405645
-0.703302
0.629717
-0.544692
0.922636
-0.472865
1.14494
0.91639
0.661928
1.34581
0.404266
-0.0858955
-0.13248
-0.0171941
-0.407311
-0.704258
0.00494742
-0.601195
0.176714
-0.549662
0.262597
-0.446597
0.434363
-0.240468
0.777896
-0.137404
0.949665
-0.0858718
1.03555
0.0171931
1.20731
0.704258
0.795053
1.155
0.52
0.378021
2
0.795
0.71
0.328024
1.5
0.615
0.64
0.343984
1.2
0.000858597
0.381964
0.754255
1
-0.675
0.3
0.45793
0.5
-0.205
0.92
0.471699
0.5
0
0.964053
0.134289
0
0.4
0.673654
-0.541732
-0.633411
-0.070198
-0.613263
0.165172
-0.641249
0.594083
-0.681387
0.851216
0.645201
1.10271
1.14644
1.10732
0.205104
-0.0993936
0.407442
-0.298045
-0.394537
-0.305419
-0.396381
-0.104924
-0.397303
-0.00467625
-0.399146
0.195818
-0.402833
0.596808
-0.404679
0.797305
-0.405601
0.897554
-0.407445
1.09805
0.394537
1.10542
0.885
1.08
0.378021
2
0.565
1.07
0.328024
1.5
0.375
1
0.343984
1.2
0.0101632
0.385055
0.754255
1
-0.275
0.02
0.45793
0.5
-0.205
0.76
0.471699
0.5
0
0.996938
0.478191
0
0.4
0.988145
-0.204633
-0.30443
-0.304867
-0.426827
-0.0416122
-0.609175
0.3375
-0.749997
0.59295
0.320117
1.29918
0.780075
1.49906
0.383859
0.0199922
0.647792
-0.0840405
-0.0881403
-0.403841
-0.168091
-0.219859
-0.208066
-0.127866
-0.288016
0.056116
-0.447916
0.424083
-0.52787
0.608067
-0.567846
0.70006
-0.647797
0.884045
0.0881391
1.20384
0.535
1.43
0.378021
2
0.235
1.26
0.328024
1.5
0.095
1.06
0.343984
1.2
0.0151956
0.390199
0.754255
1
-0.125
0.01
0.45793
0.5
-0.365
0.57
0.471699
0.5
0
0.886098
0.863497
0
0.4
1.15318
0.284677
0.0785063
-0.372953
-0.12927
-0.195499
-0.513763
0.141071
-0.775604
0.292447
-0.102376
1.34935
0.2252
1.72937
0.511047
0.224431
0.794083
0.245407
0.269962
-0.362619
0.117956
-0.231589
0.0419519
-0.166073
-0.110054
-0.0350435
-0.414067
0.227017
-0.566076
0.358047
-0.642081
0.423563
-0.794089
0.554595
-0.269965
1.16262
0.025
1.56
0.378021
2
-0.125
1.33
0.328024
1.5
-0.195
1.14
0.343984
1.2
0.075
0.39
0.754255
1
0.105
-0.03
0.45793
0.5
-0.475
0.45
0.471699
0.5
0
0.668475
1.14373
0
0.4
1.09966
0.767792
0.443152
-0.256425
0.136151
-0.207941
-0.41305
-0.0599042
-0.7018
-0.00321567
-0.48285
1.22436
-0.339796
1.70552
0.538383
0.449412
0.788068
0.584656
0.559184
-0.185202
0.36672
-0.127982
0.270487
-0.0993705
0.078023
-0.0421504
-0.306906
0.0722917
-0.499373
0.129511
-0.595608
0.158122
-0.788074
0.215343
-0.559188
0.985206
-0.395
1.51
0.378021
2
-0.545
1.05
0.328024
1.5
-0.455
0.89
0.343984
1.2
0.0172959
0.405332
0.754255
1
0.325
0.08
0.45793
0.5
-0.395
0.18
0.471699
0.5
0
0.431959
1.30189
0
0.4
0.924202
1.1009
0.623565
-0.0544069
0.316848
-0.084204
-0.290449
-0.0994845
-0.565
-0.1
-0.721711
1.02645
-0.74033
1.52825
0.494348
0.61934
0.687619
0.827507
0.717413
0.0246329
0.516694
0.0171839
0.416334
0.0134601
0.215616
0.00601098
-0.185822
-0.00888631
-0.386542
-0.0163373
-0.486903
-0.020062
-0.687624
-0.0275106
-0.717418
0.77537
-0.735
1.26
0.378021
2
-0.655
0.89
0.328024
1.5
-0.585
0.71
0.343984
1.2
0.0146814
0.410595
0.754255
1
0.395
0.12
0.45793
0.5
-0.315
0.19
0.471699
0.5
0
0.165
1.27
0
0.4
0.69183
1.33143
0.725885
0.137787
0.439617
0.0234665
-0.139406
-0.160897
-0.402961
-0.238105
-0.868223
0.800033
-1.02632
1.2768
0.413521
0.748798
0.540989
1.00274
0.793939
0.239925
0.603235
0.176686
0.507882
0.145068
0.317179
0.08183
-0.0642288
-0.0446456
-0.254933
-0.107886
-0.350286
-0.139505
-0.540992
-0.202744
-0.793944
0.560077
-0.946243
1.02064
0.378021
2
-0.766022
0.687616
0.328024
1.5
-0.648495
0.53429
0.343984
1.2
0.0111407
0.414278
0.754255
1
0.457623
0.241436
0.45793
0.5
-0.243872
0.110285
0.471699
0.5
0
-0.105
1.25
0
0.4
0.344898
1.50812
0.771959
0.392639
0.539556
0.190014
0.0539781
-0.175586
-0.169263
-0.335665
-0.951918
0.490366
-1.25889
0.888107
0.274949
0.866064
0.311256
1.14795
0.802407
0.511568
0.643312
0.38878
0.563764
0.327386
0.40467
0.204599
0.0864808
-0.0409776
-0.0726135
-0.163768
-0.152162
-0.225163
-0.311258
-0.347953
-0.802413
0.288431
-1.09855
0.672796
0.378021
2
-0.818252
0.418061
0.328024
1.5
-0.656583
0.312211
0.343984
1.2
0.00579238
0.417164
0.754255
1
0.484438
0.401725
0.45793
0.5
-0.134354
0.0458362
0.471699
0.5
0
-0.405
1.14
0
0.4
-0.132086
1.55343
0.709417
0.705156
0.578604
0.425831
0.28195
-0.104928
0.142331
-0.341616
-0.907639
0.0980952
-1.34925
0.338056
0.0633112
0.937597
-0.0173516
1.21023
0.68923
0.826294
0.593248
0.649648
0.545255
0.561325
0.449274
0.38468
0.257308
0.0313888
0.161327
-0.145259
0.113335
-0.233583
0.0173514
-0.41023
-0.689235
-0.0262966
-1.11554
0.205798
0.378021
2
-0.756104
0.085932
0.328024
1.5
-0.56539
0.0543844
0.343984
1.2
-0.00163403
0.418048
0.754255
1
0.442627
0.597305
0.45793
0.5
0.0201404
0.0216113
0.471699
0.5
0
-0.695
0.95
0
0.4
-0.611444
1.38746
0.511845
0.978704
0.512592
0.670139
0.470492
0.0633109
0.445087
-0.210425
-0.692613
-0.260299
-1.19459
-0.231485
-0.171981
0.913501
-0.361248
1.12582
0.441914
1.07972
0.43039
0.878927
0.424627
0.778532
0.413104
0.577742
0.390056
0.176162
0.378535
-0.0246302
0.372773
-0.125027
0.361249
-0.325819
-0.441917
-0.279722
-0.926683
-0.251497
0.378021
2
-0.550293
-0.206679
0.328024
1.5
-0.364252
-0.153892
0.343984
1.2
-0.00917568
0.415635
0.754255
1
0.316409
0.767323
0.45793
0.5
0.179601
0.0661661
0.471699
0.5
0
-0.805
0.69
0
0.4
-0.919454
1.1103
0.276272
1.1218
0.38531
0.833018
0.558933
0.249807
0.631244
-0.0155269
-0.416953
-0.461695
-0.897282
-0.610951
-0.34139
0.820625
-0.593225
0.953054
0.175298
1.19187
0.235003
0.999734
0.264854
0.903667
0.324558
0.711537
0.443965
0.327276
0.503671
0.135145
0.533523
0.0390778
0.593227
-0.153055
-0.175301
-0.391869
-0.639301
-0.535632
0.378021
2
-0.302465
-0.361499
0.328024
1.5
-0.146729
-0.246733
0.343984
1.2
-0.0140847
0.411424
0.754255
1
0.167419
0.855172
0.45793
0.5
0.285447
0.150349
0.471699
0.5
0
-0.915
0.33
0
0.4
-1.13355
0.657579
-0.0531333
1.17142
0.167408
0.95523
0.570525
0.498997
0.747863
0.288621
-0.015652
-0.557621
-0.388766
-0.895311
-0.486934
0.638036
-0.771256
0.652206
-0.174277
1.19251
-0.0392002
1.04326
0.0283369
0.96864
0.163413
0.819395
0.433564
0.520907
0.568643
0.371663
0.636181
0.29704
0.771258
0.147794
0.174277
-0.392511
-0.18633
-0.718338
0.378021
2
0.0460753
-0.418484
0.328024
1.5
0.139105
-0.248755
0.343984
1.2
-0.0175931
0.404439
0.754255
1
-0.0396786
0.883603
0.45793
0.5
0.364178
0.293589
0.471699
0.5
0
-0.905
0.09
0
0.4
-1.16133
0.342822
-0.258956
1.12881
0.0117215
0.979946
0.522926
0.649028
0.750419
0.494134
0.242844
-0.526698
-0.025627
-0.95249
-0.533178
0.498153
-0.810884
0.435225
-0.381334
1.11649
-0.211016
1.0091
-0.125858
0.955408
0.0444586
0.848019
0.385091
0.633245
0.555409
0.525859
0.640568
0.472164
0.810886
0.364776
0.381334
-0.316492
0.121716
-0.727488
0.378021
2
0.264832
-0.376041
0.328024
1.5
0.308734
-0.187484
0.343984
1.2
-0.0181432
0.399538
0.754255
1
-0.168474
0.855171
0.45793
0.5
0.379476
0.39558
0.471699
0.5
0
-0.822027
-0.169449
0
0.4
-1.08636
-0.0155629
-0.472881
1.01238
-0.169233
0.955036
0.419724
0.799408
0.684191
0.722898
0.519112
-0.405537
0.396292
-0.893865
-0.537452
0.327488
-0.781912
0.181286
-0.585403
0.962607
-0.390071
0.91348
-0.292406
0.888915
-0.0970754
0.839786
0.293584
0.741532
0.488916
0.692407
0.586582
0.667844
0.781914
0.618716
0.585403
-0.162608
0.466399
-0.634114
0.378021
2
0.493159
-0.255459
0.328024
1.5
0.476254
-0.0625323
0.343984
1.2
-0.0171061
0.393918
0.754255
1
-0.301748
0.780358
0.45793
0.5
0.362165
0.513824
0.471699
0.5
0
-0.662963
-0.348652
0
0.4
-0.928754
-0.300804
-0.624379
0.857327
-0.316645
0.886468
0.292559
0.900312
0.567956
0.900161
0.722403
-0.230135
0.739859
-0.733525
-0.496405
0.181189
-0.690779
-0.0271483
-0.718709
0.778272
-0.517353
0.785255
-0.416676
0.788745
-0.215319
0.795726
0.18739
0.809691
0.388746
0.816677
0.489424
0.820168
0.690781
0.82715
0.71871
0.0217277
0.735165
-0.464436
0.378021
2
0.65582
-0.0931027
0.328024
1.5
0.586044
0.0876212
0.343984
1.2
-0.0147523
0.389408
0.754255
1
-0.395533
0.681824
0.45793
0.5
0.316481
0.609878
0.471699
0.5
0
-0.439791
-0.4981
0
0.4
-0.666358
-0.554239
-0.735537
0.641618
-0.451852
0.764647
0.12332
0.966497
0.385318
1.05165
0.882296
0.024371
1.05481
-0.449036
-0.404399
0.0381278
-0.524758
-0.220239
-0.800776
0.537208
-0.611414
0.606213
-0.516733
0.640714
-0.32737
0.709718
0.0513526
0.847726
0.240714
0.916734
0.335396
0.951237
0.524759
1.02024
0.800777
0.262793
0.967001
-0.194539
0.378021
2
0.776523
0.134091
0.328024
1.5
0.65418
0.28438
0.343984
1.2
-0.0107516
0.385356
0.754255
1
-0.463507
0.545561
0.45793
0.5
0.236026
0.697651
0.471699
0.5
0
-0.137086
-0.590559
0
0.4
-0.270257
-0.73259
-0.773245
0.355127
-0.554318
0.573685
-0.0929858
0.972519
0.119648
1.14787
0.958998
0.373964
1.2932
-0.00340632
-0.243688
-0.0851455
-0.260956
-0.369773
-0.795675
0.234015
-0.644728
0.367696
-0.569254
0.434535
-0.418305
0.568213
-0.116412
0.835572
0.0345338
0.969256
0.110008
1.0361
0.260956
1.16978
0.795676
0.565985
1.11813
0.201272
0.378021
2
0.820304
0.437296
0.328024
1.5
0.651307
0.532312
0.343984
1.2
-0.00463659
0.382426
0.754255
1
-0.484813
0.365489
0.45793
0.5
0.110523
0.763615
0.471699
0.5
0
0.138298
-0.590391
0
0.4
0.119885
-0.758692
-0.715113
0.101605
-0.580806
0.380422
-0.277352
0.90969
-0.134679
1.14563
0.913949
0.69296
1.3544
0.447368
-0.0694111
-0.138684
0.00853148
-0.413101
-0.696186
-0.0201561
-0.59795
0.156024
-0.548831
0.244113
-0.450593
0.420292
-0.254121
0.77265
-0.155888
0.948834
-0.10677
1.03693
-0.00853362
1.21311
0.696186
0.820157
1.12136
0.582623
0.378021
2
0.762047
0.706824
0.328024
1.5
0.571047
0.740565
0.343984
1.2
0.00144178
0.381875
0.754255
1
-0.446254
0.206891
0.45793
0.5
-0.0160613
0.779862
0.471699
0.5
0
0.433428
-0.501188
0
0.4
0.489556
-0.657603
-0.579883
-0.114505
-0.543285
0.192947
-0.427912
0.792315
-0.369481
1.06191
0.769815
0.973902
1.26635
0.884456
0.109167
-0.132309
0.272001
-0.366701
-0.522449
-0.223588
-0.486672
-0.0249752
-0.468781
0.074331
-0.433001
0.272944
-0.361445
0.670168
-0.325672
0.868785
-0.307783
0.968093
-0.272005
1.16671
0.522449
1.02359
1.00191
0.936809
0.378021
2
0.621563
0.937715
0.328024
1.5
0.42986
0.907649
0.343984
1.2
0.0072478
0.383315
0.754255
1
-0.359626
0.0724019
0.45793
0.5
-0.1385
0.754265
0.471699
0.5
0
0.709253
-0.304954
0
0.4
0.860315
-0.387008
-0.33647
-0.298826
-0.421442
-0.000934333
-0.54646
0.596802
-0.59666
0.868188
0.488821
1.22701
0.981635
1.33623
0.306352
-0.0491193
0.547169
-0.202554
-0.241329
-0.377319
-0.285022
-0.180194
-0.306866
-0.0816317
-0.350556
0.115494
-0.437938
0.509741
-0.481636
0.706868
-0.503483
0.805433
-0.547175
1.00256
0.241328
1.17732
0.717352
1.28242
0.378021
2
0.365972
1.13635
0.328024
1.5
0.200656
1.03455
0.343984
1.2
0.0131335
0.387401
0.754255
1
-0.205378
-0.0412522
0.45793
0.5
-0.264657
0.673468
0.471699
0.5
0
0.895
0
0
0.4
1.10519
0.0267989
-0.0259529
-0.375517
-0.223971
-0.137119
-0.579668
0.359597
-0.735156
0.587765
0.113682
1.35435
0.520723
1.65324
0.461709
0.112519
0.744083
0.0692595
0.0928206
-0.408971
-0.0267382
-0.246155
-0.0865158
-0.164746
-0.206072
-0.00192904
-0.445186
0.323701
-0.56475
0.486516
-0.624532
0.567926
-0.74409
0.730743
-0.0928226
1.20897
0.300518
1.49731
0.378021
2
0.0378154
1.22177
0.328024
1.5
-0.0724318
1.06187
0.343984
1.2
0.0171079
0.393767
0.754255
1
-0.00991048
-0.0868207
0.45793
0.5
-0.352646
0.543517
0.471699
0.5
0
0.885
0.41
0
0.4
1.15477
0.568249
0.328452
-0.30335
0.0437825
-0.18053
-0.498614
0.101166
-0.740719
0.234146
-0.331294
1.3026
-0.103814
1.75368
0.542074
0.352957
0.8135
0.4424
0.449538
-0.279335
0.269103
-0.188345
0.178886
-0.142848
-0.00154721
-0.051856
-0.362413
0.130125
-0.542852
0.221112
-0.633073
0.266608
-0.813508
0.357599
-0.449541
1.07934
-0.229492
1.51479
0.378021
2
-0.338845
1.14998
0.328024
1.5
-0.364663
0.957398
0.343984
1.2
0.0180822
0.402198
0.754255
1
0.211872
-0.0386261
0.45793
0.5
-0.379545
0.368105
0.471699
0.5
0
0.875
0.78
0
0.4
0.969176
1.05085
0.600301
-0.092649
0.290383
-0.104857
-0.320727
-0.0851009
-0.596633
-0.0697482
-0.688973
1.07119
-0.678671
1.57649
0.509412
0.591818
0.715651
0.789815
0.699172
-0.0186538
0.497054
-0.0145346
0.395995
-0.0124734
0.193877
-0.00835213
-0.210356
-0.000112683
-0.412476
0.004002
-0.513538
0.00606018
-0.715657
0.0101807
-0.699176
0.818656
-0.688824
1.30664
0.378021
2
-0.62983
0.93023
0.328024
1.5
-0.569899
0.745316
0.343984
1.2
0.0153647
0.409797
0.754255
1
0.380715
0.095815
0.45793
0.5
-0.328658
0.2072
0.471699
0.5
0
0.73367
1.07951
0
0.4
0.659468
1.36384
0.740332
0.16461
0.456869
0.0384494
-0.118313
-0.169592
-0.380381
-0.257541
-0.888875
0.76845
-1.0665
1.2418
0.402299
0.766966
0.520589
1.02736
0.804792
0.269998
0.615452
0.198946
0.520781
0.163422
0.33144
0.0923725
-0.0472382
-0.0497284
-0.23658
-0.120785
-0.331252
-0.156313
-0.520594
-0.227363
-0.804797
0.530002
-0.975962
0.987287
0.378021
2
-0.781694
0.659372
0.328024
1.5
-0.657498
0.509746
0.343984
1.2
0.0106478
0.414796
0.754255
1
0.466465
0.258386
0.45793
0.5
-0.233972
0.0990851
0.471699
0.5
0
0.435
1.27
0
0.4
0.217674
1.54794
0.772945
0.481308
0.563775
0.251952
0.120102
-0.169491
-0.0847914
-0.355243
-0.962469
0.381039
-1.31518
0.74359
0.221464
0.897731
0.225399
1.18384
0.789739
0.603758
0.644718
0.462672
0.572208
0.39213
0.427187
0.251047
0.137149
-0.0311214
-0.00786928
-0.172212
-0.08038
-0.242758
-0.225401
-0.383843
-0.789743
0.196241
-1.13009
0.546659
0.378021
2
-0.820475
0.324076
0.328024
1.5
-0.646618
0.236776
0.343984
1.2
0.00382194
0.417833
0.754255
1
0.484326
0.457371
0.45793
0.5
-0.0936971
0.0303413
0.471699
0.5
0
0.155
1.36
0
0.4
-0.183205
1.55438
0.700232
0.737902
0.58085
0.451239
0.305634
-0.0955637
0.175534
-0.339728
-0.899749
0.0567157
-1.35441
0.278797
0.040213
0.943494
-0.0528212
1.21419
0.67464
0.858866
0.585809
0.676999
0.541392
0.586067
0.452559
0.404203
0.274897
0.0404743
0.186069
-0.141396
0.141654
-0.232332
0.0528206
-0.414198
-0.674644
-0.0588686
-1.11356
0.155971
0.378021
2
-0.746802
0.0510962
0.328024
1.5
-0.553599
0.0276888
0.343984
1.2
-0.00243124
0.418081
0.754255
1
0.436593
0.617776
0.45793
0.5
0.0367746
0.0202869
0.471699
0.5
0
-0.225
1.35
0
0.4
-0.643567
1.37631
0.498589
0.997031
0.508156
0.686512
0.483122
0.0745969
0.465377
-0.201618
-0.678181
-0.284311
-1.18419
-0.269655
-0.187752
0.911874
-0.384297
1.12014
0.425324
1.0967
0.419463
0.894288
0.416531
0.793086
0.410668
0.590681
0.398946
0.185874
0.39309
-0.0165343
0.39016
-0.11774
0.384298
-0.320146
-0.425326
-0.296699
-0.913999
-0.28214
0.378021
2
-0.536484
-0.226283
0.328024
1.5
-0.350759
-0.167845
0.343984
1.2
-0.00968093
0.415473
0.754255
1
0.307939
0.778712
0.45793
0.5
0.190287
0.0691621
0.471699
0.5
0
-0.615644
1.18802
0
0.4
-1.02369
0.966286
0.164563
1.1606
0.317246
0.889878
0.579233
0.336006
0.691782
0.0829972
-0.283176
-0.521345
-0.738383
-0.743348
-0.404088
0.766404
-0.674976
0.859687
0.0533557
1.2149
0.142159
1.03281
0.18656
0.941769
0.275361
0.759685
0.452964
0.395522
0.541772
0.213439
0.586177
0.122396
0.674978
-0.0596883
-0.0533568
-0.414898
-0.493154
-0.628935
0.378021
2
-0.18456
-0.404121
0.328024
1.5
-0.047119
-0.266085
0.343984
1.2
-0.0157645
0.409216
0.754255
1
0.0970065
0.878601
0.45793
0.5
0.322262
0.195198
0.471699
0.5
0
-0.931036
0.764929
0
0.4
-1.16059
0.245584
-0.320756
1.10971
-0.0366973
0.982948
0.503941
0.69359
0.745172
0.557168
0.321124
-0.509632
0.087297
-0.959339
-0.543237
0.453942
-0.816654
0.36759
-0.442533
1.08712
-0.262648
0.993594
-0.172706
0.946826
0.00717683
0.853293
0.366941
0.666234
0.546828
0.572707
0.636773
0.525942
0.816656
0.43241
0.442533
-0.287125
0.216353
-0.721244
0.378021
2
0.3306
-0.356617
0.328024
1.5
0.3589
-0.163734
0.343984
1.2
-0.0181676
0.39802
0.754255
1
-0.207094
0.842677
0.45793
0.5
0.381165
0.427273
0.471699
0.5
0
-0.999611
0.372104
0
0.4
-0.981795
-0.238726
-0.595001
0.903011
-0.283915
0.91072
0.328851
0.881948
0.605412
0.862507
0.681335
-0.283419
0.663602
-0.79017
-0.513844
0.215031
-0.72364
0.0194217
-0.695272
0.830228
-0.492569
0.823136
-0.391217
0.819587
-0.188514
0.812491
0.216885
0.798306
0.419588
0.791218
0.520941
0.787674
0.723643
0.780579
0.695271
-0.0302274
0.677739
-0.519611
0.378021
2
0.624069
-0.141142
0.328024
1.5
0.566656
0.0452394
0.343984
1.2
-0.0155569
0.390397
0.754255
1
-0.377473
0.710729
0.45793
0.5
0.332527
0.588601
0.471699
0.5
0
-0.924017
0.0176482
0
0.4
-0.652017
-0.573597
-0.745122
0.628775
-0.461984
0.758181
0.113015
0.972648
0.375069
1.0635
0.895476
0.0392135
1.07841
-0.433921
-0.39996
0.0278086
-0.516041
-0.234623
-0.808744
0.522395
-0.619488
0.595572
-0.524859
0.632158
-0.335602
0.705331
0.0429037
0.85168
0.232158
0.92486
0.326787
0.961452
0.516043
1.03463
0.808744
0.277605
0.985036
-0.179475
0.378021
2
0.786855
0.147578
0.328024
1.5
0.660757
0.296457
0.343984
1.2
-0.0105349
0.385049
0.754255
1
-0.469414
0.537423
0.45793
0.5
0.231738
0.70424
0.471699
0.5
0
-0.690696
-0.323145
0
0.4
-0.138066
-0.764163
-0.768029
0.264871
-0.574607
0.50899
-0.159814
0.961682
0.0323588
1.16186
0.962061
0.485899
1.34031
0.147529
-0.187067
-0.113602
-0.171114
-0.400255
-0.776325
0.141136
-0.640977
0.29244
-0.5733
0.368091
-0.437949
0.519392
-0.167255
0.821994
-0.0319098
0.973303
0.0357641
1.04896
0.171114
1.20026
0.776325
0.658864
1.14135
0.331778
0.378021
2
0.815974
0.533044
0.328024
1.5
0.635883
0.608338
0.343984
1.2
-0.00258557
0.381885
0.754255
1
-0.480796
0.3089
0.45793
0.5
0.0680835
0.776524
0.471699
0.5
0
-0.457069
-0.489431
0
0.4
0.257958
-0.744034
-0.679321
0.0164599
-0.578291
0.311199
-0.338017
0.876471
-0.223514
1.12935
0.87874
0.801806
1.34832
0.608791
-0.00517986
-0.146787
0.105448
-0.411828
-0.645888
-0.103009
-0.568682
0.0848268
-0.530076
0.178744
-0.452868
0.366577
-0.298458
0.742241
-0.221258
0.93008
-0.182656
1.024
-0.105449
1.21183
0.645887
0.903009
1.09923
0.716227
0.378021
2
0.725236
0.79756
0.328024
1.5
0.530274
0.808525
0.343984
1.2
0.00360165
0.382052
0.754255
1
-0.423094
0.153761
0.45793
0.5
-0.0613337
0.777825
0.471699
0.5
0
-0.172737
-0.584968
0
0.4
0.67804
-0.557684
-0.48012
-0.215425
-0.500082
0.0956839
-0.4954
0.710229
-0.486825
0.987846
0.657319
1.10895
1.1653
1.11115
0.205389
-0.107103
0.409461
-0.30942
-0.403314
-0.312937
-0.404192
-0.109741
-0.404629
-0.0081431
-0.405504
0.195051
-0.407261
0.601435
-0.408146
0.804633
-0.408589
0.906233
-0.409464
1.10943
0.403313
1.11294
0.893901
1.11465
0.378021
2
0.517146
1.04603
0.328024
1.5
0.332829
0.981216
0.343984
1.2
0.0102258
0.384805
0.754255
1
-0.296197
0.00990039
0.45793
0.5
-0.201887
0.725453
0.471699
0.5
0
0.180328
-0.583607
0
0.4
0.986247
-0.237208
-0.216917
-0.350344
-0.351249
-0.0687931
-0.575625
0.503782
-0.670985
0.764845
0.346702
1.30317
0.817734
1.49427
0.379516
0.00540945
0.644372
-0.106564
-0.109282
-0.412333
-0.185724
-0.223918
-0.223943
-0.129709
-0.300382
0.0587064
-0.453264
0.43553
-0.529713
0.623945
-0.567938
0.718155
-0.644378
0.906571
0.10928
1.21234
0.564337
1.39651
0.378021
2
0.23992
1.19255
0.328024
1.5
0.0928348
1.06375
0.343984
1.2
0.0151539
0.389692
0.754255
1
-0.12994
-0.0725923
0.45793
0.5
-0.308656
0.627164
0.471699
0.5
0
0.472666
-0.481242
0
0.4
1.14689
0.14273
0.0558854
-0.379868
-0.167718
-0.161885
-0.576604
0.298302
-0.756512
0.510526
0.0131409
1.36833
0.389463
1.71082
0.493023
0.160678
0.780553
0.147147
0.178439
-0.40085
0.041439
-0.250321
-0.0270594
-0.175053
-0.164057
-0.0245217
-0.438052
0.276533
-0.575058
0.42706
-0.643562
0.502325
-0.78056
0.652857
-0.178442
1.20086
0.185269
1.53132
0.378021
2
-0.0488838
1.22747
0.328024
1.5
-0.142475
1.0556
0.343984
1.2
0.0178013
0.395561
0.754255
1
0.0414752
-0.088875
0.45793
0.5
-0.36853
0.506575
0.471699
0.5
0
0.749974
-0.261468
0
0.4
1.1555
0.618407
0.360544
-0.294208
0.0687199
-0.182632
-0.489332
0.0779656
-0.738734
0.201577
-0.371863
1.2947
-0.161976
1.7585
0.547767
0.375644
0.817249
0.477217
0.481438
-0.264891
0.29591
-0.180937
0.203147
-0.138958
0.0176203
-0.0550012
-0.35343
0.112903
-0.538963
0.196852
-0.631731
0.238828
-0.817257
0.322784
-0.481443
1.0649
-0.278371
1.51265
0.378021
2
-0.372988
1.14072
0.328024
1.5
-0.390811
0.945725
0.343984
1.2
0.0181119
0.40298
0.754255
1
0.231932
-0.0326233
0.45793
0.5
-0.380778
0.351779
0.471699
0.5
0
0.930273
0.0331318
0
0.4
0.966162
1.0714
0.612822
-0.0867927
0.300719
-0.104071
-0.3154
-0.0939751
-0.593673
-0.082936
-0.705042
1.06528
-0.702771
1.57462
0.510241
0.60147
0.714885
0.8043
0.711264
-0.0106419
0.507528
-0.00973642
0.405659
-0.00928113
0.201922
-0.00837186
-0.205545
-0.00656071
-0.409285
-0.00566188
-0.511157
-0.00521174
-0.714892
-0.00430265
-0.711271
0.810646
-0.708669
1.30254
0.378021
2
-0.643182
0.924189
0.328024
1.5
-0.579823
0.738817
0.343984
1.2
0.015325
0.410119
0.754255
1
0.388521
0.0995946
0.45793
0.5
-0.328083
0.200443
0.471699
0.5
0
0.114247
1.39345
0
0.4
0.597519
1.3948
0.814844
0.0474667
0.536235
-0.0641557
-0.0172639
-0.296688
-0.305161
-0.412031
-0.90334
0.713257
-1.10734
1.17235
0.37749
0.787636
0.479525
1.05287
0.805925
0.318329
0.62229
0.236728
0.530471
0.195928
0.346836
0.114329
-0.0204357
-0.0488719
-0.204072
-0.130475
-0.295891
-0.171276
-0.479529
-0.252876
-0.805931
0.481672
-1.015
0.94
0.378021
2
-0.675
0.57
0.328024
1.5
-0.475
0.41
0.343984
1.2
0.00969252
0.415302
0.754255
1
0.565
0.19
0.45793
0.5
-0.255
-0.08
0.471699
0.5
0
-0.345
1.22
0
0.4
-0.0370225
1.56043
0.970758
0.454608
0.811794
0.221136
0.468644
-0.262075
0.281471
-0.525642
-0.929395
0.17356
-1.34985
0.448948
0.107203
0.930619
0.0491726
1.20896
0.721912
0.768337
0.611758
0.600152
0.556679
0.516059
0.446525
0.347875
0.226215
0.0115047
0.116061
-0.156683
0.0609826
-0.240777
-0.0491739
-0.408964
-0.721918
0.03166
-1.115
0.33
0.378021
2
-0.675
0.06
0.328024
1.5
-0.435
0.16
0.343984
1.2
-0.000147848
0.418122
0.754255
1
0.645
0.5
0.45793
0.5
0.145
-0.16
0.471699
0.5
0
-0.655
1
0
0.4
-0.57445
1.40962
1.01422
0.889752
0.966962
0.593345
0.913003
-0.012013
0.861079
-0.29957
-0.716747
-0.234225
-1.21738
-0.186795
-0.152825
0.919604
-0.334108
1.13883
0.466902
1.06294
0.447932
0.862689
0.438446
0.762561
0.419475
0.562311
0.381533
0.161806
0.362565
-0.0384482
0.35308
-0.138576
0.334108
-0.33883
-0.466906
-0.262946
-0.955
-0.18
0.378021
2
-0.495
-0.13
0.328024
1.5
-0.315
-0.03
0.343984
1.2
-0.00859008
0.415968
0.754255
1
0.655
0.75
0.45793
0.5
0.515
-0.09
0.471699
0.5
0
-0.855
0.63
0
0.4
-1.00873
0.977124
0.717922
1.41706
0.839716
1.15201
1.10876
0.578861
1.22703
0.300114
-0.29445
-0.511124
-0.749777
-0.725133
-0.396144
0.769724
-0.66388
0.866251
0.0646449
1.20867
0.15025
1.02654
0.193053
0.93547
0.278657
0.75334
0.449866
0.389078
0.535473
0.206947
0.578277
0.11588
0.663882
-0.0662527
-0.064646
-0.408672
-0.585
-0.62
0.378021
2
-0.145
-0.38
0.328024
1.5
-0.065
-0.2
0.343984
1.2
-0.0155272
0.40938
0.754255
1
0.405
1.11
0.45793
0.5
0.815
0.3
0.471699
0.5
0
-0.991573
0.270448
0
0.4
-1.15528
0.529999
0.321503
1.71673
0.548138
1.51636
1.02724
1.08668
1.23956
0.902677
0.0908975
-0.553534
-0.242402
-0.930643
-0.510433
0.582455
-0.794598
0.56493
-0.261318
1.16831
-0.110473
1.03499
-0.0350496
0.968329
0.115794
0.835009
0.417483
0.56837
0.568331
0.435051
0.643754
0.36839
0.7946
0.235069
0.261319
-0.368313
-0.095
-0.78
0.378021
2
0.155
-0.43
0.328024
1.5
0.265
-0.24
0.343984
1.2
-0.0179796
0.402457
0.754255
1
0.195021
1.34264
0.45793
0.5
0.888032
0.743577
0.471699
0.5
0
-0.93392
0.0425186
0
0.4
-1.15164
0.239095
-0.0154452
1.75562
0.253897
1.61776
0.824799
1.3204
1.0762
1.19484
0.162685
-0.859313
-0.0316046
-1.32014
-0.539868
0.450039
-0.810847
0.362499
-0.443969
1.07954
-0.26471
0.987816
-0.175079
0.941957
0.00417897
0.850236
0.362696
0.666798
0.541958
0.575081
0.631588
0.529221
0.810849
0.437501
0.443971
-0.279538
0.015
-1.16
0.378021
2
0.275
-0.59
0.328024
1.5
0.325
-0.23
0.343984
1.2
-0.0180306
0.397916
0.754255
1
-0.0451054
1.36176
0.45793
0.5
0.77511
0.953399
0.471699
0.5
0
-0.808377
-0.188665
0
0.4
-1.05473
-0.0904437
-0.41089
1.69239
-0.112931
1.6392
0.52013
1.52153
0.797332
1.47488
0.462737
-1.13215
0.409397
-1.62945
-0.531103
0.290122
-0.764764
0.127194
-0.623298
0.920372
-0.425004
0.885006
-0.325855
0.867322
-0.127561
0.831954
0.269027
0.761221
0.467322
0.725857
0.566471
0.708174
0.764767
0.672806
0.6233
-0.120374
0.435
-1.33
0.378021
2
0.495
-0.66
0.328024
1.5
0.505
-0.26
0.343984
1.2
-0.0166405
0.392738
0.754255
1
-0.324177
1.30692
0.45793
0.5
0.57983
1.15592
0.471699
0.5
0
-0.700708
-0.313448
0
0.4
-0.95176
-0.269324
-0.633009
1.59981
-0.330245
1.60011
0.313845
1.59617
0.595017
1.59923
0.743912
-1.50214
0.746925
-2.00228
-0.503483
0.197932
-0.704737
-0.00378603
-0.705667
0.802158
-0.50418
0.802391
-0.403436
0.802508
-0.20195
0.802738
0.20102
0.803203
0.402507
0.803438
0.503251
0.803555
0.704739
0.803787
0.705669
-0.00215977
0.785
-1.74
0.378021
2
0.725
-1.04
0.363456
1.5
0.715
-0.34
0.381182
1.2
-0.0150999
0.389908
0.754255
1
-0.479493
1.23561
0.45793
0.5
0.437256
1.24675
0.471699
0.5
0
