48
10
9
11
6
0
-1
0
0.4
-0.948171
-0.26079
-0.6
1.6
-0.3
1.4
0.3
1.6
0.595
1.43
0.705
-1.49999
1.205
-1.5
-0.5
0.2
-0.7
0
-0.7
0.8
-0.5
0.8
-0.4
0.8
-0.2
0.8
0.2
0.8
0.4
0.8
0.5
0.8
0.7
0.8
0.7
0
0.925
-1.47
0.378021
2
0.715
-0.91
0.328024
1.5
0.7
-0.3
0.343984
1.2
-0.015
0.39
0.754255
1
-0.475
1.23
0.45793
0.5
0.435
1.24
0.471699
0.5
0
0
-1
0
0.4
-0.948171
-0.26079
-0.6
1.6
-0.3
1.4
0.3
1.6
0.595
1.42
0.915
-1.36
1.39036
-1.51501
-0.5
0.2
-0.7
0
-0.7
0.8
-0.5
0.8
-0.4
0.8
-0.2
0.8
0.2
0.8
0.4
0.8
0.5
0.8
0.7
0.8
0.7
0
1.155
-1.43
0.378021
2
0.865
-0.88
0.328024
1.5
0.7
-0.3
0.343984
1.2
-0.015
0.39
0.754255
1
-0.475
1.23
0.45793
0.5
0.435
1.24
0.471699
0.5
0
0
-1
0
0.4
-0.948171
-0.26079
-0.6
1.6
-0.3
1.4
0.3
1.6
0.595
1.42
0.915
-1.35
1.23882
-1.73097
-0.5
0.2
-0.7
0
-0.7
0.8
-0.5
0.8
-0.4
0.8
-0.2
0.8
0.2
0.8
0.4
0.8
0.5
0.8
0.7
0.8
0.7
0
1.065
-1.53
0.378021
2
0.865
-0.93
0.328024
1.5
0.765
-0.29
0.343984
1.2
-0.015
0.39
0.754255
1
-0.475
1.23
0.45793
0.5
0.435
1.24
0.471699
0.5
0
0
-1
0
0.4
-0.948171
-0.26079
-0.6
1.6
-0.3
1.4
0.3
1.6
0.595
1.41
0.915
-1.35
1.00373
-1.84206
-0.5
0.2
-0.7
0
-0.7
0.8
-0.5
0.8
-0.4
0.8
-0.2
0.8
0.2
0.8
0.4
0.8
0.5
0.8
0.7
0.8
0.7
0
0.955
-1.6
0.378021
2
0.875
-0.93
0.328024
1.5
0.755
-0.3
0.343984
1.2
-0.015
0.39
0.754255
1
-0.475
1.23
0.45793
0.5
0.435
1.24
0.471699
0.5
0
0
-1
0
0.4
-0.948171
-0.26079
-0.6
1.6
-0.3
1.4
0.3
1.6
0.595
1.41
0.885
-1.15
0.961749
-1.64407
-0.5
0.2
-0.7
0
-0.7
0.8
-0.5
0.8
-0.4
0.8
-0.2
0.8
0.2
0.8
0.4
0.8
0.5
0.8
0.7
0.8
0.7
0
0.935
-1.32
0.378021
2
0.845
-0.67
0.328024
1.5
0.725
-0.09
0.343984
1.2
-0.015
0.39
0.754255
1
-0.475
1.23
0.45793
0.5
0.435
1.24
0.471699
0.5
0
0
-1
0
0.4
-0.948171
-0.26079
-0.6
1.6
-0.3
1.4
0.3
1.6
0.595
1.41
0.865
-1.07
0.948238
-1.56302
-0.5
0.2
-0.7
0
-0.7
0.8
-0.5
0.8
-0.4
0.8
-0.2
0.8
0.2
0.8
0.4
0.8
0.5
0.8
0.7
0.8
0.7
0
0.925
-1.26
0.378021
2
0.805
-0.72
0.328024
1.5
0.685
-0.17
0.343984
1.2
-0.015
0.39
0.754255
1
-0.475
1.23
0.45793
0.5
0.435
1.24
0.471699
0.5
0
0
-1
0
0.4
-0.948171
-0.26079
-0.6
1.6
-0.3
1.4
0.3
1.6
0.595
1.41
0.825
-0.97
0.894494
-1.46515
-0.5
0.2
-0.7
0
-0.7
0.8
-0.5
0.8
-0.4
0.8
-0.2
0.8
0.2
0.8
0.4
0.8
0.5
0.8
0.7
0.8
0.7
0
0.875
-1.21
0.378021
2
0.825
-0.7
0.328024
1.5
0.725
-0.14
0.343984
1.2
-0.015
0.39
0.754255
1
-0.475
1.23
0.45793
0.5
0.435
1.24
0.471699
0.5
0
0
-1
0
0.4
-0.948171
-0.26079
-0.6
1.6
-0.3
1.4
0.3
1.6
0.595
1.42
0.805
-0.79
0.87798
-1.28465
-0.5
0.2
-0.7
0
-0.7
0.8
-0.5
0.8
-0.4
0.8
-0.2
0.8
0.2
0.8
0.4
0.8
0.5
0.8
0.7
0.8
0.7
0
0.865
-1.06
0.378021
2
0.805
-0.68
0.328024
1.5
0.705
-0.16
0.343984
1.2
-0.015
0.39
0.754255
1
-0.475
1.23
0.45793
0.5
0.435
1.24
0.471699
0.5
0
0
-1
0
0.4
-0.948171
-0.26079
-0.6
1.6
-0.3
1.4
0.3
1.6
0.595
1.42
0.775
-0.59
0.833421
-1.08658
-0.5
0.2
-0.7
0
-0.7
0.8
-0.5
0.8
-0.4
0.8
-0.2
0.8
0.2
0.8
0.4
0.8
0.5
0.8
0.7
0.8
0.7
0
0.805
-0.84
0.378021
2
0.745
-0.3
0.328024
1.5
0.635
0.07
0.343984
1.2
-0.015
0.39
0.754255
1
-0.475
1.23
0.45793
0.5
0.435
1.24
0.471699
0.5
0
0
-1
0
0.4
-0.948171
-0.26079
-0.6
1.6
-0.3
1.4
0.3
1.6
0.595
1.42
0.895
-0.52
1.09233
-1.02282
-0.5
0.2
-0.7
0
-0.7
0.8
-0.5
0.8
-0.4
0.8
-0.2
0.8
0.2
0.8
0.4
0.8
0.5
0.8
0.7
0.8
0.7
0
1.005
-0.72
0.378021
2
0.825
-0.29
0.328024
1.5
0.605
0.09
0.343984
1.2
-0.015
0.39
0.754255
1
-0.475
1.23
0.45793
0.5
0.435
1.24
0.471699
0.5
0
0
-1
0
0.4
-0.948171
-0.26079
-0.6
1.6
-0.3
1.4
0.3
1.6
0.595
1.42
1.005
-0.75
1.18449
-1.21667
-0.5
0.2
-0.7
0
-0.7
0.8
-0.5
0.8
-0.4
0.8
-0.2
0.8
0.2
0.8
0.4
0.8
0.5
0.8
0.7
0.8
0.7
0
1.115
-0.94
0.378021
2
0.905
-0.44
0.328024
1.5
0.685
0.07
0.343984
1.2
-0.015
0.39
0.754255
1
-0.475
1.23
0.45793
0.5
0.435
1.24
0.471699
0.5
0
0
-1
0
0.4
-0.948171
-0.26079
-0.6
1.6
-0.3
1.4
0.3
1.6
0.595
1.42
1.28338
-1.38191
1.48512
-1.8394
-0.5
0.2
-0.7
0
-0.7
0.8
-0.5
0.8
-0.4
0.8
-0.2
0.8
0.2
0.8
0.4
0.8
0.5
0.8
0.7
0.8
0.7
0
1.375
-1.6
0.378021
2
1.085
-0.93
0.366742
1.5
0.785
-0.3
0.349285
1.2
-0.015
0.39
0.754255
1
-0.475
1.23
0.45793
0.5
0.435
1.24
0.471699
0.5
1
1.975
-2.76
1
0.287348
-0.957826
1.4
0.8
1.2
0
0
-1
0
0.4
-0.948171
-0.26079
-0.6
1.6
-0.3
1.4
0.3
1.6
0.595
1.42
1.28338
-1.38191
1.48512
-1.8394
-0.5
0.2
-0.7
0
-0.7
0.8
-0.5
0.8
-0.4
0.8
-0.2
0.8
0.2
0.8
0.4
0.8
0.5
0.8
0.7
0.8
0.7
0
1.345
-1.59
0.378021
2
1.085
-0.91
0.364005
1.5
0.795
-0.28
0.354683
1.2
-0.015
0.39
0.754255
1
-0.475
1.23
0.45793
0.5
0.435
1.24
0.471699
0.5
1
1.975
-2.76
1
0.287348
-0.957826
1.4
0.8
1.2
0
0
-1
0
0.4
-0.948171
-0.26079
-0.6
1.6
-0.3
1.4
0.3
1.6
0.595
1.45
1.28338
-1.38191
1.48512
-1.8394
-0.5
0.2
-0.7
0
-0.7
0.8
-0.5
0.8
-0.4
0.8
-0.2
0.8
0.2
0.8
0.4
0.8
0.5
0.8
0.7
0.8
0.7
0
1.385
-1.62
0.378021
2
1.095
-0.95
0.382753
1.5
0.795
-0.26
0.385389
1.2
-0.015
0.39
0.754255
1
-0.475
1.23
0.45793
0.5
0.435
1.24
0.471699
0.5
1
1.975
-2.76
1
0.287348
-0.957826
1.4
0.8
1.2
0
0
-1
0
0.4
-0.948171
-0.26079
-0.6
1.6
-0.3
1.4
0.3
1.6
0.595
1.42
1.065
-1.06
1.22754
-1.53284
-0.5
0.2
-0.7
0
-0.7
0.8
-0.5
0.8
-0.4
0.8
-0.2
0.8
0.2
0.8
0.4
0.8
0.5
0.8
0.7
0.8
0.7
0
1.155
-1.28
0.378021
2
0.925
-0.67
0.328024
1.5
0.705
-0.14
0.343984
1.2
-0.015
0.39
0.754255
1
-0.475
1.23
0.45793
0.5
0.435
1.24
0.471699
0.5
0
0
-1
0
0.4
-0.948171
-0.26079
-0.6
1.6
-0.3
1.4
0.3
1.6
0.595
1.42
0.905
-0.91
1.00306
-1.40029
-0.5
0.2
-0.7
0
-0.7
0.8
-0.5
0.8
-0.4
0.8
-0.2
0.8
0.2
0.8
0.4
0.8
0.5
0.8
0.7
0.8
0.7
0
0.975
-1.14
0.378021
2
0.855
-0.59
0.328024
1.5
0.675
-0.08
0.343984
1.2
-0.015
0.39
0.754255
1
-0.475
1.23
0.45793
0.5
0.435
1.24
0.471699
0.5
0
0
-1
0
0.4
-0.948171
-0.26079
-0.6
1.6
-0.3
1.4
0.3
1.6
0.595
1.42
0.745
-1.08
0.758693
-1.57981
-0.5
0.2
-0.7
0
-0.7
0.8
-0.5
0.8
-0.4
0.8
-0.2
0.8
0.2
0.8
0.4
0.8
0.5
0.8
0.7
0.8
0.7
0
0.745
-1.36
0.378021
2
0.735
-0.75
0.328024
1.5
0.645
-0.13
0.343984
1.2
-0.015
0.39
0.754255
1
-0.475
1.23
0.45793
0.5
0.435
1.24
0.471699
0.5
0
0
-1
0
0.4
-0.948171
-0.26079
-0.6
1.6
-0.3
1.4
0.3
1.6
0.595
1.42
0.615813
-1.49764
0.597643
-1.99731
-0.5
0.2
-0.7
0
-0.7
0.8
-0.5
0.8
-0.4
0.8
-0.2
0.8
0.2
0.8
0.4
0.8
0.5
0.8
0.7
0.8
0.7
0
0.625
-1.74
0.378021
2
0.645
-1.04
0.374833
1.5
0.695
-0.34
0.3821
1.2
-0.015
0.39
0.754255
1
-0.475
1.23
0.45793
0.5
0.435
1.24
0.471699
0.5
1
0.575
-3.04
1
-0.0499376
-0.998752
1.4
0.8
1.2
0
0
-1
0
0.4
-0.948171
-0.26079
-0.6
1.6
-0.3
1.4
0.3
1.6
0.595
1.42
0.615813
-1.49764
0.597643
-1.99731
-0.5
0.2
-0.7
0
-0.7
0.8
-0.5
0.8
-0.4
0.8
-0.2
0.8
0.2
0.8
0.4
0.8
0.5
0.8
0.7
0.8
0.7
0
0.615
-1.74
0.378021
2
0.665
-1.02
0.361386
1.5
0.705
-0.35
0.372156
1.2
-0.015
0.39
0.754255
1
-0.475
1.23
0.45793
0.5
0.435
1.24
0.471699
0.5
1
0.575
-3.04
1
-0.0499376
-0.998752
1.4
0.8
1.2
0
0
-1
0
0.4
-0.948171
-0.26079
-0.6
1.6
-0.3
1.4
0.3
1.6
0.595
1.4
0.615813
-1.49764
0.597643
-1.99731
-0.5
0.2
-0.7
0
-0.7
0.8
-0.5
0.8
-0.4
0.8
-0.2
0.8
0.2
0.8
0.4
0.8
0.5
0.8
0.7
0.8
0.7
0
0.615
-1.74
0.378021
2
0.645
-1.01
0.360555
1.5
0.705
-0.33
0.343984
1.2
-0.015
0.39
0.754255
1
-0.475
1.23
0.45793
0.5
0.435
1.24
0.471699
0.5
1
0.575
-3.04
1
-0.0499376
-0.998752
1.4
0.8
1.2
0
0
-1
0
0.4
-0.948171
-0.26079
-0.6
1.6
-0.3
1.4
0.3
1.6
0.595
1.42
0.485
-1.09
0.40763
-1.58398
-0.5
0.2
-0.7
0
-0.7
0.8
-0.5
0.8
-0.4
0.8
-0.2
0.8
0.2
0.8
0.4
0.8
0.5
0.8
0.7
0.8
0.7
0
0.435
-1.32
0.378021
2
0.525
-0.76
0.328024
1.5
0.7
-0.3
0.343984
1.2
-0.015
0.39
0.754255
1
-0.475
1.23
0.45793
0.5
0.435
1.24
0.471699
0.5
0
0
-1
0
0.4
-0.948171
-0.26079
-0.6
1.6
-0.3
1.4
0.3
1.6
0.595
1.42
0.345
-0.87
0.175
-1.31
-0.5
0.2
-0.7
0
-0.7
0.8
-0.5
0.8
-0.4
0.8
-0.2
0.8
0.2
0.8
0.4
0.8
0.5
0.8
0.7
0.8
0.7
0
0.265
-1.07
0.378021
2
0.435
-0.69
0.328024
1.5
0.615
-0.22
0.343984
1.2
-0.015
0.39
0.754255
1
-0.475
1.23
0.45793
0.5
0.425
1.16
0.471699
0.5
0
0
-1
0
0.4
-0.948171
-0.26079
-0.6
1.6
-0.3
1.4
0.3
1.6
0.595
1.42
0.085
-1.11
-0.157158
-1.54745
-0.5
0.2
-0.7
0
-0.7
0.8
-0.5
0.8
-0.4
0.8
-0.2
0.8
0.2
0.8
0.4
0.8
0.5
0.8
0.7
0.8
0.7
0
-0.055
-1.34
0.378021
2
0.215
-0.8
0.328024
1.5
0.555
-0.29
0.343984
1.2
-0.015
0.39
0.754255
1
-0.475
1.23
0.45793
0.5
0.435
1.24
0.471699
0.5
0
0
-1
0
0.4
-0.948171
-0.26079
-0.6
1.6
-0.3
1.4
0.3
1.6
0.595
1.4
-0.22746
-1.17891
-0.525241
-1.58056
-0.5
0.2
-0.7
0
-0.7
0.8
-0.5
0.8
-0.4
0.8
-0.2
0.8
0.2
0.8
0.4
0.8
0.5
0.8
0.7
0.8
0.7
0
-0.395
-1.38
0.378021
2
0.065
-0.78
0.372156
1.5
0.535
-0.22
0.35171
1.2
-0.015
0.39
0.754255
1
-0.475
1.23
0.45793
0.5
0.435
1.24
0.471699
0.5
1
-1.125
-2.46
1.04235
-0.287348
-0.957826
1.4
0.8
1.2
0
0
-1
0
0.4
-0.948171
-0.26079
-0.6
1.6
-0.3
1.4
0.3
1.6
0.595
1.42
-0.22746
-1.17891
-0.525241
-1.58056
-0.5
0.2
-0.7
0
-0.7
0.8
-0.5
0.8
-0.4
0.8
-0.2
0.8
0.2
0.8
0.4
0.8
0.5
0.8
0.7
0.8
0.7
0
-0.385
-1.4
0.425793
2
0.045
-0.84
0.364005
1.5
0.495
-0.28
0.393573
1.2
-0.015
0.39
0.754255
1
-0.475
1.23
0.45793
0.5
0.435
1.24
0.471699
0.5
1
-1.125
-2.46
1.04235
-0.287348
-0.957826
1.4
0.8
1.2
0
-0.015
-0.87
-0.015
0.53
-0.988332
-0.104285
-0.615
1.59
-0.315
1.4
0.285
1.61
0.585
1.44
-0.361166
-0.944959
-0.739371
-1.27425
-0.515
0.33
-0.715
0.13
-0.715
0.93
-0.515
0.93
-0.415
0.93
-0.215
0.93
0.185
0.93
0.385
0.93
0.485
0.93
0.685
0.93
0.685
0.13
-0.565
-1.05
0.378021
2
-0.005
-0.6
0.395601
1.5
0.475
-0.12
0.343984
1.2
-0.03
0.52
0.754255
1
-0.49
1.36
0.45793
0.5
0.42
1.37
0.471699
0.5
1
-1.14
-2.33
1.04235
-0.287348
-0.957826
1.4
0.8
1.2
0
-0.015
-0.79
-0.015
0.61
-1.02926
0.0343843
-0.615
1.6
-0.315
1.41
0.285
1.61
0.585
1.46
-0.295
-0.68
-0.671535
-0.980927
-0.515
0.41
-0.715
0.21
-0.715
1.01
-0.515
1.01
-0.415
1.01
-0.215
1.01
0.185
1.01
0.385
1.01
0.485
1.01
0.685
1.01
0.685
0.21
-0.515
-0.85
0.378021
2
0.015
-0.44
0.328024
1.5
0.445
0.02
0.343984
1.2
-0.03
0.6
0.754255
1
-0.49
1.44
0.45793
0.5
0.42
1.45
0.471699
0.5
0
-0.015
-0.71
-0.015
0.69
-1.05308
0.166311
-0.615
1.6
-0.315
1.41
0.285
1.61
0.585
1.47
-0.455
-0.43
-0.875286
-0.700851
-0.515
0.49
-0.715
0.29
-0.715
1.09
-0.515
1.09
-0.415
1.09
-0.215
1.09
0.185
1.09
0.385
1.09
0.485
1.09
0.685
1.09
0.685
0.29
-0.615
-0.53
0.378021
2
-0.135
-0.26
0.328024
1.5
0.425
0.14
0.343984
1.2
-0.03
0.68
0.754255
1
-0.435
1.31
0.375133
0.5
0.375
1.24
0.430116
0.5
0
-0.015
-0.61
-0.015
0.79
-1.05308
0.266311
-0.615
1.59
-0.315
1.4
0.285
1.61
0.585
1.48
-0.565
-0.13
-1.02599
-0.323616
-0.515
0.59
-0.715
0.39
-0.715
1.19
-0.515
1.19
-0.415
1.19
-0.215
1.19
0.185
1.19
0.385
1.19
0.485
1.19
0.685
1.19
0.685
0.39
-0.735
-0.21
0.378021
2
-0.205
0.04
0.328024
1.5
0.425
0.36
0.343984
1.2
-0.03
0.78
0.754255
1
-0.375
1.22
0.45793
0.5
0.375
1.16
0.471699
0.5
0
-0.025
-0.48
-0.025
0.92
-1.06308
0.396311
-0.625
1.6
-0.325
1.46
0.275
1.62
0.575
1.49
-0.625
0.1
-1.09839
-0.0609514
-0.525
0.72
-0.725
0.52
-0.725
1.32
-0.525
1.32
-0.425
1.32
-0.225
1.32
0.175
1.32
0.375
1.32
0.475
1.32
0.675
1.32
0.675
0.52
-0.805
0
0.378021
2
-0.255
0.32
0.328024
1.5
0.445
0.59
0.343984
1.2
-0.04
0.91
0.754255
1
-0.405
1.26
0.45793
0.5
0.375
1.2
0.471699
0.5
0
-0.025
-0.48
-0.025
0.92
-1.08487
0.510274
-0.625
1.6
-0.325
1.46
0.275
1.62
0.575
1.49
-0.645
0.35
-1.13844
0.269256
-0.525
0.72
-0.725
0.52
-0.725
1.32
-0.525
1.32
-0.425
1.32
-0.225
1.32
0.175
1.32
0.375
1.32
0.475
1.32
0.675
1.32
0.675
0.52
-0.835
0.26
0.378021
2
-0.355
0.41
0.328024
1.5
0.415
0.58
0.343984
1.2
-0.04
0.91
0.754255
1
-0.395
1.28
0.45793
0.5
0.325
1.24
0.471699
0.5
0
-0.025
-0.48
-0.025
0.92
-1.08487
0.510274
-0.625
1.6
-0.325
1.46
0.275
1.62
0.575
1.49
-0.655
0.52
-1.155
0.52
-0.525
0.72
-0.725
0.52
-0.725
1.32
-0.525
1.32
-0.425
1.32
-0.225
1.32
0.175
1.32
0.375
1.32
0.475
1.32
0.675
1.32
0.675
0.52
-0.825
0.54
0.378021
2
-0.385
0.58
0.328024
1.5
0.435
0.58
0.343984
1.2
-0.04
0.91
0.754255
1
-0.365
1.27
0.45793
0.5
0.345
1.23
0.471699
0.5
0
-0.025
-0.48
-0.025
0.92
-1.08487
0.510274
-0.625
1.6
-0.325
1.46
0.275
1.62
0.575
1.49
-0.515
0.52
-1.015
0.52
-0.525
0.72
-0.725
0.52
-0.725
1.32
-0.525
1.32
-0.425
1.32
-0.225
1.32
0.175
1.32
0.375
1.32
0.475
1.32
0.675
1.32
0.675
0.52
-0.785
0.55
0.378021
2
-0.265
0.53
0.328024
1.5
0.445
0.62
0.343984
1.2
-0.04
0.91
0.754255
1
-0.415
1.26
0.45793
0.5
0.325
1.23
0.471699
0.5
0
-0.025
-0.48
-0.025
0.92
-1.08487
0.510274
-0.625
1.6
-0.325
1.46
0.275
1.62
0.575
1.49
-0.385
0.52
-0.885
0.52
-0.525
0.72
-0.725
0.52
-0.725
1.32
-0.525
1.32
-0.425
1.32
-0.225
1.32
0.175
1.32
0.375
1.32
0.475
1.32
0.675
1.32
0.675
0.52
-0.755
0.53
0.378021
2
-0.225
0.52
0.328024
1.5
0.455
0.56
0.343984
1.2
-0.04
0.91
0.754255
1
-0.395
1.22
0.45793
0.5
0.345
1.17
0.471699
0.5
0
-0.025
-0.48
-0.025
0.92
-1.08487
0.510274
-0.625
1.6
-0.325
1.46
0.275
1.62
0.575
1.49
-0.135
0.52
-0.635
0.52
-0.525
0.72
-0.725
0.52
-0.725
1.32
-0.525
1.32
-0.425
1.32
-0.225
1.32
0.175
1.32
0.375
1.32
0.475
1.32
0.675
1.32
0.675
0.52
-0.345
0.55
0.378021
2
0.355
0.56
0.328024
1.5
0.205
0.57
0.343984
1.2
-0.04
0.91
0.754255
1
-0.425
1.28
0.45793
0.5
0.325
1.23
0.471699
0.5
0
-0.025
-0.48
-0.025
0.92
-1.08487
0.510274
-0.625
1.6
-0.325
1.46
0.275
1.62
0.575
1.49
0.045
0.52
-0.455
0.52
-0.525
0.72
-0.725
0.52
-0.725
1.32
-0.525
1.32
-0.425
1.32
-0.225
1.32
0.175
1.32
0.375
1.32
0.475
1.32
0.675
1.32
0.675
0.52
-0.215
0.59
0.378021
2
0.315
0.53
0.328024
1.5
0.495
0.59
0.343984
1.2
-0.04
0.91
0.754255
1
-0.395
1.25
0.45793
0.5
0.365
1.24
0.471699
0.5
0
-0.025
-0.48
-0.025
0.92
-1.08487
0.510274
-0.625
1.6
-0.325
1.46
0.275
1.62
0.575
1.49
0.285
0.52
-0.215
0.52
-0.525
0.72
-0.725
0.52
-0.725
1.32
-0.525
1.32
-0.425
1.32
-0.225
1.32
0.175
1.32
0.375
1.32
0.475
1.32
0.675
1.32
0.675
0.52
-0.215
0.51
0.378021
2
0.235
0.6
0.328024
1.5
0.485
0.56
0.343984
1.2
-0.04
0.91
0.754255
1
-0.435
1.31
0.45793
0.5
0.375
1.24
0.471699
0.5
0
-0.025
-0.48
-0.025
0.92
-1.08487
0.510274
-0.625
1.6
-0.325
1.46
0.275
1.62
0.575
1.49
0.515
0.52
0.015
0.52
-0.525
0.72
-0.725
0.52
-0.725
1.32
-0.525
1.32
-0.425
1.32
-0.225
1.32
0.175
1.32
0.375
1.32
0.475
1.32
0.675
1.32
0.675
0.52
-0.115
0.79
0.378021
2
0.175
0.77
0.328024
1.5
0.425
0.62
0.343984
1.2
-0.04
0.91
0.754255
1
-0.405
1.29
0.45793
0.5
0.305
1.18
0.471699
0.5
0
-0.025
-0.48
-0.025
0.92
-1.08487
0.510274
-0.625
1.6
-0.325
1.46
0.275
1.62
0.575
1.49
0.675
0.33
0.675
-0.17
-0.525
0.72
-0.725
0.52
-0.725
1.32
-0.525
1.32
-0.425
1.32
-0.225
1.32
0.175
1.32
0.375
1.32
0.475
1.32
0.675
1.32
0.675
0.52
0.665
0.12
0.378021
2
0.585
0.62
0.328024
1.5
0.415
0.76
0.343984
1.2
-0.04
0.91
0.754255
1
-0.435
1.29
0.45793
0.5
0.335
1.22
0.471699
0.5
0
-0.025
-0.57
-0.025
0.83
-1.08487
0.420274
-0.625
1.6
-0.325
1.46
0.275
1.62
0.575
1.48
0.675
0.05
0.675
-0.45
-0.525
0.63
-0.725
0.43
-0.725
1.23
-0.525
1.23
-0.425
1.23
-0.225
1.23
0.175
1.23
0.375
1.23
0.475
1.23
0.675
1.23
0.675
0.43
0.645
-0.18
0.378021
2
0.665
0.29
0.328024
1.5
0.545
0.56
0.343984
1.2
-0.04
0.82
0.754255
1
-0.455
1.32
0.45793
0.5
0.335
1.24
0.471699
0.5
0
-0.035
-0.69
-0.035
0.71
-1.08701
0.23457
-0.635
1.6
-0.335
1.45
0.265
1.62
0.565
1.47
0.665
-0.07
0.665
-0.57
-0.535
0.51
-0.735
0.31
-0.735
1.11
-0.535
1.11
-0.435
1.11
-0.235
1.11
0.165
1.11
0.365
1.11
0.465
1.11
0.665
1.11
0.665
0.31
0.715
-0.27
0.378021
2
0.655
0.15
0.328024
1.5
0.445
0.44
0.343984
1.2
-0.05
0.7
0.754255
1
-0.455
1.32
0.45793
0.5
0.345
1.19
0.471699
0.5
0
-0.045
-0.77
-0.045
0.63
-1.08744
0.118938
-0.645
1.59
-0.345
1.44
0.255
1.6
0.555
1.46
0.655
-0.42
0.655
-0.92
-0.545
0.43
-0.745
0.23
-0.745
1.03
-0.545
1.03
-0.445
1.03
-0.245
1.03
0.155
1.03
0.355
1.03
0.455
1.03
0.655
1.03
0.655
0.23
0.675
-0.69
0.378021
2
0.675
-0.31
0.328024
1.5
0.615
0.13
0.343984
1.2
-0.06
0.62
0.754255
1
-0.455
1.23
0.45793
0.5
0.345
1.17
0.471699
0.5
0
-0.045
-0.84
-0.045
0.56
-1.08744
0.0489383
-0.645
1.58
-0.345
1.45
0.255
1.6
0.555
1.45
0.655
-0.73
0.655
-1.23
-0.545
0.36
-0.745
0.16
-0.745
0.96
-0.545
0.96
-0.445
0.96
-0.245
0.96
0.155
0.96
0.355
0.96
0.455
0.96
0.655
0.96
0.655
0.16
0.665
-0.91
0.378021
2
0.695
-0.41
0.328024
1.5
0.615
0.09
0.343984
1.2
-0.06
0.55
0.754255
1
-0.485
1.19
0.45793
0.5
0.355
1.17
0.471699
0.5
0
-0.045
-0.95
-0.045
0.45
-1.05443
-0.133987
-0.645
1.57
-0.345
1.45
0.255
1.59
0.555
1.45
0.655
-1.08
0.655
-1.58
-0.545
0.25
-0.745
0.05
-0.745
0.85
-0.545
0.85
-0.445
0.85
-0.245
0.85
0.155
0.85
0.355
0.85
0.455
0.85
0.655
0.85
0.655
0.05
0.685
-1.3
0.378021
2
0.665
-0.72
0.328024
1.5
0.595
-0.11
0.343984
1.2
-0.06
0.44
0.754255
1
-0.505
1.18
0.45793
0.5
0.365
1.13
0.471699
0.5
0
-0.045
-0.95
-0.045
0.45
-1.05443
-0.133987
-0.645
1.57
-0.345
1.45
0.255
1.59
0.555
1.45
0.655
-1.45
0.655
-1.95
-0.545
0.25
-0.745
0.05
-0.745
0.85
-0.545
0.85
-0.445
0.85
-0.245
0.85
0.155
0.85
0.355
0.85
0.455
0.85
0.655
0.85
0.655
0.05
0.695
-1.65
0.425441
2
0.655
-0.88
0.368782
1.5
0.635
-0.22
0.343984
1.2
-0.06
0.44
0.754255
1
-0.52
1.28
0.45793
0.5
0.375
1.18
0.471699
0.5
0
-0.045
-0.95
-0.045
0.45
-1.05443
-0.133987
-0.645
1.57
-0.345
1.45
0.255
1.59
0.555
1.45
0.655
-1.45
0.944966
-1.85733
-0.545
0.25
-0.745
0.05
-0.745
0.85
-0.545
0.85
-0.445
0.85
-0.245
0.85
0.155
0.85
0.355
0.85
0.455
0.85
0.655
0.85
0.655
0.05
0.795
-1.65
0.378021
2
0.645
-0.96
0.35171
1.5
0.655
-0.27
0.343984
1.2
-0.06
0.44
0.754255
1
-0.52
1.28
0.45793
0.5
0.39
1.29
0.471699
0.5
0
-0.045
-0.95
-0.045
0.45
-1.05443
-0.133987
-0.645
1.57
-0.345
1.45
0.255
1.59
0.555
1.45
0.655
-1.45
1.10567
-1.66656
-0.545
0.25
-0.745
0.05
-0.745
0.85
-0.545
0.85
-0.445
0.85
-0.245
0.85
0.155
0.85
0.355
0.85
0.455
0.85
0.655
0.85
0.655
0.05
0.845
-1.58
0.378021
2
0.635
-0.91
0.35171
1.5
0.655
-0.25
0.343984
1.2
-0.06
0.44
0.754255
1
-0.52
1.28
0.45793
0.5
0.39
1.29
0.471699
0.5
0
-0.045
-0.95
-0.045
0.45
-1.05443
-0.133987
-0.645
1.57
-0.345
1.45
0.255
1.59
0.555
1.45
0.655
-1.45
1.15341
-1.48987
-0.545
0.25
-0.745
0.05
-0.745
0.85
-0.545
0.85
-0.445
0.85
-0.245
0.85
0.155
0.85
0.355
0.85
0.455
0.85
0.655
0.85
0.655
0.05
0.88
-1.42
0.378021
2
0.67
-0.86
0.328024
1.5
0.655
-0.25
0.343984
1.2
-0.06
0.44
0.754255
1
-0.52
1.28
0.45793
0.5
0.39
1.29
0.471699
0.5
0
