40
10
9
11
6
0.025
-0.54
0.025
0.86
-0.923171
0.19921
-0.575
1.57
-0.275
1.42
0.325
1.61
0.625
1.45
1.705
-0.08
2.20494
-0.0724251
-0.475
0.66
-0.675
0.46
-0.675
1.26
-0.475
1.26
-0.375
1.26
-0.175
1.26
0.225
1.26
0.425
1.26
0.525
1.26
0.725
1.26
0.725
0.46
1.935
-0.09
0.378021
2
1.385
0.12
0.328024
1.5
0.905
0.39
0.343984
1.2
0.01
0.85
0.754255
1
-0.435
1.42
0.371248
0.5
0.435
1.38
0.370135
0.5
0
0.025
-0.54
0.025
0.86
-0.923171
0.19921
-0.575
1.57
-0.275
1.42
0.325
1.61
0.625
1.45
1.725
0.09
2.225
0.09
-0.475
0.66
-0.675
0.46
-0.675
1.26
-0.475
1.26
-0.375
1.26
-0.175
1.26
0.225
1.26
0.425
1.26
0.525
1.26
0.725
1.26
0.725
0.46
1.995
0.12
0.378021
2
1.425
0.24
0.328024
1.5
0.905
0.39
0.343984
1.2
0.01
0.85
0.754255
1
-0.435
1.42
0.371248
0.5
0.435
1.38
0.370135
0.5
0
0.025
-0.54
0.025
0.86
-0.923171
0.19921
-0.575
1.57
-0.275
1.42
0.325
1.61
0.625
1.45
1.745
0.29
2.24494
0.298063
-0.475
0.66
-0.675
0.46
-0.675
1.26
-0.475
1.26
-0.375
1.26
-0.175
1.26
0.225
1.26
0.425
1.26
0.525
1.26
0.725
1.26
0.725
0.46
1.995
0.29
0.378021
2
1.435
0.35
0.328024
1.5
0.905
0.39
0.343984
1.2
0.01
0.85
0.754255
1
-0.435
1.42
0.371248
0.5
0.435
1.38
0.370135
0.5
0
0.025
-0.54
0.025
0.86
-0.923171
0.19921
-0.575
1.57
-0.275
1.42
0.325
1.61
0.625
1.45
1.755
0.53
2.25496
0.536578
-0.475
0.66
-0.675
0.46
-0.675
1.26
-0.475
1.26
-0.375
1.26
-0.175
1.26
0.225
1.26
0.425
1.26
0.525
1.26
0.725
1.26
0.725
0.46
1.975
0.51
0.378021
2
1.425
0.47
0.328024
1.5
0.905
0.39
0.343984
1.2
0.01
0.85
0.754255
1
-0.435
1.42
0.371248
0.5
0.435
1.38
0.370135
0.5
0
0.025
-0.54
0.025
0.86
-0.923171
0.19921
-0.575
1.57
-0.275
1.42
0.325
1.61
0.625
1.45
1.745
0.7
2.24494
0.707691
-0.475
0.66
-0.675
0.46
-0.675
1.26
-0.475
1.26
-0.375
1.26
-0.175
1.26
0.225
1.26
0.425
1.26
0.525
1.26
0.725
1.26
0.725
0.46
1.935
0.69
0.378021
2
1.395
0.57
0.328024
1.5
0.905
0.39
0.343984
1.2
0.01
0.85
0.754255
1
-0.435
1.42
0.371248
0.5
0.435
1.38
0.370135
0.5
0
0.025
-0.54
0.025
0.86
-0.923171
0.19921
-0.575
1.57
-0.275
1.42
0.325
1.61
0.625
1.45
1.775
0.95
2.27494
0.957575
-0.475
0.66
-0.675
0.46
-0.675
1.26
-0.475
1.26
-0.375
1.26
-0.175
1.26
0.225
1.26
0.425
1.26
0.525
1.26
0.725
1.26
0.725
0.46
1.985
0.94
0.378021
2
1.465
0.76
0.328024
1.5
0.945
0.54
0.343984
1.2
0.01
0.85
0.754255
1
-0.435
1.42
0.371248
0.5
0.435
1.38
0.370135
0.5
0
0.025
-0.54
0.025
0.86
-0.923171
0.19921
-0.575
1.57
-0.275
1.42
0.325
1.61
0.625
1.45
1.805
1.19
2.30498
1.1945
-0.475
0.66
-0.675
0.46
-0.675
1.26
-0.475
1.26
-0.375
1.26
-0.175
1.26
0.225
1.26
0.425
1.26
0.525
1.26
0.725
1.26
0.725
0.46
1.995
1.19
0.378021
2
1.435
0.93
0.328024
1.5
0.965
0.59
0.343984
1.2
0.01
0.85
0.754255
1
-0.435
1.42
0.371248
0.5
0.435
1.38
0.370135
0.5
0
0.025
-0.54
0.025
0.86
-0.923171
0.19921
-0.575
1.57
-0.275
1.42
0.325
1.61
0.625
1.45
1.825
1.34
2.32495
1.34704
-0.475
0.66
-0.675
0.46
-0.675
1.26
-0.475
1.26
-0.375
1.26
-0.175
1.26
0.225
1.26
0.425
1.26
0.525
1.26
0.725
1.26
0.725
0.46
2.015
1.31
0.378021
2
1.485
1.04
0.328024
1.5
0.965
0.67
0.343984
1.2
0.01
0.85
0.754255
1
-0.435
1.42
0.371248
0.5
0.435
1.38
0.370135
0.5
0
0.025
-0.54
0.025
0.86
-0.923171
0.19921
-0.575
1.57
-0.275
1.42
0.325
1.61
0.625
1.45
1.825
1.34
2.30129
1.18785
-0.475
0.66
-0.675
0.46
-0.675
1.26
-0.475
1.26
-0.375
1.26
-0.175
1.26
0.225
1.26
0.425
1.26
0.525
1.26
0.725
1.26
0.725
0.46
2.015
1.27
0.378021
2
1.445
1.02
0.328024
1.5
0.975
0.61
0.343984
1.2
0.01
0.85
0.754255
1
-0.435
1.42
0.371248
0.5
0.435
1.38
0.370135
0.5
0
0.025
-0.54
0.025
0.86
-0.923171
0.19921
-0.575
1.57
-0.275
1.42
0.325
1.61
0.625
1.45
1.825
1.34
2.22345
1.03795
-0.475
0.66
-0.675
0.46
-0.675
1.26
-0.475
1.26
-0.375
1.26
-0.175
1.26
0.225
1.26
0.425
1.26
0.525
1.26
0.725
1.26
0.725
0.46
1.935
1.19
0.378021
2
1.455
1.02
0.328024
1.5
0.975
0.68
0.343984
1.2
0.01
0.85
0.754255
1
-0.435
1.42
0.371248
0.5
0.435
1.38
0.370135
0.5
0
0.025
-0.54
0.025
0.86
-0.923171
0.19921
-0.575
1.57
-0.275
1.42
0.325
1.61
0.625
1.45
1.825
1.34
2.09453
0.918864
-0.475
0.66
-0.675
0.46
-0.675
1.26
-0.475
1.26
-0.375
1.26
-0.175
1.26
0.225
1.26
0.425
1.26
0.525
1.26
0.725
1.26
0.725
0.46
1.905
1.12
0.378021
2
1.325
1
0.328024
1.5
0.925
0.6
0.343984
1.2
0.01
0.85
0.754255
1
-0.435
1.42
0.371248
0.5
0.435
1.38
0.370135
0.5
0
0.025
-0.54
0.025
0.86
-0.923171
0.19921
-0.575
1.57
-0.275
1.42
0.325
1.61
0.625
1.45
1.825
1.34
1.825
0.84
-0.475
0.66
-0.675
0.46
-0.675
1.26
-0.475
1.26
-0.375
1.26
-0.175
1.26
0.225
1.26
0.425
1.26
0.525
1.26
0.725
1.26
0.725
0.46
1.855
1.09
0.378021
2
1.365
0.95
0.328024
1.5
0.935
0.6
0.343984
1.2
0.01
0.85
0.754255
1
-0.435
1.42
0.371248
0.5
0.435
1.38
0.370135
0.5
1
2.335
-0.01
1.84589
0
-1
0.7
1
0.45
0
0.025
-0.54
0.025
0.86
-0.923171
0.19921
-0.575
1.57
-0.275
1.42
0.325
1.61
0.625
1.45
1.895
0.46
1.895
-0.04
-0.475
0.66
-0.675
0.46
-0.675
1.26
-0.475
1.26
-0.375
1.26
-0.175
1.26
0.225
1.26
0.425
1.26
0.525
1.26
0.725
1.26
0.725
0.46
1.895
0.28
0.378021
2
1.395
0.48
0.328024
1.5
0.875
0.51
0.343984
1.2
0.01
0.85
0.754255
1
-0.435
1.42
0.371248
0.5
0.435
1.38
0.370135
0.5
1
2.335
-0.01
1.84589
0
-1
0.7
1
0.45
0
0.025
-0.54
0.025
0.86
-0.923171
0.19921
-0.575
1.57
-0.275
1.42
0.325
1.61
0.625
1.45
1.795
-0.25
1.795
-0.72
-0.475
0.66
-0.675
0.46
-0.675
1.26
-0.475
1.26
-0.375
1.26
-0.175
1.26
0.225
1.26
0.425
1.26
0.525
1.26
0.725
1.26
0.725
0.46
1.835
-0.43
0.378021
2
1.425
0
0.328024
1.5
0.915
0.31
0.343984
1.2
0.01
0.85
0.754255
1
-0.435
1.42
0.371248
0.5
0.435
1.38
0.370135
0.5
1
2.335
-0.01
1.84589
0
-1
0.7
1
0.45
0
0.025
-0.54
0.025
0.86
-0.923171
0.19921
-0.575
1.57
-0.275
1.42
0.325
1.61
0.625
1.45
1.905
0.05
1.905
-0.45
-0.475
0.66
-0.675
0.46
-0.675
1.26
-0.475
1.26
-0.375
1.26
-0.175
1.26
0.225
1.26
0.425
1.26
0.525
1.26
0.725
1.26
0.725
0.46
1.935
-0.13
0.378021
2
1.445
0.23
0.328024
1.5
0.915
0.31
0.343984
1.2
0.01
0.85
0.754255
1
-0.435
1.42
0.371248
0.5
0.435
1.38
0.370135
0.5
1
2.335
-0.01
1.84589
0
-1
0.7
1
0.45
0
0.025
-0.54
0.025
0.86
-0.923171
0.19921
-0.575
1.57
-0.275
1.42
0.325
1.61
0.625
1.48
1.975
0.46
1.975
-0.04
-0.475
0.66
-0.675
0.46
-0.675
1.26
-0.475
1.26
-0.375
1.26
-0.175
1.26
0.225
1.26
0.425
1.26
0.525
1.26
0.725
1.26
0.725
0.46
1.975
0.27
0.378021
2
1.475
0.47
0.328024
1.5
0.885
0.46
0.343984
1.2
0.01
0.85
0.754255
1
-0.435
1.42
0.371248
0.5
0.435
1.38
0.370135
0.5
1
2.335
-0.01
1.84589
0
-1
0.7
1
0.45
0
0.025
-0.54
0.025
0.86
-0.923171
0.19921
-0.575
1.57
-0.275
1.42
0.325
1.61
0.625
1.48
1.915
1.06
2.075
0.6
-0.475
0.66
-0.675
0.46
-0.675
1.26
-0.475
1.26
-0.375
1.26
-0.175
1.26
0.225
1.26
0.425
1.26
0.525
1.26
0.725
1.26
0.725
0.46
1.975
0.88
0.378021
2
1.415
0.82
0.328024
1.5
0.885
0.46
0.343984
1.2
0.01
0.85
0.754255
1
-0.435
1.42
0.371248
0.5
0.435
1.38
0.370135
0.5
1
2.335
-0.01
1.84589
0
-1
0.7
1
0.45
0
0.025
-0.54
0.025
0.86
-0.923171
0.19921
-0.575
1.57
-0.275
1.42
0.325
1.61
0.625
1.47
1.61714
1.66586
1.845
1.23
-0.475
0.66
-0.675
0.46
-0.675
1.26
-0.475
1.26
-0.375
1.26
-0.175
1.26
0.225
1.26
0.425
1.26
0.525
1.26
0.725
1.26
0.725
0.46
1.685
1.45
0.378021
2
1.205
1.11
0.328024
1.5
0.835
0.63
0.343984
1.2
0.01
0.85
0.754255
1
-0.435
1.42
0.371248
0.5
0.435
1.38
0.370135
0.5
0
0.025
-0.54
0.025
0.86
-0.923171
0.19921
-0.575
1.57
-0.275
1.42
0.325
1.61
0.625
1.45
0.925
1.79
1.43745
1.71682
-0.475
0.66
-0.675
0.46
-0.675
1.26
-0.475
1.26
-0.375
1.26
-0.175
1.26
0.225
1.26
0.425
1.26
0.525
1.26
0.725
1.26
0.725
0.46
1.125
1.74
0.378021
2
0.885
1.27
0.328024
1.5
0.785
0.71
0.343984
1.2
0.01
0.85
0.754255
1
-0.435
1.42
0.371248
0.5
0.435
1.38
0.370135
0.5
0
0.025
-0.54
0.025
0.86
-0.923171
0.19921
-0.575
1.57
-0.275
1.42
0.325
1.61
0.625
1.45
0.395
1.87
0.888427
1.92547
-0.475
0.66
-0.675
0.46
-0.675
1.26
-0.475
1.26
-0.375
1.26
-0.175
1.26
0.225
1.26
0.425
1.26
0.525
1.26
0.725
1.26
0.725
0.46
0.615
1.86
0.378021
2
0.405
1.21
0.328024
1.5
0.635
0.74
0.343984
1.2
0.01
0.85
0.754255
1
-0.435
1.42
0.371248
0.5
0.435
1.38
0.370135
0.5
0
0.025
-0.54
0.025
0.86
-0.923171
0.19921
-0.575
1.57
-0.275
1.42
0.325
1.61
0.625
1.45
-0.0699984
1.732
0.325
1.98
-0.475
0.66
-0.675
0.46
-0.675
1.26
-0.475
1.26
-0.375
1.26
-0.175
1.26
0.225
1.26
0.425
1.26
0.525
1.26
0.725
1.26
0.725
0.46
0.125
1.79
0.378021
2
0.495
1.17
0.328024
1.5
0.575
0.71
0.343984
1.2
0.01
0.85
0.754255
1
-0.435
1.42
0.371248
0.5
0.435
1.38
0.370135
0.5
0
0.025
-0.54
0.025
0.86
-0.923171
0.19921
-0.575
1.57
-0.275
1.42
0.325
1.61
0.625
1.45
0.167914
1.85272
0.642692
2.00951
-0.475
0.66
-0.675
0.46
-0.675
1.26
-0.475
1.26
-0.375
1.26
-0.175
1.26
0.225
1.26
0.425
1.26
0.525
1.26
0.725
1.26
0.725
0.46
0.445
1.87
0.378021
2
-0.075
0.9
0.328024
1.5
0.625
0.64
0.343984
1.2
0.01
0.85
0.754255
1
-0.435
1.42
0.371248
0.5
0.435
1.38
0.370135
0.5
0
0.025
-0.54
0.025
0.86
-0.923171
0.19921
-0.575
1.57
-0.275
1.42
0.325
1.61
0.625
1.45
0.401619
1.92473
0.897773
1.98662
-0.475
0.66
-0.675
0.46
-0.675
1.26
-0.475
1.26
-0.375
1.26
-0.175
1.26
0.225
1.26
0.425
1.26
0.525
1.26
0.725
1.26
0.725
0.46
0.595
1.92
0.378021
2
0.505
1.11
0.328024
1.5
0.675
0.71
0.343984
1.2
0.01
0.85
0.754255
1
-0.435
1.42
0.371248
0.5
0.435
1.38
0.370135
0.5
0
0.025
-0.54
0.025
0.86
-0.923171
0.19921
-0.575
1.57
-0.275
1.42
0.325
1.61
0.625
1.45
0.401619
1.92473
0.897148
1.99144
-0.475
0.66
-0.675
0.46
-0.675
1.26
-0.475
1.26
-0.375
1.26
-0.175
1.26
0.225
1.26
0.425
1.26
0.525
1.26
0.725
1.26
0.725
0.46
0.615
1.9
0.378021
2
0.525
1.18
0.328024
1.5
0.615
0.68
0.343984
1.2
0.01
0.85
0.754255
1
-0.435
1.42
0.371248
0.5
0.435
1.38
0.370135
0.5
0
0.025
-0.54
0.025
0.86
-0.923171
0.19921
-0.575
1.57
-0.275
1.42
0.325
1.61
0.625
1.45
0.678148
1.95927
1.17707
1.92644
-0.475
0.66
-0.675
0.46
-0.675
1.26
-0.475
1.26
-0.375
1.26
-0.175
1.26
0.225
1.26
0.425
1.26
0.525
1.26
0.725
1.26
0.725
0.46
0.905
1.91
0.378021
2
0.685
1.27
0.328024
1.5
0.715
0.72
0.343984
1.2
0.01
0.85
0.754255
1
-0.435
1.42
0.371248
0.5
0.435
1.38
0.370135
0.5
0
0.025
-0.54
0.025
0.86
-0.923171
0.19921
-0.575
1.57
-0.275
1.42
0.325
1.61
0.625
1.45
0.96536
1.94062
1.46532
1.94714
-0.475
0.66
-0.675
0.46
-0.675
1.26
-0.475
1.26
-0.375
1.26
-0.175
1.26
0.225
1.26
0.425
1.26
0.525
1.26
0.725
1.26
0.725
0.46
1.155
1.91
0.378021
2
0.895
1.35
0.328024
1.5
0.775
0.73
0.343984
1.2
0.01
0.85
0.754255
1
-0.435
1.42
0.371248
0.5
0.435
1.38
0.370135
0.5
0
0.025
-0.54
0.025
0.86
-0.923171
0.19921
-0.575
1.57
-0.275
1.42
0.325
1.61
0.625
1.45
0.975
1.68
1.475
1.68
-0.475
0.66
-0.675
0.46
-0.675
1.26
-0.475
1.26
-0.375
1.26
-0.175
1.26
0.225
1.26
0.425
1.26
0.525
1.26
0.725
1.26
0.725
0.46
1.225
1.68
0.378021
2
0.915
1.29
0.328024
1.5
0.765
0.76
0.343984
1.2
0.01
0.85
0.754255
1
-0.435
1.42
0.371248
0.5
0.435
1.38
0.370135
0.5
0
0.025
-0.54
0.025
0.86
-0.923171
0.19921
-0.575
1.57
-0.275
1.42
0.325
1.61
0.625
1.45
0.965
1.44
1.46496
1.44595
-0.475
0.66
-0.675
0.46
-0.675
1.26
-0.475
1.26
-0.375
1.26
-0.175
1.26
0.225
1.26
0.425
1.26
0.525
1.26
0.725
1.26
0.725
0.46
1.205
1.44
0.378021
2
0.955
1.08
0.328024
1.5
0.735
0.67
0.343984
1.2
0.01
0.85
0.754255
1
-0.435
1.42
0.371248
0.5
0.435
1.38
0.370135
0.5
0
0.025
-0.54
0.025
0.86
-0.923171
0.19921
-0.575
1.57
-0.275
1.42
0.325
1.61
0.625
1.45
0.975
1.15
1.47496
1.15625
-0.475
0.66
-0.675
0.46
-0.675
1.26
-0.475
1.26
-0.375
1.26
-0.175
1.26
0.225
1.26
0.425
1.26
0.525
1.26
0.725
1.26
0.725
0.46
1.265
1.18
0.378021
2
0.845
0.89
0.328024
1.5
0.585
0.61
0.343984
1.2
0.01
0.85
0.754255
1
-0.435
1.42
0.371248
0.5
0.435
1.38
0.370135
0.5
0
0.025
-0.54
0.025
0.86
-0.923171
0.19921
-0.575
1.57
-0.275
1.42
0.325
1.61
0.625
1.45
0.985
0.89
1.48497
0.884792
-0.475
0.66
-0.675
0.46
-0.675
1.26
-0.475
1.26
-0.375
1.26
-0.175
1.26
0.225
1.26
0.425
1.26
0.525
1.26
0.725
1.26
0.725
0.46
1.235
0.89
0.378021
2
0.955
0.82
0.328024
1.5
0.635
0.63
0.343984
1.2
0.01
0.85
0.754255
1
-0.435
1.42
0.371248
0.5
0.435
1.38
0.370135
0.5
0
0.025
-0.54
0.025
0.86
-0.923171
0.19921
-0.575
1.57
-0.275
1.42
0.325
1.61
0.625
1.45
1.005
0.59
1.50497
0.595555
-0.475
0.66
-0.675
0.46
-0.675
1.26
-0.475
1.26
-0.375
1.26
-0.175
1.26
0.225
1.26
0.425
1.26
0.525
1.26
0.725
1.26
0.725
0.46
1.245
0.6
0.378021
2
0.805
0.57
0.328024
1.5
0.455
0.63
0.343984
1.2
0.01
0.85
0.754255
1
-0.435
1.42
0.371248
0.5
0.435
1.38
0.370135
0.5
0
0.025
-0.54
0.025
0.86
-0.923171
0.19921
-0.575
1.57
-0.275
1.42
0.325
1.61
0.625
1.45
1.035
0.34
1.53497
0.345102
-0.475
0.66
-0.675
0.46
-0.675
1.26
-0.475
1.26
-0.375
1.26
-0.175
1.26
0.225
1.26
0.425
1.26
0.525
1.26
0.725
1.26
0.725
0.46
1.295
0.3
0.378021
2
0.945
0.4
0.328024
1.5
0.575
0.6
0.343984
1.2
0.01
0.85
0.754255
1
-0.435
1.42
0.371248
0.5
0.435
1.38
0.370135
0.5
0
0.025
-0.54
0.025
0.86
-0.923171
0.19921
-0.575
1.57
-0.275
1.42
0.325
1.61
0.625
1.45
1.035
0.13
1.535
0.13
-0.475
0.66
-0.675
0.46
-0.675
1.26
-0.475
1.26
-0.375
1.26
-0.175
1.26
0.225
1.26
0.425
1.26
0.525
1.26
0.725
1.26
0.725
0.46
1.225
0.12
0.378021
2
0.965
0.24
0.328024
1.5
0.625
0.48
0.343984
1.2
0.01
0.85
0.754255
1
-0.435
1.42
0.371248
0.5
0.435
1.38
0.370135
0.5
0
0.025
-0.63
0.025
0.77
-0.923171
0.10921
-0.575
1.56
-0.275
1.42
0.325
1.6
0.625
1.44
0.905
-0.26
1.40494
-0.267936
-0.475
0.57
-0.675
0.37
-0.675
1.17
-0.475
1.17
-0.375
1.17
-0.175
1.17
0.225
1.17
0.425
1.17
0.525
1.17
0.725
1.17
0.725
0.37
1.175
-0.26
0.378021
2
0.835
0
0.328024
1.5
0.665
0.39
0.343984
1.2
0.01
0.76
0.754255
1
-0.435
1.33
0.371248
0.5
0.435
1.29
0.370135
0.5
0
0.015
-0.71
0.015
0.69
-0.933171
0.02921
-0.585
1.56
-0.285
1.41
0.315
1.6
0.615
1.44
0.885
-0.44
1.385
-0.44
-0.485
0.49
-0.685
0.29
-0.685
1.09
-0.485
1.09
-0.385
1.09
-0.185
1.09
0.215
1.09
0.415
1.09
0.515
1.09
0.715
1.09
0.715
0.29
1.115
-0.47
0.378021
2
0.835
-0.13
0.328024
1.5
0.715
0.33
0.343984
1.2
0
0.68
0.754255
1
-0.445
1.25
0.371248
0.5
0.425
1.21
0.370135
0.5
0
0.005
-0.79
0.005
0.61
-0.943171
-0.05079
-0.595
1.55
-0.295
1.39
0.305
1.57
0.605
1.43
0.745
-0.63
1.245
-0.63
-0.495
0.41
-0.695
0.21
-0.695
1.01
-0.495
1.01
-0.395
1.01
-0.195
1.01
0.205
1.01
0.405
1.01
0.505
1.01
0.705
1.01
0.705
0.21
1.015
-0.58
0.378021
2
0.745
-0.32
0.328024
1.5
0.665
0.19
0.343984
1.2
-0.01
0.6
0.754255
1
-0.465
1.26
0.371248
0.5
0.465
1.28
0.370135
0.5
0
-0.005
-0.88
-0.005
0.52
-0.953171
-0.14079
-0.605
1.55
-0.305
1.38
0.295
1.57
0.595
1.42
0.695
-0.84
1.195
-0.84
-0.505
0.32
-0.705
0.12
-0.705
0.92
-0.505
0.92
-0.405
0.92
-0.205
0.92
0.195
0.92
0.395
0.92
0.495
0.92
0.695
0.92
0.695
0.12
0.915
-0.82
0.378021
2
0.695
-0.5
0.328024
1.5
0.645
0.02
0.343984
1.2
-0.02
0.51
0.754255
1
-0.495
1.27
0.371248
0.5
0.445
1.22
0.370135
0.5
0
0.005
-1.05
0.005
0.35
-0.943171
-0.31079
-0.588734
1.54291
-0.295
1.38
0.313091
1.54266
0.605
1.4
0.705
-1.12
1.205
-1.12
-0.495
0.15
-0.695
-0.05
-0.695
0.75
-0.495
0.75
-0.395
0.75
-0.195
0.75
0.205
0.75
0.405
0.75
0.505
0.75
0.705
0.75
0.705
-0.05
0.935
-1.13
0.378021
2
0.725
-0.73
0.328024
1.5
0.695
-0.18
0.343984
1.2
-0.01
0.34
0.754255
1
-0.475
1.19
0.371248
0.5
0.465
1.19
0.404969
0.5
0
0.005
-1.05
0.005
0.35
-0.943171
-0.31079
-0.588734
1.54291
-0.295
1.38
0.313091
1.54266
0.605
1.4
0.705
-1.33
1.205
-1.33
-0.495
0.15
-0.695
-0.05
-0.695
0.75
-0.495
0.75
-0.395
0.75
-0.195
0.75
0.205
0.75
0.405
0.75
0.505
0.75
0.705
0.75
0.705
-0.05
0.915
-1.3
0.411096
2
0.715
-0.79
0.328024
1.5
0.675
-0.2
0.343984
1.2
-0.01
0.34
0.754255
1
-0.475
1.14
0.406078
0.5
0.455
1.19
0.396232
0.5
0
0.005
-1.05
0.005
0.35
-0.943171
-0.31079
-0.588734
1.54291
-0.295
1.38
0.313091
1.54266
0.605
1.4
0.714146
-1.54997
1.21415
-1.54999
-0.495
0.15
-0.695
-0.05
-0.695
0.75
-0.495
0.75
-0.395
0.75
-0.195
0.75
0.205
0.75
0.405
0.75
0.505
0.75
0.705
0.75
0.705
-0.05
0.915
-1.54
0.418688
2
0.725
-0.92
0.367151
1.5
0.705
-0.29
0.343984
1.2
-0.01
0.34
0.754255
1
-0.465
1.21
0.398246
0.5
0.475
1.21
0.414005
0.5
0
