36
10
9
11
6
0
-1
0
0.4
-0.948171
-0.26079
-0.6
1.6
-0.3
1.4
0.3
1.6
0.595
1.42
0.329905
-1.45363
0.709869
-1.77863
-0.5
0.2
-0.7
0
-0.7
0.8
-0.5
0.8
-0.4
0.8
-0.2
0.8
0.2
0.8
0.4
0.8
0.5
0.8
0.7
0.8
0.7
0
0.485
-1.65
0.378021
2
0.465
-1
0.360694
1.5
0.635
-0.32
0.361248
1.2
-0.015
0.39
0.754255
1
-0.475
1.23
0.45793
0.5
0.435
1.24
0.471699
0.5
0
0
-1
0
0.4
-0.948171
-0.26079
-0.6
1.6
-0.3
1.4
0.3
1.6
0.595
1.42
0.172254
-1.4041
0.446399
-1.85561
-0.5
0.2
-0.7
0
-0.7
0.8
-0.5
0.8
-0.4
0.8
-0.2
0.8
0.2
0.8
0.4
0.8
0.5
0.8
0.7
0.8
0.7
0
0.305
-1.64
0.378021
2
0.315
-0.98
0.361248
1.5
0.635
-0.3
0.386005
1.2
-0.015
0.39
0.754255
1
-0.475
1.23
0.45793
0.5
0.435
1.24
0.471699
0.5
0
0
-1
0
0.4
-0.948171
-0.26079
-0.605
1.58
-0.3
1.4
0.3
1.6
0.595
1.42
0.025
-1.33
0.0512794
-1.82931
-0.5
0.2
-0.7
0
-0.7
0.8
-0.5
0.8
-0.4
0.8
-0.2
0.8
0.2
0.8
0.4
0.8
0.5
0.8
0.7
0.8
0.7
0
0.055
-1.58
0.378021
2
0.205
-0.94
0.34176
1.5
0.545
-0.34
0.399249
1.2
-0.015
0.39
0.754255
1
-0.475
1.23
0.45793
0.5
0.445
1.24
0.471699
0.5
0
-0.225065
-0.683924
-0.115
0.31
-1.13208
-0.239291
-0.575362
1.57046
-0.295
1.37
0.319021
1.46854
0.591796
1.25625
-0.41915
-1.32428
-0.633158
-1.77627
-0.634528
0.16787
-0.855929
-0.0082323
-0.765333
0.786775
-0.566581
0.764126
-0.467206
0.752801
-0.268454
0.730152
0.129049
0.684855
0.327801
0.662206
0.427177
0.650882
0.625929
0.628232
0.535333
-0.166774
-0.511745
-1.53732
0.378021
2
-0.109063
-0.918806
0.372156
1.5
0.361795
-0.408731
0.342345
1.2
-0.131039
0.301761
0.754255
1
-0.493042
1.18861
0.45793
0.5
0.41241
1.0955
0.471699
0.5
0
-0.562527
-0.701381
-0.325
0.27
-1.42147
-0.0979246
-0.56371
1.59123
-0.325
1.34
0.300641
1.33809
0.533328
1.08225
-1.0011
-1.16305
-1.41459
-1.44483
-0.861449
0.218557
-1.10978
0.0827328
-0.884765
0.851047
-0.692687
0.794793
-0.596648
0.766665
-0.40457
0.71041
-0.0204139
0.597902
0.171665
0.541648
0.267703
0.513521
0.459781
0.457267
0.234766
-0.311045
-1.18135
-1.28319
0.378021
2
-0.597285
-0.891147
0.350571
1.5
-0.0464955
-0.541502
0.383275
1.2
-0.342219
0.264615
0.754255
1
-0.547731
1.20073
0.45793
0.5
0.329037
0.954378
0.471699
0.5
0
-0.805
-0.65
-0.485
0.25
-1.61886
0.0204357
-0.558505
1.59097
-0.362558
1.28788
0.26813
1.23279
0.467444
0.950053
-1.44475
-0.809305
-1.92927
-0.934787
-1.02384
0.265297
-1.28713
0.161198
-0.968743
0.895987
-0.785046
0.81639
-0.693198
0.77659
-0.509502
0.696991
-0.142108
0.537796
0.0415882
0.458198
0.133436
0.4184
0.317134
0.338802
-0.00125656
-0.395984
-1.68634
-0.898576
0.378021
2
-1.01525
-0.709357
0.372156
1.5
-0.329457
-0.461049
0.341321
1.2
-0.502757
0.246785
0.754255
1
-0.59095
1.20139
0.45793
0.5
0.24885
0.848403
0.471699
0.5
0
-1.215
-0.63
-0.755
0.24
-1.91163
0.211505
-0.593719
1.5734
-0.453564
1.24077
0.157938
1.07661
0.304956
0.763446
-1.88657
-0.428112
-2.38598
-0.394434
-1.28298
0.348959
-1.56042
0.292322
-1.11883
0.960463
-0.951791
0.850065
-0.868274
0.794867
-0.70124
0.684467
-0.36717
0.463671
-0.200135
0.353274
-0.116618
0.298075
0.0504165
0.187678
-0.391174
-0.480461
-2.15594
-0.418079
0.378021
2
-1.40884
-0.467857
0.392046
1.5
-0.659198
-0.459317
0.376563
1.2
-0.773048
0.239928
0.754255
1
-0.693557
1.19539
0.45793
0.5
0.0719706
0.701432
0.471699
0.5
0
-1.41882
-0.46188
-0.835
0.35
-1.98629
0.463836
-0.573335
1.56038
-0.284284
1.45006
0.173751
1.06804
0.281169
0.73921
-2.0633
-0.397272
-2.56305
-0.420524
-1.34556
0.522998
-1.62783
0.500884
-1.10752
1.10965
-0.955329
0.979577
-0.879232
0.914538
-0.727039
0.784462
-0.422654
0.524308
-0.270461
0.394232
-0.194365
0.329193
-0.0421717
0.199117
-0.562479
-0.409654
-2.30991
-0.410742
0.378021
2
-1.60687
-0.41012
0.392046
1.5
-0.889708
-0.42686
0.380132
1.2
-0.852918
0.352146
0.754255
1
-0.656639
1.29053
0.45793
0.5
0.0423418
0.706292
0.471699
0.5
0
-1.575
-0.29
-0.885
0.35
-1.9866
0.706675
-0.557868
1.53509
-0.282938
1.39101
-0.0290785
0.628734
0.190956
0.433199
-2.21025
-0.785162
-2.69083
-0.923861
-1.34741
0.62798
-1.62816
0.666508
-0.989608
1.15095
-0.868501
0.991307
-0.807946
0.911489
-0.686838
0.751854
-0.44462
0.432582
-0.323511
0.272946
-0.262957
0.193128
-0.141847
0.0334931
-0.78039
-0.450942
-2.44733
-0.878133
0.378021
2
-1.75494
-0.667399
0.386394
1.5
-1.07624
-0.538015
0.386394
1.2
-0.902065
0.355917
0.754255
1
-0.510145
1.23174
0.45793
0.5
0.0488818
0.51145
0.471699
0.5
0
-1.5785
-0.271395
-0.795
0.35
-1.85339
0.820294
-0.56812
1.55255
-0.29117
1.43523
-0.0437117
0.470395
0.172078
0.268406
-1.9615
-1.36291
-2.3601
-1.66508
-1.22582
0.674997
-1.50105
0.742756
-0.815079
1.15769
-0.711347
0.986197
-0.659481
0.90045
-0.555749
0.728958
-0.348282
0.385973
-0.244549
0.214481
-0.192683
0.128734
-0.0889498
-0.0427585
-0.77492
-0.45769
-2.13724
-1.5031
0.445982
2
-1.54925
-1.02951
0.393192
1.5
-1.03216
-0.613289
0.369168
1.2
-0.811354
0.357675
0.754255
1
-0.552357
1.29294
0.45793
0.5
0.150888
0.412683
0.471699
0.5
0
-1.64849
-0.202537
-0.815
0.35
-1.82716
0.91319
-0.591494
1.53359
-0.329541
1.43002
-0.0558758
0.402678
0.140991
0.182164
-1.57249
-1.78072
-1.77824
-2.23666
-1.21505
0.712287
-1.48313
0.804417
-0.762705
1.15633
-0.674729
0.976222
-0.630741
0.886167
-0.542764
0.706059
-0.36681
0.345848
-0.278834
0.165741
-0.234845
0.075688
-0.146868
-0.104419
-0.867293
-0.456326
-1.68662
-2.01393
0.430465
2
-1.3078
-1.31955
0.380132
1.5
-0.983544
-0.672358
0.37054
1.2
-0.830604
0.359109
0.754255
1
-0.505529
1.2815
0.45793
0.5
0.132797
0.327772
0.471699
0.5
0
-1.6249
-0.19694
-0.775
0.33
-1.76425
0.93262
-0.597346
1.53824
-0.370672
1.49423
-0.0515059
0.324132
0.143203
0.0722926
-1.04211
-1.96272
-1.091
-2.46041
-1.16049
0.70777
-1.42476
0.810385
-0.691007
1.13368
-0.610183
0.950248
-0.569772
0.858525
-0.488947
0.675086
-0.327299
0.30821
-0.246474
0.124772
-0.206062
0.0330518
-0.125238
-0.150387
-0.858992
-0.473684
-1.08007
-2.1823
0.378021
2
-0.994114
-1.55775
0.393954
1.5
-0.882489
-0.785066
0.411096
1.2
-0.790234
0.339717
0.754255
1
-0.470166
1.31363
0.45793
0.5
0.171235
0.270483
0.471699
0.5
0
-0.844813
-0.487371
-0.365
0.39
-1.51765
0.266903
-0.615
1.61
-0.365
1.58
0.235
0.9
0.521343
0.743913
0.817749
-1.59417
1.08172
-2.01936
-0.901142
0.4556
-1.17354
0.376343
-0.787257
1.07966
-0.611428
0.983087
-0.523514
0.934801
-0.347685
0.838228
0.00397199
0.645086
0.179801
0.548514
0.267715
0.500228
0.443544
0.403657
0.0572571
-0.299659
0.975
-1.81
0.378021
2
0.665
-1.3
0.417732
1.5
0.255
-0.58
0.430116
1.2
-0.383016
0.388451
0.754255
1
-0.38182
1.34905
0.45793
0.5
0.423029
0.918438
0.471699
0.5
1
1.455
-2.55
0.724431
0
1
1.3
0.4
1
0
-0.360283
-0.479452
-0.115
0.49
-1.10281
-0.118636
-0.635
1.61
-0.365
1.59
0.20674
1.20952
0.532697
1.19215
1.80946
-0.791408
2.23135
-1.06146
-0.627493
0.317851
-0.839286
0.128711
-0.793981
0.930579
-0.593514
0.919251
-0.49328
0.913588
-0.292812
0.90226
0.108121
0.879607
0.308588
0.86828
0.408821
0.862616
0.609288
0.85129
0.56398
0.049422
2.045
-0.94
0.445533
2
1.345
-0.49
0.411096
1.5
0.725
-0.06
0.396232
1.2
-0.130601
0.480826
0.754255
1
-0.544102
1.34884
0.45793
0.5
0.368588
1.30733
0.471699
0.5
1
2.955
-1.58
0.85
0
1
1.3
0.4
1
0
-0.275
-0.45
-0.085
0.49
-1.03678
-0.175493
-0.685
1.59
-0.385
1.61
0.245
1.49
0.535
1.36
2.11548
0.192439
2.61547
0.190405
-0.587131
0.288247
-0.787799
0.0869595
-0.789042
0.89087
-0.588065
0.89118
-0.487575
0.891335
-0.286597
0.891643
0.115357
0.892265
0.316335
0.892575
0.416823
0.89273
0.617801
0.893041
0.619041
0.0891307
2.355
0.18
0.403609
2
1.555
0.15
0.392046
1.5
0.875
0.12
0.390512
1.2
-0.100058
0.479928
0.754255
1
-0.563609
1.32332
0.45793
0.5
0.350823
1.33478
0.471699
0.5
1
3.455
0
0.85
0
1
1.3
0.4
1
0
-0.275
-0.45
-0.085
0.49
-1.03678
-0.175493
-0.685
1.59
-0.395
1.44
0.225
1.59
0.515
1.45
1.89875
0.871653
2.29742
1.17342
-0.587131
0.288247
-0.787799
0.0869595
-0.789042
0.89087
-0.588065
0.89118
-0.487575
0.891335
-0.286597
0.891643
0.115357
0.892265
0.316335
0.892575
0.416823
0.89273
0.617801
0.893041
0.619041
0.0891307
2.095
1
0.458039
2
1.385
0.52
0.420476
1.5
0.795
0.23
0.343984
1.2
-0.100058
0.479928
0.754255
1
-0.563609
1.32332
0.45793
0.5
0.350823
1.33478
0.471699
0.5
1
3.155
1.46
0.85
0
1
1.3
0.4
1
0
-0.195
-0.54
-0.005
0.4
-0.956784
-0.265493
-0.607014
1.59434
-0.315
1.41
0.304287
1.59481
0.605
1.44
1.97875
0.781653
2.30368
1.16168
-0.507131
0.198247
-0.707799
-0.00304049
-0.709042
0.80087
-0.508065
0.80118
-0.407575
0.801335
-0.206597
0.801643
0.195357
0.802265
0.396335
0.802575
0.496823
0.80273
0.6978
0.803041
0.699041
-0.000869274
2.175
0.91
0.408167
2
1.515
0.5
0.380132
1.5
0.905
0.12
0.402492
1.2
-0.0200576
0.389928
0.754255
1
-0.483609
1.23332
0.45793
0.5
0.430823
1.24478
0.471699
0.5
0
-0.195
-0.54
-0.005
0.4
-0.956784
-0.265493
-0.607014
1.59434
-0.315
1.41
0.304287
1.59481
0.605
1.44
1.815
0.93
2.02453
1.38398
-0.507131
0.198247
-0.707799
-0.00304049
-0.709042
0.80087
-0.508065
0.80118
-0.407575
0.801335
-0.206597
0.801643
0.195357
0.802265
0.396335
0.802575
0.496823
0.80273
0.6978
0.803041
0.699041
-0.000869274
2.005
1.06
0.420595
2
1.385
0.54
0.398246
1.5
0.835
0.09
0.362491
1.2
-0.0200576
0.389928
0.754255
1
-0.483609
1.23332
0.45793
0.5
0.430823
1.24478
0.471699
0.5
0
-0.195
-0.54
-0.005
0.4
-0.956784
-0.265493
-0.607014
1.59434
-0.315
1.41
0.304287
1.59481
0.605
1.44
1.685
1.12
1.77604
1.61164
-0.507131
0.198247
-0.707799
-0.00304049
-0.709042
0.80087
-0.508065
0.80118
-0.407575
0.801335
-0.206597
0.801643
0.195357
0.802265
0.396335
0.802575
0.496823
0.80273
0.6978
0.803041
0.699041
-0.000869274
1.865
1.33
0.378021
2
1.395
0.79
0.377359
1.5
0.905
0.23
0.407063
1.2
-0.0200576
0.389928
0.754255
1
-0.483609
1.23332
0.45793
0.5
0.430823
1.24478
0.471699
0.5
0
-0.195
-0.54
-0.005
0.4
-0.956784
-0.265493
-0.607014
1.59434
-0.315
1.41
0.304287
1.59481
0.605
1.44
1.525
1.24
1.59002
1.73575
-0.507131
0.198247
-0.707799
-0.00304049
-0.709042
0.80087
-0.508065
0.80118
-0.407575
0.801335
-0.206597
0.801643
0.195357
0.802265
0.396335
0.802575
0.496823
0.80273
0.6978
0.803041
0.699041
-0.000869274
1.705
1.39
0.443847
2
1.245
0.76
0.376431
1.5
0.865
0.24
0.343984
1.2
-0.0200576
0.389928
0.754255
1
-0.483609
1.23332
0.45793
0.5
0.430823
1.24478
0.471699
0.5
0
-0.195
-0.54
-0.005
0.4
-0.956784
-0.265493
-0.607014
1.59434
-0.315
1.41
0.304287
1.59481
0.605
1.44
1.43156
1.30811
1.41683
1.80789
-0.507131
0.198247
-0.707799
-0.00304049
-0.709042
0.80087
-0.508065
0.80118
-0.407575
0.801335
-0.206597
0.801643
0.195357
0.802265
0.396335
0.802575
0.496823
0.80273
0.6978
0.803041
0.699041
-0.000869274
1.575
1.5
0.414367
2
1.195
0.84
0.398246
1.5
0.865
0.22
0.343984
1.2
-0.0200576
0.389928
0.754255
1
-0.483609
1.23332
0.45793
0.5
0.430823
1.24478
0.471699
0.5
0
-0.195
-0.54
-0.005
0.4
-0.956784
-0.265493
-0.607014
1.59434
-0.315
1.41
0.304287
1.59481
0.605
1.44
1.245
1.37
1.08963
1.84525
-0.507131
0.198247
-0.707799
-0.00304049
-0.709042
0.80087
-0.508065
0.80118
-0.407575
0.801335
-0.206597
0.801643
0.195357
0.802265
0.396335
0.802575
0.496823
0.80273
0.6978
0.803041
0.699041
-0.000869274
1.395
1.58
0.378021
2
1.105
0.92
0.396611
1.5
0.825
0.3
0.343984
1.2
-0.0200576
0.389928
0.754255
1
-0.483609
1.23332
0.45793
0.5
0.430823
1.24478
0.471699
0.5
0
-0.195
-0.54
-0.005
0.4
-0.956784
-0.265493
-0.607014
1.59434
-0.315
1.41
0.304287
1.59481
0.605
1.44
1.245
1.37
0.950914
1.77437
-0.507131
0.198247
-0.707799
-0.00304049
-0.709042
0.80087
-0.508065
0.80118
-0.407575
0.801335
-0.206597
0.801643
0.195357
0.802265
0.396335
0.802575
0.496823
0.80273
0.6978
0.803041
0.699041
-0.000869274
1.255
1.62
0.378021
2
1.065
0.91
0.399625
1.5
0.815
0.3
0.343984
1.2
-0.0200576
0.389928
0.754255
1
-0.483609
1.23332
0.45793
0.5
0.430823
1.24478
0.471699
0.5
0
-0.195
-0.54
-0.005
0.4
-0.956784
-0.265493
-0.607014
1.59434
-0.315
1.41
0.304287
1.59481
0.605
1.44
1.245
1.18
0.865
1.5
-0.507131
0.198247
-0.707799
-0.00304049
-0.709042
0.80087
-0.508065
0.80118
-0.407575
0.801335
-0.206597
0.801643
0.195357
0.802265
0.396335
0.802575
0.496823
0.80273
0.6978
0.803041
0.699041
-0.000869274
1.255
1.4
0.378021
2
1.055
0.68
0.374433
1.5
0.825
0.19
0.343984
1.2
-0.0200576
0.389928
0.754255
1
-0.483609
1.23332
0.45793
0.5
0.430823
1.24478
0.471699
0.5
0
-0.195
-0.54
-0.005
0.4
-0.956784
-0.265493
-0.607014
1.59434
-0.315
1.41
0.304287
1.59481
0.605
1.44
1.225
0.91
0.766328
1.10905
-0.507131
0.198247
-0.707799
-0.00304049
-0.709042
0.80087
-0.508065
0.80118
-0.407575
0.801335
-0.206597
0.801643
0.195357
0.802265
0.396335
0.802575
0.496823
0.80273
0.6978
0.803041
0.699041
-0.000869274
1.245
1.16
0.378021
2
1.065
0.61
0.328024
1.5
0.805
0.15
0.343984
1.2
-0.0200576
0.389928
0.754255
1
-0.483609
1.23332
0.45793
0.5
0.430823
1.24478
0.471699
0.5
0
-0.195
-0.54
-0.005
0.4
-0.956784
-0.265493
-0.607014
1.59434
-0.315
1.41
0.304287
1.59481
0.605
1.44
1.195
0.59
0.701416
0.669844
-0.507131
0.198247
-0.707799
-0.00304049
-0.709042
0.80087
-0.508065
0.80118
-0.407575
0.801335
-0.206597
0.801643
0.195357
0.802265
0.396335
0.802575
0.496823
0.80273
0.6978
0.803041
0.699041
-0.000869274
1.205
0.87
0.378021
2
1.045
0.44
0.328024
1.5
0.725
0.05
0.343984
1.2
-0.0200576
0.389928
0.754255
1
-0.483609
1.23332
0.45793
0.5
0.430823
1.24478
0.471699
0.5
0
-0.195
-0.54
-0.005
0.4
-0.956784
-0.265493
-0.607014
1.59434
-0.315
1.41
0.304287
1.59481
0.605
1.44
1.205
0.29
0.705025
0.285
-0.507131
0.198247
-0.707799
-0.00304049
-0.709042
0.80087
-0.508065
0.80118
-0.407575
0.801335
-0.206597
0.801643
0.195357
0.802265
0.396335
0.802575
0.496823
0.80273
0.6978
0.803041
0.699041
-0.000869274
1.205
0.54
0.378021
2
1.075
0.21
0.328024
1.5
0.655
0.07
0.343984
1.2
-0.0200576
0.389928
0.754255
1
-0.483609
1.23332
0.45793
0.5
0.430823
1.24478
0.471699
0.5
0
-0.195
-0.54
-0.005
0.4
-0.956784
-0.265493
-0.607014
1.59434
-0.315
1.41
0.304287
1.59481
0.605
1.44
1.195
-0.19
0.706019
-0.294389
-0.507131
0.198247
-0.707799
-0.00304049
-0.709042
0.80087
-0.508065
0.80118
-0.407575
0.801335
-0.206597
0.801643
0.195357
0.802265
0.396335
0.802575
0.496823
0.80273
0.6978
0.803041
0.699041
-0.000869274
1.275
0.06
0.378021
2
1.065
-0.12
0.328024
1.5
0.605
0.04
0.343984
1.2
-0.0200576
0.389928
0.754255
1
-0.483609
1.23332
0.45793
0.5
0.430823
1.24478
0.471699
0.5
0
-0.195
-0.54
-0.005
0.4
-0.956784
-0.265493
-0.607014
1.59434
-0.315
1.41
0.304287
1.59481
0.605
1.44
1.145
-0.58
0.686369
-0.779142
-0.507131
0.198247
-0.707799
-0.00304049
-0.709042
0.80087
-0.508065
0.80118
-0.407575
0.801335
-0.206597
0.801643
0.195357
0.802265
0.396335
0.802575
0.496823
0.80273
0.6978
0.803041
0.699041
-0.000869274
0.965
-0.69
0.378021
2
0.855
-0.16
0.328024
1.5
0.555
0.05
0.343984
1.2
-0.0200576
0.389928
0.754255
1
-0.483609
1.23332
0.45793
0.5
0.430823
1.24478
0.471699
0.5
0
-0.195
-0.54
-0.005
0.4
-0.956784
-0.265493
-0.607014
1.59434
-0.315
1.41
0.304287
1.59481
0.605
1.44
1.145
-0.91
0.725042
-1.18136
-0.507131
0.198247
-0.707799
-0.00304049
-0.709042
0.80087
-0.508065
0.80118
-0.407575
0.801335
-0.206597
0.801643
0.195357
0.802265
0.396335
0.802575
0.496823
0.80273
0.6978
0.803041
0.699041
-0.000869274
0.995
-0.95
0.378021
2
0.905
-0.42
0.328024
1.5
0.645
0.05
0.343984
1.2
-0.0200576
0.389928
0.754255
1
-0.483609
1.23332
0.45793
0.5
0.430823
1.24478
0.471699
0.5
0
-0.195
-0.54
-0.005
0.4
-0.956784
-0.265493
-0.607014
1.59434
-0.315
1.41
0.304287
1.59481
0.605
1.44
1.165
-1.17
0.808758
-1.52084
-0.507131
0.198247
-0.707799
-0.00304049
-0.709042
0.80087
-0.508065
0.80118
-0.407575
0.801335
-0.206597
0.801643
0.195357
0.802265
0.396335
0.802575
0.496823
0.80273
0.6978
0.803041
0.699041
-0.000869274
1.035
-1.25
0.378021
2
1.035
-0.64
0.328024
1.5
0.695
-0.07
0.343984
1.2
-0.0200576
0.389928
0.754255
1
-0.483609
1.23332
0.45793
0.5
0.430823
1.24478
0.471699
0.5
0
-0.195
-0.54
-0.005
0.4
-0.956784
-0.265493
-0.607014
1.59434
-0.315
1.41
0.304287
1.59481
0.605
1.44
1.165
-1.17
1.07811
-1.66239
-0.507131
0.198247
-0.707799
-0.00304049
-0.709042
0.80087
-0.508065
0.80118
-0.407575
0.801335
-0.206597
0.801643
0.195357
0.802265
0.396335
0.802575
0.496823
0.80273
0.6978
0.803041
0.699041
-0.000869274
1.135
-1.3
0.378021
2
1.025
-0.71
0.328024
1.5
0.755
-0.21
0.343984
1.2
-0.0200576
0.389928
0.754255
1
-0.483609
1.23332
0.45793
0.5
0.430823
1.24478
0.471699
0.5
0
-0.195
-0.54
-0.005
0.4
-0.956784
-0.265493
-0.607014
1.59434
-0.315
1.41
0.304287
1.59481
0.605
1.44
1.165
-1.17
1.225
-1.66
-0.507131
0.198247
-0.707799
-0.00304049
-0.709042
0.80087
-0.508065
0.80118
-0.407575
0.801335
-0.206597
0.801643
0.195357
0.802265
0.396335
0.802575
0.496823
0.80273
0.6978
0.803041
0.699041
-0.000869274
1.205
-1.38
0.378021
2
1.035
-0.73
0.328024
1.5
0.775
-0.18
0.343984
1.2
-0.0200576
0.389928
0.754255
1
-0.483609
1.23332
0.45793
0.5
0.430823
1.24478
0.471699
0.5
0
-0.195
-0.54
-0.005
0.4
-0.956784
-0.265493
-0.607014
1.59434
-0.315
1.41
0.304287
1.59481
0.605
1.44
1.165
-1.17
1.42855
-1.5949
-0.507131
0.198247
-0.707799
-0.00304049
-0.709042
0.80087
-0.508065
0.80118
-0.407575
0.801335
-0.206597
0.801643
0.195357
0.802265
0.396335
0.802575
0.496823
0.80273
0.6978
0.803041
0.699041
-0.000869274
1.275
-1.32
0.378021
2
1.035
-0.69
0.328024
1.5
0.735
-0.14
0.343984
1.2
-0.0200576
0.389928
0.754255
1
-0.483609
1.23332
0.45793
0.5
0.430823
1.24478
0.471699
0.5
0
-0.195
-0.54
-0.005
0.4
-0.956784
-0.265493
-0.607014
1.59434
-0.315
1.41
0.304287
1.59481
0.605
1.44
1.165
-1.17
1.57569
-1.4552
-0.507131
0.198247
-0.707799
-0.00304049
-0.709042
0.80087
-0.508065
0.80118
-0.407575
0.801335
-0.206597
0.801643
0.195357
0.802265
0.396335
0.802575
0.496823
0.80273
0.6978
0.803041
0.699041
-0.000869274
1.355
-1.27
0.378021
2
0.995
-0.77
0.328024
1.5
0.785
-0.24
0.343984
1.2
-0.0200576
0.389928
0.754255
1
-0.483609
1.23332
0.45793
0.5
0.430823
1.24478
0.471699
0.5
0
-0.195
-0.54
-0.005
0.4
-0.956784
-0.265493
-0.607014
1.59434
-0.315
1.41
0.304287
1.59481
0.605
1.44
1.165
-1.17
1.66496
-1.17617
-0.507131
0.198247
-0.707799
-0.00304049
-0.709042
0.80087
-0.508065
0.80118
-0.407575
0.801335
-0.206597
0.801643
0.195357
0.802265
0.396335
0.802575
0.496823
0.80273
0.6978
0.803041
0.699041
-0.000869274
1.325
-1.16
0.378021
2
0.995
-0.69
0.328024
1.5
0.715
-0.14
0.343984
1.2
-0.0200576
0.389928
0.754255
1
-0.483609
1.23332
0.45793
0.5
0.430823
1.24478
0.471699
0.5
0
