42
10
15
9
6
-0.005
-0.89
-0.005
0.51
-0.954519
0.0505001
-0.486286
1.20942
-0.585
1.56
-0.223776
1.1988
-0.285
1.55
0.343021
1.20613
0.295
1.48
0.601799
1.19035
0.575
1.53
0.695
-0.19
0.895
-0.89
1.095
-1.19
1.32
-1.21
-0.505
0.11
-0.705
0.31
-0.505
0.91
-0.305
0.91
0.295
0.91
0.495
0.91
0.695
0.31
0.595
0.21
0.495
0.11
1.195
-1.24
0.330341
2
0.87
-0.76
0.31241
1.5
0.68
-0.17
0.355106
1.2
-0.005
0.51
0.7
1
-0.48
1.4
0.308707
0.5
0.47
1.37
0.299666
0.5
0
0.104629
-0.483972
-0.005
0.51
-0.900118
-0.0594556
-0.495
1.11
-0.575
1.54
-0.25806
1.15104
-0.315
1.51
0.285
1.21
0.285
1.49
0.575
1.23
0.615
1.51
0.781092
-0.0920078
1.07143
-0.75976
1.395
-0.97
1.605
-0.98
-0.448155
0.0476561
-0.672752
0.219658
-0.553345
0.840856
-0.355045
0.867153
0.239855
0.946046
0.438154
0.972344
0.715347
0.403742
0.629346
0.291443
0.543345
0.179144
1.525
-0.97
0.330341
2
1.075
-0.6
0.31241
1.5
0.765
-0.05
0.355106
1.2
-0.005
0.51
0.7
1
-0.435
1.34
0.308707
0.5
0.445
1.35
0.299666
0.5
0
0.155
-0.39
-0.005
0.51
-0.9377
-0.0445221
-0.488262
1.0867
-0.565
1.53
-0.273632
1.12101
-0.315
1.5
0.305
1.2
0.285
1.48
0.575
1.22
0.605
1.51
0.755562
-0.0157828
1.21133
-0.624097
1.535
-0.7
1.78361
-0.671729
-0.413154
0.0164338
-0.649751
0.171547
-0.576123
0.799855
-0.380267
0.840597
0.207299
0.962824
0.403154
1.00357
0.721236
0.456743
0.643679
0.338444
0.566123
0.220145
1.685
-0.68
0.330341
2
1.155
-0.45
0.31241
1.5
0.745
0.06
0.355106
1.2
-0.005
0.51
0.7
1
-0.455
1.33
0.308707
0.5
0.445
1.35
0.299666
0.5
0
0.186691
-0.351455
-0.005
0.63
-0.845
-0.02
-0.495
1.08
-0.585
1.55
-0.275
1.16
-0.315
1.53
0.305
1.29
0.295
1.49
0.585
1.32
0.605
1.51
0.715
0.03
1.115
-0.57
1.555
-0.58
1.77807
-0.54361
-0.390529
0.118301
-0.633983
0.262596
-0.588847
0.893802
-0.394972
0.943381
0.186654
1.09212
0.380529
1.1417
0.723142
0.609653
0.650995
0.487926
0.578847
0.366199
1.665
-0.56
0.330341
2
1.085
-0.37
0.31241
1.5
0.745
0.2
0.355106
1.2
-0.005
0.63
0.7
1
-0.405
1.37
0.308707
0.5
0.455
1.4
0.299666
0.5
0
0.235
-0.33
-0.005
0.63
-0.895
0.01
-0.455
1.1
-0.595
1.54
-0.255
1.14
-0.255
1.48
0.315
1.3
0.325
1.52
0.535
1.3
0.595
1.52
0.745
-0.06
1.225
-0.38
1.645
-0.38
1.865
-0.28
-0.357189
0.0947537
-0.609355
0.223264
-0.604501
0.856107
-0.414163
0.917934
0.156851
1.10342
0.34719
1.16525
0.723011
0.65606
0.658757
0.529977
0.594501
0.403894
1.765
-0.34
0.330341
2
1.195
-0.24
0.31241
1.5
0.765
0.2
0.355106
1.2
0.005
0.6
0.7
1
-0.395
1.41
0.308707
0.5
0.435
1.4
0.299666
0.5
0
0.265
-0.26
-0.005
0.63
-0.844512
-0.0597619
-0.469568
1.08595
-0.601754
1.56816
-0.259514
1.1434
-0.255
1.51
0.315
1.3
0.338547
1.51006
0.545
1.3
0.615
1.5
0.839483
0.00396872
1.33943
-0.169717
1.695
0.06
1.87464
0.259834
-0.32826
0.0767789
-0.586906
0.191712
-0.615687
0.823937
-0.428898
0.895794
0.131471
1.11136
0.31826
1.18322
0.72062
0.694709
0.663154
0.565386
0.605687
0.436063
1.835
0.18
0.35
2
1.355
-0.05
0.31241
1.5
0.879067
0.241025
0.355106
1.2
-0.005
0.63
0.7
1
-0.425
1.38
0.308707
0.5
0.465
1.38
0.299666
0.5
0
0.361099
-0.335157
0.065
0.62
-0.755
-0.06
-0.453361
1.09457
-0.595
1.54
-0.255
1.14
-0.245
1.5
0.315
1.3
0.325
1.51
0.545
1.29
0.615
1.52
0.875
0.14
1.465
-0.01
1.585
0.51
1.695
0.77
-0.254318
0.0644722
-0.513784
0.177562
-0.547073
0.809585
-0.360795
0.882773
0.19804
1.10234
0.384318
1.17553
0.790162
0.689882
0.733617
0.560148
0.677072
0.430415
1.655
0.7
0.330341
2
1.465
0.27
0.31241
1.5
0.951844
0.237325
0.355106
1.2
0.065
0.62
0.7
1
-0.395
1.37
0.308707
0.5
0.455
1.39
0.299666
0.5
0
0.361099
-0.335157
0.065
0.62
-0.705
-0.11
-0.453361
1.09457
-0.595
1.54
-0.255
1.14
-0.245
1.5
0.315
1.3
0.325
1.51
0.545
1.29
0.615
1.52
1.015
0.24
1.495
0.31
1.585
0.9
1.625
1.16
-0.254318
0.0644722
-0.513784
0.177562
-0.547073
0.809585
-0.360795
0.882773
0.19804
1.10234
0.384318
1.17553
0.790162
0.689882
0.733617
0.560148
0.677072
0.430415
1.615
1.05
0.367967
2
1.425
0.52
0.31241
1.5
0.875
0.46
0.355106
1.2
0.065
0.62
0.7
1
-0.415
1.37
0.308707
0.5
0.435
1.35
0.299666
0.5
0
0.391099
-0.335157
0.095
0.62
-0.665
-0.11
-0.447085
1.10131
-0.595
1.55
-0.221892
1.16231
-0.265
1.53
0.295
1.29
0.295
1.51
0.565
1.33
0.595
1.54
1.105
0.46
1.515
0.63
1.485
1.15
1.435
1.43
-0.224318
0.0644722
-0.483784
0.177562
-0.517073
0.809585
-0.330795
0.882773
0.22804
1.10234
0.414318
1.17553
0.820162
0.689882
0.763618
0.560148
0.707072
0.430415
1.435
1.33
0.330341
2
1.425
0.83
0.31241
1.5
0.995
0.5
0.355106
1.2
0.095
0.62
0.7
1
-0.395
1.38
0.308707
0.5
0.455
1.39
0.299666
0.5
0
0.448847
-0.302627
0.115
0.64
-0.537991
-0.188037
-0.477753
1.08088
-0.593056
1.56741
-0.266022
1.16291
-0.315
1.53
0.285
1.3
0.295
1.51
0.585
1.35
0.595
1.52
1.175
0.57
1.365
0.89
1.215
1.31
1.105
1.52
-0.161237
0.0618476
-0.428535
0.15492
-0.509688
0.782588
-0.329504
0.8697
0.211052
1.13104
0.391236
1.21815
0.83276
0.76471
0.786224
0.631061
0.739688
0.497412
1.155
1.39
0.360694
2
1.215
0.85
0.31241
1.5
0.775
0.6
0.355106
1.2
0.115
0.64
0.7
1
-0.445
1.39
0.304795
0.5
0.435
1.41
0.299666
0.5
0
0.448847
-0.302627
0.115
0.64
-0.537991
-0.188037
-0.477753
1.08088
-0.593056
1.56741
-0.266022
1.16291
-0.315
1.53
0.285
1.3
0.295
1.51
0.585
1.35
0.575
1.54
1.245
0.86
1.265
1.07
0.785
1.31
0.51523
1.44124
-0.161237
0.0618476
-0.428535
0.15492
-0.509688
0.782588
-0.329504
0.8697
0.211052
1.13104
0.391236
1.21815
0.83276
0.76471
0.786224
0.631061
0.739688
0.497412
0.655
1.35
0.384708
2
1.095
0.98
0.31241
1.5
0.715
0.68
0.355106
1.2
0.115
0.64
0.7
1
-0.455
1.31
0.332415
0.5
0.465
1.43
0.299666
0.5
0
0.508847
-0.282627
0.175
0.66
-0.477991
-0.168037
-0.445753
1.10256
-0.590272
1.58122
-0.241671
1.18841
-0.325
1.56
0.345
1.32
0.305
1.5
0.645
1.37
0.595
1.56
1.415
1
1.325
1.33
0.345
1.42
0.049964
1.47435
-0.101237
0.0818476
-0.368535
0.17492
-0.449688
0.802588
-0.269504
0.889701
0.271052
1.15104
0.451236
1.23815
0.89276
0.78471
0.846224
0.651061
0.799688
0.517412
0.095
1.5
0.378021
2
0.975
1.16
0.314006
1.5
0.935
0.92
0.355106
1.2
0.175
0.66
0.7
1
-0.505
1.36
0.304138
0.5
0.565
1.46
0.299666
0.5
0
0.518847
-0.272627
0.185
0.67
-0.467991
-0.158037
-0.435753
1.11256
-0.580272
1.59122
-0.231671
1.19841
-0.315
1.57
0.355
1.33
0.315
1.51
0.655
1.38
0.605
1.57
1.425
1.01
1.335
1.34
-0.365
1.38
-0.664451
1.39815
-0.0912367
0.0918476
-0.358535
0.18492
-0.439688
0.812588
-0.259504
0.899701
0.281052
1.16104
0.461236
1.24815
0.90276
0.79471
0.856224
0.661061
0.809688
0.527412
-0.585
1.4
0.422019
2
0.935
1.12
0.31241
1.5
0.905
0.78
0.355106
1.2
0.185
0.67
0.7
1
-0.375
1.4
0.308707
0.5
0.485
1.45
0.299666
0.5
0
0.577139
-0.235948
0.225
0.7
-0.367478
-0.159855
-0.467099
1.11132
-0.605
1.59
-0.26819
1.20933
-0.305
1.54
0.295
1.3
0.295
1.51
0.565
1.35
0.585
1.57
1.475
0.93
1.235
1.37
-1.125
1.4
-1.425
1.4
-0.0282302
0.111379
-0.299002
0.193841
-0.404852
0.817844
-0.228235
0.912
0.301614
1.19446
0.47823
1.28862
0.937312
0.852927
0.896082
0.717542
0.854851
0.582155
-1.315
1.35
0.424382
2
-0.865
1.43
0.31241
1.5
0.945
0.99
0.355106
1.2
0.225
0.7
0.7
1
-0.435
1.42
0.360694
0.5
0.445
1.42
0.311448
0.5
1
-1.415
1.41
0.781089
-0.707107
0.707107
1.1
0.7
1
0
0.674058
-0.187959
0.255
0.72
-0.381274
-0.152223
-0.446607
1.0788
-0.558117
1.5662
-0.254372
1.19138
-0.295
1.54
0.305
1.32
0.295
1.52
0.565
1.37
0.575
1.57
1.48206
1.05193
1.2067
1.47079
-1.505
1.39
-1.80416
1.41244
0.0509372
0.112486
-0.225731
0.17244
-0.382492
0.785729
-0.21418
0.894086
0.290753
1.21915
0.459063
1.32751
0.952444
0.930939
0.922468
0.792606
0.89249
0.65427
-1.755
1.38
0.398246
2
-1.085
1.4
0.31241
1.5
0.948849
1.0682
0.355106
1.2
0.255
0.72
0.7
1
-0.385
1.38
0.360694
0.5
0.415149
1.45574
0.311448
0.5
1
-1.745
1.37
0.781089
-0.707107
0.707107
1.1
0.7
1
0
0.495
-0.24
0.255
0.72
-0.597053
0.0453589
-0.435
1.08
-0.54952
1.56671
-0.215
1.19
-0.295
1.56
0.325
1.32
0.285
1.51
0.625
1.35
0.595
1.54
1.705
0.95
1.535
1.32
-0.965
1.44
-1.26448
1.42238
-0.0790131
0.172813
-0.335535
0.292762
-0.352161
0.925752
-0.163926
0.994039
0.400778
1.19889
0.589013
1.26719
0.982108
0.77077
0.922135
0.642509
0.86216
0.514247
-1.135
1.4
0.398246
2
-0.795
1.44
0.31241
1.5
1.005
0.92
0.355106
1.2
0.255
0.72
0.7
1
-0.405
1.37
0.360694
0.5
0.465
1.41
0.311448
0.5
0
0.362153
-0.314183
0.185
0.67
-0.718239
0.065447
-0.474128
1.08394
-0.549454
1.57827
-0.225
1.19
-0.305
1.56
0.335
1.31
0.285
1.52
0.635
1.3
0.625
1.5
1.64885
0.78358
1.5089
1.166
-0.585
1.34
-0.884957
1.34634
-0.191639
0.151167
-0.437791
0.291213
-0.403856
0.923562
-0.210756
0.976616
0.368539
1.13577
0.561638
1.18883
0.913899
0.662591
0.843878
0.539515
0.773854
0.416438
-0.785
1.35
0.398246
2
0.855
1.1
0.31241
1.5
1.055
0.69
0.355106
1.2
0.185
0.67
0.7
1
-0.365
1.37
0.360694
0.5
0.449407
1.3411
0.311448
0.5
0
0.210894
-0.347827
0.145
0.65
-0.838386
0.186641
-0.405
1.14
-0.525
1.58
-0.183034
1.22537
-0.275
1.57
0.388696
1.26063
0.305
1.51
0.683913
1.20605
0.645
1.51
1.6097
0.54426
1.52826
0.943327
0.155
1.3
-0.140721
1.35095
-0.304796
0.192971
-0.527384
0.368149
-0.399618
0.988502
-0.200735
1.01221
0.395911
1.08332
0.594796
1.10703
0.864795
0.534086
0.777207
0.422793
0.689617
0.311498
-0.055
1.31
0.398246
2
0.955
0.99
0.31241
1.5
0.955
0.64
0.355106
1.2
0.105
0.56
0.7
1
-0.355
1.38
0.360694
0.5
0.555
1.39
0.311448
0.5
0
0.135
-0.37
0.125
0.6
-0.909121
0.259235
-0.425
1.11
-0.505
1.56
-0.228318
1.18116
-0.295
1.56
0.329754
1.25541
0.295
1.54
0.648693
1.22902
0.625
1.53
1.395
0.21
1.52384
0.807475
0.585
1.26
0.299438
1.35203
-0.35217
0.171543
-0.563549
0.360133
-0.397752
0.97148
-0.197767
0.982876
0.402184
1.01706
0.60217
1.02846
0.83634
0.439899
0.742046
0.33421
0.64775
0.228519
0.465
1.34
0.398246
2
0.965
1.05
0.31241
1.5
0.975
0.52
0.355106
1.2
0.125
0.6
0.7
1
-0.405
1.33
0.360694
0.5
0.485
1.37
0.311448
0.5
0
-0.432293
-0.288772
-0.015
0.62
-1.09412
0.768791
-0.345
1.25
-0.485
1.57
-0.105
1.27
-0.175
1.56
0.39865
1.17219
0.305
1.52
0.668591
1.08762
0.605
1.52
1.005
-0.06
1.325
0.24
1.495
0.94
1.575
1.19
-0.632263
0.444956
-0.739221
0.707411
-0.321272
1.18378
-0.136565
1.10604
0.417552
0.872788
0.602262
0.795044
0.553726
0.163176
0.422499
0.109697
0.29127
0.0562171
1.515
1.11
0.398246
2
1.245
0.43
0.354683
1.5
0.715
0.16
0.355106
1.2
-0.015
0.62
0.7
1
-0.305
1.38
0.360694
0.5
0.485
1.3
0.349285
0.5
1
1.535
1.1
0.842912
0.707107
0.707107
1.1
0.7
1
0
-0.585
-0.23
-0.095
0.63
-1.15659
0.874518
-0.355
1.27
-0.475
1.56
-0.126632
1.28547
-0.195
1.57
0.385956
1.14192
0.305
1.52
0.652538
1.02547
0.595
1.52
0.765
-0.21
1.245
-0.04
1.835
0.64
1.985
0.88
-0.725453
0.510737
-0.808566
0.781704
-0.349746
1.2189
-0.172706
1.12497
0.358409
0.843186
0.535453
0.749262
0.430713
0.124217
0.29523
0.0826598
0.159745
0.0411035
1.865
0.7
0.467547
2
1.275
0.18
0.348281
1.5
0.645
0.03
0.355106
1.2
-0.095
0.63
0.7
1
-0.295
1.36
0.334216
0.5
0.475
1.26
0.35609
0.5
1
1.925
0.79
0.842912
0.707107
0.707107
1.1
0.7
1
0
-0.585
-0.23
-0.095
0.63
-1.13862
0.925447
-0.355
1.27
-0.475
1.56
-0.126632
1.28547
-0.195
1.57
0.385956
1.14192
0.305
1.52
0.652538
1.02547
0.596971
1.52237
0.725
-0.29
1.265
-0.14
1.565
0.56
1.655
0.79
-0.725453
0.510737
-0.808566
0.781704
-0.349746
1.2189
-0.172706
1.12497
0.358409
0.843186
0.535453
0.749262
0.430713
0.124217
0.29523
0.0826598
0.159745
0.0411035
1.595
0.66
0.431393
2
1.165
0.1
0.35805
1.5
0.525
-0.03
0.393954
1.2
-0.095
0.63
0.7
1
-0.305
1.39
0.3
0.5
0.475
1.28
0.34176
0.5
0
-0.705
-0.1
-0.155
0.67
-1.1215
1.1329
-0.345
1.3
-0.465
1.56
-0.105
1.33
-0.195
1.56
0.371995
1.12734
0.295
1.52
0.605962
0.993634
0.596112
1.49354
0.545
-0.18
1.015
-0.14
1.325
0.35
1.485
0.57
-0.794791
0.620807
-0.847596
0.899291
-0.343436
1.28339
-0.17779
1.17055
0.319141
0.83203
0.484791
0.719193
0.31192
0.109419
0.172678
0.0830155
0.0334342
0.0566127
1.385
0.43
0.431393
2
0.805
0
0.35805
1.5
0.265
-0.01
0.393954
1.2
-0.155
0.67
0.7
1
-0.325
1.41
0.3
0.5
0.465
1.29
0.322025
0.5
0
-0.755
-0.05
-0.195
0.66
-1.13476
1.17517
-0.350225
1.2995
-0.455814
1.56569
-0.108928
1.31631
-0.186203
1.55091
0.355
1.03
0.335
1.39
0.555
0.88
0.605
1.32
0.457443
-0.22711
0.928957
-0.212906
1.185
0.24
1.305
0.49
-0.836564
0.645914
-0.874042
0.92689
-0.349573
1.28282
-0.190345
1.16108
0.287331
0.795831
0.446563
0.674085
0.240548
0.0746562
0.100061
0.0559162
-0.0404283
0.0371769
1.285
0.38
0.431393
2
0.715
-0.06
0.35805
1.5
0.195
-0.02
0.393954
1.2
-0.195
0.66
0.7
1
-0.315
1.44
0.3
0.5
0.475
1.16
0.336006
0.5
0
-0.815
-0.0600001
-0.205
0.65
-1.10804
1.22081
-0.327557
1.29659
-0.455
1.57
-0.0857031
1.30113
-0.135
1.56
0.355
0.96
0.335
1.26
0.555
0.8
0.595
1.17
0.401588
-0.269153
0.873243
-0.278913
1.095
0.15
1.215
0.42
-0.84649
0.668514
-0.869653
0.951047
-0.327752
1.27991
-0.174904
1.15022
0.283636
0.761168
0.436489
0.631486
0.200285
0.0432568
0.0590191
0.0316744
-0.0822489
0.0200931
1.135
0.29
0.431393
2
0.695
-0.11
0.35805
1.5
0.095
-0.04
0.393954
1.2
-0.205
0.65
0.7
1
-0.285
1.41
0.3
0.5
0.455
1.01
0.310645
0.5
0
-0.815
-0.0600001
-0.205
0.65
-1.16839
1.15193
-0.327557
1.29659
-0.455
1.57
-0.065
1.29
-0.065
1.56
0.365
0.88
0.355
1.16
0.565
0.76
0.615
1.06
0.295
-0.35
0.685
-0.45
0.905
-0.18
1.11214
0.0370066
-0.84649
0.668514
-0.869653
0.951047
-0.327752
1.27991
-0.174904
1.15022
0.283636
0.761168
0.436489
0.631486
0.200285
0.0432568
0.0590191
0.0316744
-0.0822489
0.0200931
1.005
-0.07
0.431393
2
0.375
-0.25
0.35805
1.5
0.085
-0.03
0.393954
1.2
-0.205
0.65
0.7
1
-0.255
1.42
0.3
0.5
0.435
0.95
0.310645
0.5
0
-0.855
-0.04
-0.205
0.65
-1.13616
1.20718
-0.315
1.3
-0.455
1.57
-0.055
1.29
-0.075
1.56
0.375762
0.85136
0.379707
1.13152
0.569551
0.721551
0.63442
1.0187
0.244638
-0.373682
0.629195
-0.49297
0.895
-0.4
1.11269
-0.193561
-0.844799
0.700414
-0.853875
0.983761
-0.29626
1.28526
-0.150048
1.14813
0.288582
0.736719
0.434799
0.599586
0.169606
0.0238163
0.0279333
0.0192775
-0.113742
0.0147399
1.005
-0.28
0.431393
2
0.415
-0.32
0.35805
1.5
-0.045
0.07
0.393954
1.2
-0.205
0.65
0.7
1
-0.255
1.43
0.3
0.5
0.445
0.9
0.310645
0.5
0
-0.855
-0.04
-0.205
0.65
-1.13616
1.20718
-0.315
1.3
-0.455
1.57
-0.055
1.29
-0.075
1.56
0.375762
0.85136
0.379707
1.13152
0.569551
0.721551
0.645
1.02
0.295
-0.28
0.575
-0.62
0.865
-0.55
1.105
-0.43
-0.844799
0.700414
-0.853875
0.983761
-0.29626
1.28526
-0.150048
1.14813
0.288582
0.736719
0.434799
0.599586
0.169606
0.0238163
0.0279333
0.0192775
-0.113742
0.0147399
0.965
-0.51
0.431393
2
0.395
-0.33
0.35805
1.5
0.035
0.03
0.393954
1.2
-0.205
0.65
0.7
1
-0.245
1.45
0.3
0.5
0.455
0.91
0.310645
0.5
0
-0.945
0.00999999
-0.255
0.65
-1.13857
1.28016
-0.325
1.31
-0.445
1.57
-0.055
1.28
-0.0592242
1.54855
0.425
0.8
0.375
1.08
0.595
0.69
0.675
0.93
0.185
-0.29
0.455
-0.62
0.765
-0.69
1.01388
-0.589628
-0.888769
0.751589
-0.875083
1.03479
-0.295008
1.29061
-0.160253
1.14217
0.244008
0.696849
0.378769
0.54841
0.068204
-0.00429595
-0.0733936
0.00254601
-0.214993
0.00938934
0.865
-0.65
0.431393
2
0.315
-0.45
0.35805
1.5
-0.055
-0.02
0.393954
1.2
-0.285
0.63
0.7
1
-0.245
1.42
0.3
0.5
0.475
0.86
0.310645
0.5
0
-0.945
0.00999999
-0.255
0.65
-1.13857
1.28016
-0.325
1.31
-0.445
1.57
-0.055
1.28
-0.0592242
1.54855
0.425
0.8
0.375
1.08
0.595
0.69
0.685
0.95
0.065
-0.4
0.415
-0.84
0.685
-0.9
0.945
-0.89
-0.888769
0.751589
-0.875083
1.03479
-0.295008
1.29061
-0.160253
1.14217
0.244008
0.696849
0.378769
0.54841
0.068204
-0.00429595
-0.0733936
0.00254601
-0.214993
0.00938934
0.745
-0.87
0.431393
2
0.175
-0.53
0.35805
1.5
-0.105
-0.04
0.393954
1.2
-0.255
0.65
0.7
1
-0.235
1.44
0.3
0.5
0.515
0.86
0.310645
0.5
0
-0.945
0.00999999
-0.255
0.65
-1.13857
1.28016
-0.325
1.31
-0.445
1.57
-0.055
1.28
-0.0592242
1.54855
0.445
0.75
0.465
1.01
0.595
0.61
0.695
0.84
0.045
-0.37
0.235
-0.94
0.685
-1.05
0.975
-1.06
-0.888769
0.751589
-0.875083
1.03479
-0.295008
1.29061
-0.160253
1.14217
0.244008
0.696849
0.378769
0.54841
0.068204
-0.00429595
-0.0733936
0.00254601
-0.214993
0.00938934
0.805
-1.09
0.431393
2
0.185
-0.78
0.35805
1.5
-0.015
-0.16
0.393954
1.2
-0.255
0.65
0.7
1
-0.225
1.44
0.3
0.5
0.505
0.81
0.310645
0.5
0
-0.945
0.00999999
-0.255
0.65
-1.13857
1.28016
-0.325
1.31
-0.445
1.57
-0.055
1.28
-0.0592242
1.54855
0.415
0.76
0.485
1.05
0.565
0.57
0.675
0.81
-0.025
-0.39
0.105
-1.05
0.585
-1.28
0.875
-1.34
-0.888769
0.751589
-0.875083
1.03479
-0.295008
1.29061
-0.160253
1.14217
0.244008
0.696849
0.378769
0.54841
0.068204
-0.00429595
-0.0733936
0.00254601
-0.214993
0.00938934
0.715
-1.34
0.431393
2
0.175
-0.94
0.35805
1.5
-0.055
-0.3
0.393954
1.2
-0.255
0.65
0.7
1
-0.225
1.43
0.3
0.5
0.475
0.82
0.310645
0.5
0
-0.945
0.00999999
-0.255
0.65
-1.13857
1.28016
-0.325
1.31
-0.445
1.57
-0.055
1.28
-0.0592242
1.54855
0.415
0.76
0.485
1.05
0.585
0.54
0.715
0.75
-0.025
-0.39
0.215
-1.07
0.455
-1.48
0.744871
-1.5573
-0.888769
0.751589
-0.875083
1.03479
-0.295008
1.29061
-0.160253
1.14217
0.244008
0.696849
0.378769
0.54841
0.068204
-0.00429595
-0.0733936
0.00254601
-0.214993
0.00938934
0.585
-1.5
0.431393
2
0.165
-0.92
0.35805
1.5
-0.025
-0.24
0.393954
1.2
-0.255
0.65
0.7
1
-0.225
1.43
0.3
0.5
0.525
0.78
0.310645
0.5
0
-0.945
0.00999999
-0.255
0.65
-1.13857
1.28016
-0.325
1.31
-0.445
1.57
-0.055
1.28
-0.0592242
1.54855
0.475
0.75
0.645
1.05
0.585
0.49
0.875
0.62
-0.025
-0.39
0.215
-1.07
0.455
-1.48
0.744871
-1.5573
-0.888769
0.751589
-0.875083
1.03479
-0.295008
1.29061
-0.160253
1.14217
0.244008
0.696849
0.378769
0.54841
0.068204
-0.00429595
-0.0733936
0.00254601
-0.214993
0.00938934
0.605
-1.53
0.431393
2
0.235
-0.96
0.35805
1.5
0.005
-0.32
0.393954
1.2
-0.255
0.65
0.7
1
-0.245
1.41
0.3
0.5
0.605
0.73
0.364005
0.5
0
-0.945
0.00999999
-0.255
0.65
-1.13857
1.28016
-0.325
1.31
-0.445
1.57
0.005
1.24
0.025
1.56
0.505
0.7
0.735
0.9
0.575
0.44
0.845
0.66
-0.025
-0.39
0.215
-1.07
0.455
-1.48
0.744871
-1.5573
-0.888769
0.751589
-0.875083
1.03479
-0.295008
1.29061
-0.160253
1.14217
0.244008
0.696849
0.378769
0.54841
0.068204
-0.00429595
-0.0733936
0.00254601
-0.214993
0.00938934
0.605
-1.54
0.431393
2
0.165
-0.96
0.35805
1.5
-0.005
-0.29
0.393954
1.2
-0.255
0.65
0.7
1
-0.195
1.41
0.339706
0.5
0.595
0.69
0.346554
0.5
0
-0.945
0.00999999
-0.255
0.65
-1.13857
1.28016
-0.325
1.31
-0.445
1.57
0.005
1.24
0.025
1.56
0.541981
0.662036
0.645
0.97
0.555
0.35
0.855
0.57
-0.025
-0.39
0.095
-1.17
0.285
-1.46
0.558411
-1.58348
-0.888769
0.751589
-0.875083
1.03479
-0.295008
1.29061
-0.160253
1.14217
0.244008
0.696849
0.378769
0.54841
0.068204
-0.00429595
-0.0733936
0.00254601
-0.214993
0.00938934
0.445
-1.57
0.431393
2
0.075
-0.96
0.35805
1.5
-0.025
-0.33
0.393954
1.2
-0.255
0.65
0.7
1
-0.195
1.43
0.321146
0.5
0.585
0.63
0.391152
0.5
0
-0.885
-0.04
-0.235
0.66
-1.17983
1.19814
-0.360945
1.3117
-0.445
1.57
-0.026154
1.27005
0.035
1.56
0.505
0.77
0.625
1.02
0.605
0.5
0.825
0.75
0.0827326
-0.356735
0.235
-1.11
0.482736
-1.39655
0.765692
-1.49631
-0.875174
0.70727
-0.885649
0.990628
-0.329409
1.29494
-0.182492
1.15849
0.258253
0.74917
0.405174
0.61273
0.142767
0.0355387
0.00108846
0.0303007
-0.140592
0.0250639
0.605
-1.43
0.431393
2
0.195
-0.84
0.35805
1.5
0.075
-0.25
0.393954
1.2
-0.235
0.66
0.7
1
-0.215
1.45
0.352486
0.5
0.595
0.74
0.35609
0.5
0
-0.715
-0.18
-0.215
0.58
-1.24452
0.930556
-0.365
1.32
-0.445
1.56
-0.055
1.24
0.015
1.56
0.485
0.79
0.565
1.04
0.635
0.57
0.815
0.87
0.225
-0.44
0.345
-1
0.675
-1.2
0.97175
-1.24467
-0.852755
0.505789
-0.916445
0.782159
-0.427396
1.18591
-0.257366
1.07957
0.252721
0.760548
0.422755
0.654211
0.273767
0.0377803
0.135582
0.00593483
-0.00260514
-0.0259098
0.825
-1.21
0.431393
2
0.355
-0.76
0.35805
1.5
0.175
-0.2
0.393954
1.2
-0.215
0.58
0.7
1
-0.215
1.42
0.326497
0.5
0.575
0.81
0.340588
0.5
0
-0.515
-0.18
-0.135
0.57
-1.20661
0.765593
-0.375
1.32
-0.465
1.56
-0.059885
1.24507
-0.025
1.56
0.535
0.9
0.575
1.16
0.735
0.72
0.865
1.03
0.345
-0.41
0.620771
-0.926585
0.935
-1.09
1.215
-1.06
-0.758322
0.41557
-0.856526
0.68169
-0.42249
1.14422
-0.240328
1.06026
0.306156
0.808385
0.488322
0.72443
0.418612
0.0939845
0.285552
0.044882
0.152489
-0.00421971
1.075
-1.05
0.431393
2
0.575
-0.75
0.35805
1.5
0.355
-0.18
0.393954
1.2
-0.135
0.57
0.7
1
-0.215
1.44
0.320156
0.5
0.605
0.96
0.361248
0.5
0
-0.375
-0.2
-0.095
0.55
-1.18446
0.561994
-0.375
1.32
-0.455
1.56
-0.0568894
1.24789
-0.025
1.56
0.495
0.99
0.505
1.28
0.735
0.84
0.785
1.19
0.475
-0.47
0.745
-0.82
1.085
-0.99
1.35958
-0.927317
-0.695951
0.323407
-0.824745
0.576186
-0.447983
1.08655
-0.257196
1.02456
0.315161
0.838582
0.505951
0.776593
0.510762
0.142241
0.384373
0.0778432
0.257981
0.0134464
1.215
-0.96
0.431393
2
0.615
-0.64
0.35805
1.5
0.415
-0.07
0.393954
1.2
-0.095
0.55
0.7
1
-0.255
1.41
0.339411
0.5
0.585
1.03
0.35
0.5
0
-0.195
-0.15
-0.085
0.56
-1.15451
0.351007
-0.465
1.25
-0.505
1.55
-0.171997
1.24048
-0.183522
1.55436
0.415
1.14
0.375
1.44
0.665
1.04
0.685
1.36
0.679955
-0.323552
1.01532
-0.611655
1.285
-0.81
1.565
-0.78
-0.627692
0.216302
-0.805056
0.437792
-0.539443
1.01401
-0.340016
0.991947
0.258263
0.925756
0.457692
0.903698
0.590934
0.283355
0.480189
0.194672
0.369442
0.10599
1.385
-0.82
0.454863
2
0.885
-0.43
0.35805
1.5
0.575
-0.01
0.393954
1.2
-0.085
0.56
0.7
1
-0.325
1.38
0.334215
0.5
0.515
1.24
0.342053
0.5
0
-0.055
-0.24
-0.015
0.48
-1.0421
0.126099
-0.455
1.14
-0.595
1.6
-0.214138
1.16665
-0.335
1.54
0.375
1.13
0.295
1.49
0.625
1.12
0.595
1.59
0.836904
-0.320238
0.965
-0.75
1.295
-0.96
1.57046
-0.901341
-0.519501
0.0822404
-0.718736
0.284326
-0.513803
0.884884
-0.313142
0.883458
0.288838
0.87918
0.489501
0.87776
0.685889
0.274353
0.584846
0.174735
0.483801
0.0751164
1.395
-0.93
0.482701
2
0.875
-0.46
0.35805
1.5
0.565
0.06
0.393954
1.2
-0.015
0.48
0.7
1
-0.385
1.29
0.380789
0.5
0.455
1.3
0.391152
0.5
0
