22
10
15
9
6
0.150768
-0.500741
0.015
0.49
-0.813216
-0.145045
-0.535705
1.09584
-0.592987
1.59255
-0.316245
1.12922
-0.385
1.56
0.315
1.14
0.295
1.5
0.605
1.17
0.595
1.59
0.827175
-0.07636
1.055
-0.69
1.355
-1
1.58006
-0.980188
-0.407101
0.00834146
-0.639151
0.170159
-0.547567
0.796076
-0.350634
0.831192
0.240167
0.936542
0.437101
0.971659
0.739384
0.415974
0.658476
0.299949
0.577567
0.183924
1.50387
-1.02247
0.330341
2
1.09957
-0.606894
0.31241
1.5
0.808894
-0.0593003
0.355106
1.2
0.015
0.49
0.7
1
-0.608986
1.28295
0.308707
0.5
0.331716
1.42022
0.299666
0.5
0
0.285
-0.35
0.025
0.6
-0.690447
-0.160143
-0.536654
1.10857
-0.605
1.6
-0.325
1.17
-0.375
1.56
0.358134
1.31501
0.305
1.5
0.535
1.31
0.595
1.6
0.91788
0.171549
1.2415
-0.39758
1.545
-0.49
1.76399
-0.434236
-0.31421
0.0566093
-0.569318
0.179024
-0.579598
0.811655
-0.390837
0.878003
0.175448
1.07704
0.36421
1.14339
0.752012
0.643453
0.690805
0.515899
0.629598
0.388345
1.73811
-0.653581
0.330341
2
1.27214
-0.308367
0.31241
1.5
0.897089
0.18545
0.355106
1.2
0.025
0.6
0.7
1
-0.718553
1.28241
0.308707
0.5
0.188016
1.56925
0.299666
0.5
0
0.315
-0.1
0.025
0.77
-0.640191
-0.0345845
-0.535
1.17
-0.585
1.6
-0.315
1.19
-0.365
1.57
0.235
1.36
0.295
1.59
0.535
1.38
0.585
1.59
0.943621
0.399759
1.30316
-0.147446
1.555
-0.11
1.76997
-0.0402804
-0.278628
0.205904
-0.541091
0.311687
-0.591988
0.942396
-0.407865
1.02074
0.144505
1.25576
0.328628
1.3341
0.747771
0.860067
0.694879
0.728835
0.641988
0.597604
1.81521
-0.371037
0.330341
2
1.328
-0.0564437
0.31241
1.5
0.921978
0.412296
0.355106
1.2
0.025
0.77
0.7
1
-0.760906
1.40329
0.308707
0.5
0.12543
1.74779
0.299666
0.5
0
0.315
-0.1
0.025
0.77
-0.640191
-0.0345845
-0.535
1.17
-0.585
1.6
-0.315
1.19
-0.365
1.57
0.235
1.36
0.295
1.59
0.535
1.38
0.585
1.59
0.795
0.27
1.30316
-0.147446
1.475
0.24
1.585
0.43
-0.278628
0.205904
-0.541091
0.311687
-0.591988
0.942396
-0.407865
1.02074
0.144505
1.25576
0.328628
1.3341
0.747771
0.860067
0.694879
0.728835
0.641988
0.597604
1.81521
-0.371037
0.330341
2
1.328
-0.0564437
0.31241
1.5
0.921978
0.412296
0.355106
1.2
0.025
0.77
0.7
1
-0.760906
1.40329
0.308707
0.5
0.12543
1.74779
0.299666
0.5
0
0.315
-0.1
0.025
0.77
-0.640191
-0.0345845
-0.535
1.17
-0.585
1.6
-0.315
1.19
-0.365
1.57
0.235
1.36
0.295
1.59
0.535
1.38
0.585
1.59
0.795
0.27
1.185
0.29
1.325
0.53
1.385
0.75
-0.278628
0.205904
-0.541091
0.311687
-0.591988
0.942396
-0.407865
1.02074
0.144505
1.25576
0.328628
1.3341
0.747771
0.860067
0.694879
0.728835
0.641988
0.597604
1.81521
-0.371037
0.330341
2
1.328
-0.0564437
0.31241
1.5
0.921978
0.412296
0.355106
1.2
0.025
0.77
0.7
1
-0.760906
1.40329
0.308707
0.5
0.12543
1.74779
0.299666
0.5
0
0.435
-0.09
0.145
0.78
-0.520191
-0.0245845
-0.415
1.18
-0.575
1.59
-0.195
1.2
-0.365
1.57
0.355
1.37
0.305
1.58
0.555
1.42
0.575
1.59
1.305
0.72
1.315
1.05
1.585
1.34
1.81547
1.53206
-0.158628
0.215904
-0.421091
0.321687
-0.471988
0.952396
-0.287865
1.03074
0.264505
1.26576
0.448628
1.3441
0.867771
0.870067
0.814879
0.738835
0.761988
0.607604
1.93521
-0.361037
0.330341
2
1.448
-0.0464437
0.31241
1.5
1.04198
0.422296
0.355106
1.2
0.145
0.78
0.7
1
-0.640906
1.41329
0.308707
0.5
0.24543
1.75779
0.299666
0.5
1
1.685
1.46
0.53
0.5547
-0.83205
0.8
0.4
0.4
0
0.565
-0.12
0.275
0.75
-0.390191
-0.0545845
-0.355
1.18
-0.555
1.59
-0.085
1.23
-0.245
1.57
0.385
1.38
0.295
1.56
0.655
1.44
0.675
1.6
1.435
0.69
1.445
1.02
1.925
1.2
2.225
1.2
-0.0286277
0.185904
-0.291091
0.291687
-0.341988
0.922396
-0.157865
1.00074
0.394505
1.23576
0.578628
1.3141
0.997771
0.840067
0.944879
0.708835
0.891988
0.577604
2.06521
-0.391037
0.330341
2
1.578
-0.0764437
0.31241
1.5
1.17198
0.392296
0.355106
1.2
0.275
0.75
0.7
1
-0.510906
1.38329
0.308707
0.5
0.37543
1.72779
0.299666
0.5
1
2.115
1.23
0.53
0.5547
-0.83205
0.8
0.4
0.4
0
0.475
-0.24
0.285
0.66
-0.481132
-0.0493535
-0.315
1.15
-0.562005
1.58473
-0.065
1.22
-0.185
1.58
0.455
1.33
0.305
1.56
0.755
1.37
0.715
1.61
1.42695
0.446652
1.48064
0.772456
2.00541
0.772872
2.27964
0.651245
-0.0908128
0.141084
-0.336962
0.280762
-0.303755
0.912738
-0.110842
0.965974
0.467899
1.12568
0.660813
1.17892
1.01343
0.653411
0.943595
0.530337
0.873756
0.407262
1.90829
-0.70858
0.330341
2
1.46704
-0.332095
0.31241
1.5
1.12673
0.186426
0.355106
1.2
0.285
0.66
0.7
1
-0.410069
1.39203
0.308707
0.5
0.514257
1.61596
0.299666
0.5
1
2.205
0.68
0.53
0.5547
-0.83205
0.8
0.4
0.4
0
0.295
-0.34
0.215
0.59
-0.644407
-0.00329387
-0.309313
1.16047
-0.555
1.58
-0.0518465
1.19421
-0.175
1.57
0.455
1.29
0.315
1.56
0.80972
1.31076
0.735
1.6
1.185
0.39
1.615
0.46
1.935
0.41
2.20685
0.283134
-0.230887
0.129719
-0.454712
0.303021
-0.331933
0.923974
-0.133369
0.949236
0.462323
1.02502
0.660887
1.05028
0.935236
0.479851
0.848585
0.367938
0.761933
0.256026
1.62742
-0.995865
0.330341
2
1.24413
-0.560362
0.31241
1.5
0.980971
0.00140309
0.355106
1.2
0.215
0.59
0.7
1
-0.369003
1.41361
0.308707
0.5
0.577965
1.50382
0.299666
0.5
0
0.295
-0.34
0.215
0.59
-0.644407
-0.00329387
-0.309313
1.16047
-0.555
1.58
-0.0518465
1.19421
-0.175
1.57
0.475
1.22
0.315
1.56
0.825
1.18
0.735
1.59
1.185
0.39
1.595
0.27
1.915
0.33
2.1955
0.436396
-0.230887
0.129719
-0.454712
0.303021
-0.331933
0.923974
-0.133369
0.949236
0.462323
1.02502
0.660887
1.05028
0.935236
0.479851
0.848585
0.367938
0.761933
0.256026
1.62742
-0.995865
0.330341
2
1.24413
-0.560362
0.31241
1.5
0.980971
0.00140309
0.355106
1.2
0.215
0.59
0.7
1
-0.369003
1.41361
0.308707
0.5
0.577965
1.50382
0.299666
0.5
0
0.275
-0.4
0.235
0.49
-0.64809
-0.0674501
-0.276057
1.14541
-0.537557
1.57157
-0.0351316
1.15654
-0.175
1.59
0.522293
1.21365
0.315
1.57
0.861266
1.18417
0.745
1.58
1.19596
0.250271
1.60068
0.113508
1.905
0.06
2.18964
0.15477
-0.229446
0.0484432
-0.445956
0.230807
-0.297739
0.84619
-0.0983019
0.863264
0.500009
0.914483
0.699445
0.931557
0.950103
0.35032
0.858921
0.242065
0.76774
0.133809
1.58101
-1.15263
0.330341
2
1.21595
-0.701728
0.31241
1.5
0.976121
-0.129609
0.355106
1.2
0.235
0.49
0.7
1
-0.314639
1.33695
0.308707
0.5
0.635247
1.38813
0.299666
0.5
0
0.275
-0.4
0.235
0.49
-0.64809
-0.0674501
-0.276057
1.14541
-0.537557
1.57157
-0.0351316
1.15654
-0.175
1.59
0.522293
1.21365
0.315
1.57
0.861266
1.18417
0.745
1.58
1.19596
0.250271
1.515
-0.05
1.765
-0.23
2.055
-0.23
-0.229446
0.0484432
-0.445956
0.230807
-0.297739
0.84619
-0.0983019
0.863264
0.500009
0.914483
0.699445
0.931557
0.950103
0.35032
0.858921
0.242065
0.76774
0.133809
1.58101
-1.15263
0.330341
2
1.21595
-0.701728
0.31241
1.5
0.976121
-0.129609
0.355106
1.2
0.235
0.49
0.7
1
-0.314639
1.33695
0.308707
0.5
0.635247
1.38813
0.299666
0.5
0
0.235
-0.41
0.205
0.52
-0.689596
-0.0188529
-0.315
1.18
-0.562005
1.61473
-0.0675965
1.19548
-0.223927
1.62368
0.503975
1.2378
0.29683
1.59529
0.832575
1.20922
0.703892
1.60134
1.16076
0.260194
1.47345
-0.0467008
1.645
-0.3
1.91841
-0.423476
-0.268604
0.088252
-0.481254
0.275115
-0.320179
0.887278
-0.120423
0.900172
0.478847
0.938854
0.678603
0.951748
0.917043
0.365372
0.823612
0.259047
0.73018
0.152721
1.51636
-1.15051
0.330341
2
1.16081
-0.692043
0.31241
1.5
0.933006
-0.115011
0.355106
1.2
0.205
0.52
0.7
1
-0.3268
1.37829
0.308707
0.5
0.623978
1.40958
0.299666
0.5
0
0.205
-0.42
0.175
0.51
-0.719596
-0.0288529
-0.345
1.17
-0.592005
1.60473
-0.0975965
1.18548
-0.253927
1.61368
0.473975
1.2278
0.26683
1.58529
0.802575
1.19922
0.673892
1.59134
1.105
0.11
1.235
-0.33
1.505
-0.59
1.77841
-0.713476
-0.298604
0.078252
-0.511254
0.265115
-0.350179
0.877278
-0.150423
0.890172
0.448847
0.928854
0.648603
0.941748
0.887043
0.355372
0.793612
0.249047
0.70018
0.142721
1.48636
-1.16051
0.330341
2
1.13081
-0.702043
0.31241
1.5
0.903006
-0.125011
0.355106
1.2
0.175
0.51
0.7
1
-0.3568
1.36829
0.308707
0.5
0.593978
1.39958
0.299666
0.5
0
0.085
-0.41
0.115
0.48
-0.812041
-0.00098595
-0.385117
1.1799
-0.62441
1.61892
-0.147003
1.17758
-0.295
1.65
0.420623
1.18058
0.205
1.59
0.746351
1.15058
0.615
1.6
0.925
-0.16
1.11957
-0.425642
1.37253
-0.702271
1.63756
-0.842863
-0.38508
0.0791768
-0.585446
0.279172
-0.385821
0.879898
-0.185641
0.880083
0.4149
0.880638
0.61508
0.880823
0.815817
0.280467
0.715819
0.180285
0.615822
0.0801021
1.3177
-1.27047
0.330341
2
0.991964
-0.790334
0.31241
1.5
0.801247
-0.199979
0.355106
1.2
0.115
0.48
0.7
1
-0.361252
1.37036
0.308707
0.5
0.589632
1.34122
0.299666
0.5
0
0.015
-0.42
0.045
0.47
-0.882041
-0.0109859
-0.455117
1.1699
-0.69441
1.60892
-0.217003
1.16758
-0.365
1.64
0.350623
1.17058
0.135
1.58
0.676351
1.14058
0.545
1.59
0.855
-0.17
1.045
-0.59
1.175
-0.89
1.40682
-1.08042
-0.45508
0.0691769
-0.655446
0.269172
-0.455821
0.869898
-0.255641
0.870083
0.3449
0.870638
0.54508
0.870823
0.745817
0.270467
0.64582
0.170285
0.545822
0.0701021
1.2477
-1.28047
0.330341
2
0.921964
-0.800334
0.31241
1.5
0.731247
-0.209979
0.355106
1.2
0.045
0.47
0.7
1
-0.431252
1.36036
0.308707
0.5
0.519633
1.33122
0.299666
0.5
0
-0.035
-0.42
-0.005
0.47
-0.93204
-0.0109859
-0.505117
1.1699
-0.74441
1.60892
-0.267003
1.16758
-0.365
1.57
0.300623
1.17058
0.0850001
1.57
0.626351
1.14058
0.515
1.53
0.805
-0.17
0.915
-0.75
1.065
-1.09
1.21069
-1.35225
-0.50508
0.0691769
-0.705445
0.269172
-0.505821
0.869898
-0.305641
0.870083
0.2949
0.870638
0.49508
0.870823
0.695817
0.270467
0.59582
0.170285
0.495822
0.0701021
1.1977
-1.28047
0.330341
2
0.871964
-0.800334
0.31241
1.5
0.681248
-0.209979
0.355106
1.2
-0.005
0.47
0.7
1
-0.481252
1.36036
0.308707
0.5
0.469633
1.33122
0.299666
0.5
0
-0.035
-0.42
-0.005
0.47
-0.93204
-0.0109859
-0.505117
1.1699
-0.74441
1.60892
-0.267003
1.16758
-0.365
1.57
0.300623
1.17058
0.0850001
1.57
0.626351
1.14058
0.515
1.53
0.795
-0.35
1.095
-0.76
1.065
-1.24
1.07499
-1.53983
-0.50508
0.0691769
-0.705445
0.269172
-0.505821
0.869898
-0.305641
0.870083
0.2949
0.870638
0.49508
0.870823
0.695817
0.270467
0.59582
0.170285
0.495822
0.0701021
1.1977
-1.28047
0.330341
2
0.871964
-0.800334
0.31241
1.5
0.681248
-0.209979
0.355106
1.2
-0.005
0.47
0.7
1
-0.481252
1.36036
0.308707
0.5
0.469633
1.33122
0.299666
0.5
0
-0.035
-0.43
-0.005
0.46
-0.93204
-0.0209859
-0.505117
1.1599
-0.74441
1.59892
-0.267003
1.15758
-0.365
1.56
0.300623
1.16058
0.0850001
1.56
0.626351
1.13058
0.515
1.52
0.905
-0.43
1.115
-0.83
1.105
-1.3
1.03432
-1.59155
-0.50508
0.0591769
-0.705445
0.259172
-0.505821
0.859898
-0.305641
0.860083
0.2949
0.860638
0.49508
0.860823
0.695817
0.260467
0.59582
0.160285
0.495822
0.0601021
1.1977
-1.29047
0.330341
2
0.871964
-0.810334
0.31241
1.5
0.681248
-0.219979
0.355106
1.2
-0.005
0.46
0.7
1
-0.481252
1.35036
0.308707
0.5
0.469633
1.32122
0.299666
0.5
0
-0.025
-0.45
0.005
0.44
-0.92204
-0.0409859
-0.495117
1.1399
-0.73441
1.57892
-0.257003
1.13758
-0.355
1.54
0.310623
1.14058
0.0950001
1.54
0.636351
1.11058
0.525
1.5
0.855
-0.5
1.025
-1
1.115
-1.31
1.18996
-1.60048
-0.49508
0.0391769
-0.695445
0.239172
-0.495821
0.839898
-0.295641
0.840083
0.3049
0.840638
0.50508
0.840823
0.705817
0.240467
0.60582
0.140285
0.505822
0.0401021
1.2077
-1.31047
0.330341
2
0.881964
-0.830334
0.31241
1.5
0.691248
-0.239979
0.355106
1.2
0.005
0.44
0.7
1
-0.471252
1.33036
0.308707
0.5
0.479632
1.30122
0.299666
0.5
0
-0.035
-0.47
-0.005
0.42
-0.93204
-0.060986
-0.505117
1.1199
-0.74441
1.55892
-0.267003
1.11758
-0.365
1.52
0.300623
1.12058
0.0850001
1.52
0.626351
1.09058
0.515
1.48
0.845
-0.52
0.975
-1.04
1.105
-1.33
1.285
-1.57
-0.50508
0.0191768
-0.705445
0.219172
-0.505821
0.819898
-0.305641
0.820083
0.2949
0.820638
0.49508
0.820823
0.695817
0.220467
0.59582
0.120285
0.495822
0.0201021
1.1977
-1.33047
0.330341
2
0.871964
-0.850334
0.31241
1.5
0.681248
-0.259979
0.355106
1.2
-0.005
0.42
0.7
1
-0.481252
1.31036
0.308707
0.5
0.469633
1.28122
0.299666
0.5
0
-0.025
-0.46
-0.005
0.41
-0.929736
-0.0756266
-0.508764
1.10748
-0.593079
1.60032
-0.268632
1.10608
-0.315
1.54
0.357791
1.1051
0.289669
1.49158
0.62308
1.08377
0.629089
1.58378
0.80008
-0.59612
0.913017
-1.18563
1.10398
-1.3747
1.3942
-1.41327
-0.503136
0.00666103
-0.704511
0.20568
-0.507848
0.807449
-0.307652
0.808627
0.292939
0.81216
0.493136
0.813339
0.696868
0.213926
0.597359
0.113239
0.497849
0.0125512
1.20649
-1.33465
0.330341
2
0.878342
-0.856096
0.31241
1.5
0.684681
-0.266635
0.355106
1.2
-0.005
0.41
0.7
1
-0.48571
1.29808
0.308707
0.5
0.465402
1.27365
0.299666
0.5
0
