36
10
15
9
6
0
-1
0
0.4
-0.966073
-0.0424973
-0.5
1.1
-0.6
1.6
-0.26804
1.09829
-0.295
1.5
0.350581
1.09571
0.325
1.55
0.630779
1.06999
0.702723
1.58036
0.7
-0.3
0.825
-1.01
1.1
-1.3
1.345
-1.33
-0.5
0
-0.7
0.2
-0.5
0.8
-0.3
0.8
0.3
0.8
0.5
0.8
0.7
0.2
0.6
0.1
0.5
0
1.2
-1.35
0.350179
2
0.835
-0.87
0.330151
1.5
0.7
-0.3
0.315317
1.2
0
0.4
0.7
1
-0.465
1.31
0.35
0.5
0.505
1.27
0.362353
0.5
0
-0.173127
-0.5849
0
0.4
-1.03944
0.177935
-0.336043
1.19215
-0.305
1.58
-0.135
1.07
-0.045
1.42
0.445
0.93
0.495
1.36
0.745
0.87
0.845
1.26
0.531321
-0.435624
0.499045
-1.15603
0.704519
-1.49896
0.937213
-1.5815
-0.575138
0.118124
-0.726944
0.356873
-0.401251
0.899235
-0.205973
0.855763
0.37986
0.725348
0.575138
0.681876
0.64
0.0525709
0.520626
-0.023332
0.401251
-0.099235
0.791289
-1.56951
0.350179
2
0.539239
-1.02151
0.330151
1.5
0.531321
-0.435624
0.315317
1.2
0
0.4
0.7
1
-0.256225
1.38959
0.35
0.5
0.682179
1.13969
0.362353
0.5
0
-0.305
-0.54
0
0.4
-1.0614
0.341214
-0.205
1.15
-0.165
1.48
-0.0298508
1.0829
0.015
1.37
0.485
0.79
0.535
1.12
0.725
0.67
0.825
0.97
0.285
-0.48
0.115
-0.94
0.285
-1.37
0.502171
-1.48752
-0.611861
0.210359
-0.724964
0.46973
-0.319326
0.955309
-0.133089
0.882175
0.425623
0.662774
0.61186
0.589641
0.578697
-0.0422048
0.449011
-0.0987566
0.319326
-0.155308
0.435
-1.4
0.350179
2
0.225
-0.84
0.330151
1.5
0.355
-0.28
0.315317
1.2
0
0.4
0.7
1
-0.100244
1.41742
0.35
0.5
0.788381
1.02547
0.362353
0.5
0
-0.435
-0.49
0
0.4
-1.05816
0.502699
-0.115
1.08
-0.075
1.31
0.035
0.98
0.115
1.21
0.538539
0.712055
0.555
0.95
0.757612
0.557066
0.815
0.8
0.14841
-0.51311
-0.095
-0.85
0.015
-1.09
0.21188
-1.23908
-0.633591
0.305232
-0.706104
0.578771
-0.231537
0.997336
-0.0585117
0.896822
0.460566
0.595281
0.633591
0.494768
0.505076
-0.124823
0.368307
-0.161079
0.231538
-0.197335
0.125
-1.17
0.350179
2
0.055
-0.65
0.330151
1.5
0.255
-0.29
0.315317
1.2
0
0.4
0.7
1
0.0550514
1.42096
0.35
0.5
0.874124
0.898867
0.362353
0.5
0
-0.522225
-0.452808
0
0.4
-1.0413
0.614914
-0.0418771
1.08846
-0.055
1.25
0.0966261
0.97303
0.145
1.14
0.568792
0.65291
0.565
0.79
0.770121
0.475436
0.805
0.7
-0.095
-0.4
-0.265
-0.64
-0.055
-0.82
0.135
-0.9
-0.640153
0.373295
-0.683104
0.653035
-0.166575
1.01868
-0.00522912
0.900283
0.478808
0.545099
0.640153
0.426705
0.446315
-0.175727
0.306445
-0.197202
0.166575
-0.218678
0.025
-0.85
0.350179
2
-0.175
-0.39
0.330151
1.5
0.175
-0.1
0.315317
1.2
0
0.4
0.7
1
0.005
1.05
0.35
0.5
0.705
0.62
0.362353
0.5
0
-0.522225
-0.452808
0
0.4
-1.0413
0.614914
-0.0418771
1.08846
-0.055
1.25
0.0966261
0.97303
0.145
1.14
0.568792
0.65291
0.565
0.79
0.770121
0.475436
0.805
0.7
0.415
-0.54
0.535
-0.91
0.645
-1.23
0.756417
-1.50854
-0.640153
0.373295
-0.683104
0.653035
-0.166575
1.01868
-0.00522912
0.900283
0.478808
0.545099
0.640153
0.426705
0.446315
-0.175727
0.306445
-0.197202
0.166575
-0.218678
0.735
-1.43
0.350179
2
0.555
-0.91
0.330151
1.5
0.355
-0.39
0.315317
1.2
0
0.4
0.7
1
0.045
1.05
0.35
0.5
0.645
0.67
0.362353
0.5
1
0.715
-1.38
0.607454
0.707107
0.707107
1
0.3
0.7
0
-0.215
-0.54
0
0.4
-1.04875
0.22226
-0.289011
1.02659
-0.359898
1.17242
-0.117985
0.969273
-0.133515
1.14249
0.438409
0.842289
0.385097
0.968711
0.69053
0.749945
0.641508
0.971953
0.775
-0.3
1.025
-0.5
1.265
-0.71
1.49222
-0.905882
-0.587065
0.142672
-0.728676
0.387856
-0.37992
0.916262
-0.186522
0.864474
0.393668
0.709114
0.587065
0.657327
0.625102
0.0253506
0.502511
-0.0454547
0.379919
-0.11626
1.395
-0.84
0.380789
2
0.935
-0.45
0.330151
1.5
0.605
-0.15
0.315317
1.2
0
0.4
0.7
1
-0.255
1.01
0.35
0.5
0.535
0.82
0.362353
0.5
1
1.435
-0.87
0.661287
0.707107
0.707107
1
0.3
0.7
0
0.161229
-0.586917
0
0.4
-0.877149
-0.202772
-0.526078
0.847112
-0.651803
0.949643
-0.346711
0.867072
-0.433717
1.01777
0.211781
0.986003
0.110177
1.07832
0.479502
1.0083
0.341558
1.18919
0.998114
0.0908132
1.30922
0.0145001
1.61546
-0.0750985
1.90417
-0.157262
-0.424571
-0.0806822
-0.656313
0.0822668
-0.562158
0.708702
-0.364811
0.743097
0.227225
0.846286
0.424571
0.880682
0.725105
0.323042
0.643631
0.207171
0.562157
0.0913002
1.825
-0.11
0.403113
2
1.225
0.05
0.330151
1.5
0.735
0.13
0.315317
1.2
0
0.4
0.7
1
-0.465
0.87
0.35
0.5
0.315
0.99
0.362353
0.5
1
1.83712
-0.148777
0.677858
0.707107
0.707107
1
0.3
0.7
0
0.532451
-0.446461
0
0.4
-0.525599
-0.526253
-0.669065
0.572164
-0.82707
0.609419
-0.516385
0.668612
-0.660622
0.766153
-0.0658341
1.02002
-0.197662
1.05864
0.165333
1.15723
-0.0379534
1.25965
1.0335
0.558505
1.34686
0.625962
1.66166
0.679333
1.95742
0.731721
-0.171743
-0.218349
-0.451591
-0.173113
-0.64097
0.43182
-0.478426
0.549125
0.00920089
0.901044
0.171743
1.01835
0.686203
0.648029
0.663586
0.508106
0.640968
0.368181
1.815
0.68
0.4245
2
1.305
0.6
0.330151
1.5
0.865
0.52
0.315317
1.2
0
0.4
0.7
1
-0.605
0.55
0.35
0.5
0.035
0.98
0.362353
0.5
1
1.89337
0.710019
0.680599
0.707107
0.707107
1
0.3
0.7
0
0.616963
-0.386992
0
0.4
-0.501376
-0.561842
-0.684874
0.491439
-0.846208
0.509654
-0.54472
0.605364
-0.699547
0.685082
-0.139073
1.00788
-0.274574
1.03056
0.0741754
1.17162
-0.13987
1.24916
1.00747
0.680247
1.31063
0.784482
1.61689
0.874899
1.725
1.15
-0.0970489
-0.234461
-0.380327
-0.222803
-0.640292
0.355411
-0.492822
0.49122
-0.0504187
0.898651
0.0970486
1.03446
0.651946
0.727867
0.646118
0.586229
0.64029
0.44459
1.665
1.03
0.412311
2
1.255
0.79
0.330151
1.5
0.755
0.64
0.315317
1.2
0
0.4
0.7
1
-0.625
0.51
0.35
0.5
-0.035
0.96
0.362353
0.5
0
0.615
-0.35
0
0.4
-0.464784
-0.580263
-0.687962
0.465526
-0.849898
0.477638
-0.552185
0.584683
-0.709941
0.658511
-0.161956
1.00231
-0.298241
1.01985
0.0449953
1.17401
-0.171865
1.24343
0.989323
0.686653
1.29542
0.833774
1.48127
0.960559
1.50998
1.20912
-0.0730364
-0.237788
-0.356604
-0.236834
-0.638267
0.331254
-0.496005
0.47256
-0.0692237
0.896482
0.0730361
1.03779
0.639217
0.752314
0.638741
0.610531
0.638264
0.468747
1.515
1.07
0.402492
2
1.135
0.8
0.330151
1.5
0.695
0.59
0.315317
1.2
0
0.4
0.7
1
-0.605
0.47
0.35
0.5
-0.065
1.03
0.362353
0.5
0
0.674386
-0.338379
0
0.4
-0.408187
-0.605219
-0.69062
0.426213
-0.852992
0.429077
-0.561847
0.552922
-0.723563
0.617643
-0.196031
0.992132
-0.333103
1.00189
0.000810387
1.17536
-0.219667
1.23231
0.971437
0.742591
1.195
0.84
1.345
1.05
1.3595
1.29981
-0.0365714
-0.240952
-0.319749
-0.256162
-0.633349
0.294984
-0.499364
0.444177
-0.0974122
0.891759
0.036571
1.04095
0.618136
0.788194
0.625742
0.646606
0.633347
0.505017
1.335
1.2
0.350179
2
1.035
0.83
0.330151
1.5
0.625
0.67
0.315317
1.2
0
0.4
0.7
1
-0.605
0.47
0.35
0.5
-0.145
1.01
0.362353
0.5
0
0.645
-0.33
0
0.4
-0.422797
-0.599244
-0.690214
0.43626
-0.852539
0.441485
-0.559602
0.561091
-0.720371
0.628162
-0.187409
0.994963
-0.324334
1.00671
0.0120907
1.17532
-0.20755
1.23548
0.937003
0.526392
1.15932
0.683186
1.3031
0.94114
1.32124
1.19073
-0.0458951
-0.240397
-0.329284
-0.251487
-0.634855
0.304202
-0.498703
0.45144
-0.0902544
0.893158
0.0458946
1.0404
0.623762
0.779187
0.629307
0.637494
0.634852
0.495799
1.305
1.12
0.350179
2
1.055
0.7
0.330151
1.5
0.625
0.61
0.315317
1.2
0
0.4
0.7
1
-0.555
0.48
0.35
0.5
-0.125
0.98
0.362353
0.5
0
0.625
-0.38
0
0.4
-0.479541
-0.573395
-0.687053
0.475854
-0.925
0.57
-0.565
0.62
-0.735
0.76
-0.155
1.01
-0.315
1.1
0.085
1.18
-0.075
1.29
0.942801
0.472366
1.17378
0.616143
1.285
0.84
1.245
1.05
-0.0826126
-0.23676
-0.366196
-0.231553
-0.639367
0.340822
-0.49497
0.480009
-0.0617827
0.897573
0.0826124
1.03676
0.644571
0.742762
0.641968
0.600971
0.639365
0.459179
1.185
0.94
0.37
2
1.015
0.63
0.260768
1.5
0.625
0.6
0.315317
1.2
0
0.4
0.7
1
-0.615
0.62
0.35
0.5
-0.055
1.07
0.362353
0.5
0
0.535
-0.43
0
0.4
-0.594284
-0.508082
-0.672851
0.558751
-0.897635
0.681114
-0.534176
0.687026
-0.685938
0.846657
-0.0797852
1.0244
-0.227692
1.13318
0.17912
1.16401
0.033642
1.29265
0.805
0.28
1.125
0.28
1.205
0.6
1.1908
0.813334
-0.159352
-0.222102
-0.440244
-0.182489
-0.641911
0.418908
-0.481657
0.539546
-0.000900006
0.901464
0.159352
1.02211
0.681521
0.661984
0.661716
0.52154
0.64191
0.381094
1.175
0.74
0.350179
2
0.935
0.43
0.330151
1.5
0.535
0.48
0.315317
1.2
0
0.4
0.7
1
-0.625
0.62
0.35
0.5
0.015
1
0.362353
0.5
0
0.445
-0.47
0
0.4
-0.695666
-0.43318
-0.650004
0.635728
-0.859117
0.783349
-0.49737
0.747076
-0.62962
0.923253
-0.00685403
1.02953
-0.141171
1.15474
0.266533
1.1382
0.136931
1.28286
0.925
0.28
1.135
0.26
1.295
0.52
1.30563
0.733573
-0.23044
-0.199521
-0.504886
-0.127597
-0.635486
0.493219
-0.462299
0.594479
0.0572557
0.898262
0.230441
0.999525
0.707406
0.581227
0.671445
0.444005
0.635484
0.306783
1.255
0.54
0.350179
2
0.875
0.31
0.330151
1.5
0.625
0.36
0.315317
1.2
0
0.4
0.7
1
-0.595
0.68
0.35
0.5
0.075
1.02
0.362353
0.5
0
0.395
-0.48
0
0.4
-0.740624
-0.393648
-0.63609
0.671234
-0.836768
0.830177
-0.477531
0.77401
-0.599881
0.95723
0.0278658
1.02902
-0.0993581
1.16146
0.306859
1.12247
0.185416
1.27406
0.917079
0.229168
1.12568
0.197618
1.305
0.32
1.425
0.58
-0.263171
-0.18597
-0.533263
-0.0990153
-0.629449
0.528126
-0.450924
0.619694
0.0846474
0.894402
0.263171
0.985974
0.716401
0.541968
0.672924
0.406922
0.629448
0.271876
1.355
0.44
0.382884
2
0.905
0.29
0.330151
1.5
0.585
0.38
0.315317
1.2
0
0.4
0.7
1
-0.575
0.71
0.35
0.5
0.115
0.99
0.362353
0.5
0
0.355
-0.49
0
0.4
-0.783093
-0.351947
-0.620337
0.705722
-0.812024
0.875443
-0.456366
0.799663
-0.568503
0.989335
0.0623046
1.02662
-0.0574826
1.16585
0.346031
1.10464
0.233067
1.26268
0.906437
0.179139
1.11302
0.136199
1.315
0.2
1.465
0.41
-0.294922
-0.170729
-0.559872
-0.0690911
-0.62155
0.562449
-0.438254
0.644104
0.111628
0.889073
0.294923
0.970733
0.723184
0.502503
0.672366
0.370028
0.621548
0.237553
1.355
0.25
0.394081
2
0.875
0.25
0.330151
1.5
0.665
0.36
0.315317
1.2
0
0.4
0.7
1
-0.575
0.78
0.35
0.5
0.165
1.02
0.362353
0.5
0
0.305
-0.45
0
0.4
-0.814968
-0.317442
-0.606593
0.732302
-0.790777
0.910174
-0.438695
0.819071
-0.542533
1.01344
0.0893602
1.0234
-0.0243037
1.1677
0.376225
1.08908
0.270192
1.25188
0.896125
0.140111
1.10068
0.0882702
1.285
0.1
1.475
0.26
-0.319365
-0.157493
-0.579697
-0.0444787
-0.614002
0.589201
-0.427328
0.662859
0.132693
0.883835
0.319367
0.957498
0.727014
0.471132
0.670507
0.340967
0.614001
0.210801
1.375
0.15
0.375366
2
0.845
0.2
0.330151
1.5
0.605
0.39
0.315317
1.2
0
0.4
0.7
1
-0.565
0.78
0.35
0.5
0.175
1.01
0.362353
0.5
0
0.255
-0.46
0
0.4
-0.85919
-0.26395
-0.584159
0.770399
-0.756614
0.959686
-0.41105
0.846269
-0.502264
1.04688
0.129013
1.01645
0.0247933
1.16773
0.419505
1.06368
0.324084
1.23293
0.877744
0.0833723
1.07858
0.0185651
1.295
0.03
1.51672
0.101505
-0.354351
-0.135983
-0.606946
-0.00655988
-0.600697
0.628055
-0.409686
0.68964
0.163342
0.874398
0.354352
0.935988
0.730117
0.424541
0.665406
0.298244
0.600695
0.171947
1.395
0.06
0.350179
2
0.875
0.14
0.330151
1.5
0.665
0.33
0.315317
1.2
0
0.4
0.7
1
-0.525
0.79
0.35
0.5
0.215
0.98
0.362353
0.5
0
0.185
-0.51
0
0.4
-0.919864
-0.177188
-0.545372
0.825572
-0.698591
1.03078
-0.365678
0.88423
-0.43693
1.0928
0.188452
1.00103
0.0994494
1.16175
0.482195
1.01974
0.4037
1.1975
0.842831
-0.000643432
1.03642
-0.0847094
1.295
-0.14
1.52265
-0.0904206
-0.404906
-0.098983
-0.643724
0.0544401
-0.575697
0.6855
-0.379575
0.728195
0.208787
0.856287
0.404908
0.898988
0.729117
0.353319
0.652406
0.233911
0.575695
0.114502
1.415
-0.11
0.350179
2
0.925
0.03
0.330151
1.5
0.635
0.2
0.315317
1.2
0
0.4
0.7
1
-0.515
0.88
0.35
0.5
0.265
0.95
0.362353
0.5
0
0.135
-0.48
0
0.4
-0.950095
-0.126191
-0.521395
0.854748
-0.663203
1.06803
-0.338747
0.903519
-0.398518
1.11569
0.220992
0.989913
0.140884
1.15527
0.515351
0.992571
0.446666
1.17437
0.819803
-0.0460873
1.00854
-0.140602
1.285
-0.26
1.51504
-0.222913
-0.431579
-0.076197
-0.661694
0.0900476
-0.559321
0.716524
-0.36114
0.748458
0.2334
0.844263
0.431582
0.876202
0.725563
0.313593
0.642442
0.198536
0.55932
0.083478
1.385
-0.28
0.389487
2
0.895
-0.03
0.330151
1.5
0.605
0.17
0.315317
1.2
0
0.4
0.7
1
-0.445
0.87
0.35
0.5
0.305
0.99
0.362353
0.5
0
0.075
-0.52
0
0.4
-0.986356
-0.0547003
-0.486453
0.891985
-0.612149
1.11516
-0.300699
0.927153
-0.34466
1.14316
0.263911
0.972029
0.196214
1.14285
0.557676
0.952968
0.502584
1.13934
0.784699
-0.105359
0.975
-0.26
1.205
-0.42
1.43716
-0.39998
-0.465545
-0.0430858
-0.68278
0.139686
-0.534473
0.75693
-0.334469
0.77416
0.265542
0.825855
0.465548
0.843091
0.717243
0.260307
0.625858
0.15169
0.534472
0.0430722
1.335
-0.43
0.350179
2
0.915
-0.18
0.330151
1.5
0.685
0.08
0.315317
1.2
0
0.4
0.7
1
-0.455
0.93
0.35
0.5
0.355
0.95
0.362353
0.5
0
0.065
-0.53
0
0.4
-0.995961
-0.0336396
-0.475926
0.90231
-0.596855
1.12814
-0.289438
0.933517
-0.328792
1.15044
0.276079
0.966355
0.212029
1.13861
0.569412
0.941035
0.518297
1.12857
0.773861
-0.122038
0.875
-0.33
1.085
-0.37
1.31757
-0.35493
-0.474948
-0.0331257
-0.688269
0.15426
-0.52682
0.76829
-0.326466
0.781256
0.274595
0.820159
0.47495
0.83313
0.714203
0.245034
0.620511
0.138373
0.526819
0.0317127
1.205
-0.39
0.350179
2
0.795
-0.12
0.330151
1.5
0.565
0.16
0.315317
1.2
0
0.4
0.7
1
-0.445
0.96
0.35
0.5
0.375
0.97
0.362353
0.5
0
0.055
-0.51
0
0.4
-1.00367
-0.0157142
-0.466864
0.910818
-0.583727
1.1388
-0.279831
0.938673
-0.315285
1.15629
0.28623
0.961351
0.225279
1.13474
0.579084
0.930763
0.531342
1.1192
0.625
-0.1
0.725
-0.33
0.925
-0.41
1.15782
-0.399109
-0.482689
-0.0245591
-0.692627
0.166643
-0.520162
0.777723
-0.319591
0.787089
0.28212
0.815192
0.482692
0.824564
0.711362
0.232217
0.615761
0.127249
0.520161
0.0222795
1.015
-0.42
0.350179
2
0.685
-0.07
0.330151
1.5
0.615
0.2
0.315317
1.2
0
0.4
0.7
1
-0.425
0.98
0.35
0.5
0.435
0.97
0.362353
0.5
0
0.085
-0.5
0
0.4
-0.991698
-0.0436488
-0.480995
0.897584
-0.585
1.16
-0.294804
0.930661
-0.355
1.18
0.270429
0.969166
0.225
1.21
0.564039
0.946781
0.555
1.18
0.638774
-0.0823457
0.745173
-0.30947
0.905
-0.56
1.13743
-0.542599
-0.470648
-0.0379168
-0.685863
0.147347
-0.53055
0.763043
-0.33031
0.778017
0.270409
0.822943
0.470651
0.837922
0.715813
0.252174
0.623181
0.144567
0.53055
0.0369593
0.995
-0.52
0.350179
2
0.735
-0.2
0.330151
1.5
0.575
0.23
0.315317
1.2
0
0.4
0.7
1
-0.445
1.03
0.35
0.5
0.425
1.08
0.362353
0.5
0
0.055
-0.49
0
0.4
-1.00699
-0.00788713
-0.462898
0.914508
-0.557449
1.18049
-0.275634
0.940901
-0.326869
1.19225
0.290644
0.95915
0.253862
1.20147
0.583279
0.926268
0.582594
1.15967
0.62113
-0.104927
0.705
-0.5
0.825
-0.66
1.095
-0.67
-0.486046
-0.0208105
-0.694502
0.172048
-0.517241
0.781821
-0.316583
0.789617
0.285389
0.813013
0.486049
0.820815
0.710098
0.226638
0.613669
0.12241
0.517241
0.0181819
0.965
-0.69
0.350179
2
0.695
-0.35
0.330151
1.5
0.615
0.05
0.315317
1.2
0
0.4
0.7
1
-0.405
1.06
0.35
0.5
0.445
1.02
0.362353
0.5
0
0.045
-0.51
0
0.4
-1.01532
0.0132045
-0.452074
0.924071
-0.525
1.29
-0.264294
0.946551
-0.265
1.27
0.302258
0.952979
0.305
1.28
0.594152
0.913996
0.625
1.23
0.610476
-0.117794
0.605
-0.6
0.795
-0.76
1.06474
-0.775633
-0.494736
-0.0105881
-0.699129
0.186585
-0.509176
0.792543
-0.308393
0.796151
0.293955
0.80698
0.49474
0.810593
0.706347
0.211851
0.607761
0.109655
0.509175
0.00745919
0.925
-0.78
0.407185
2
0.635
-0.34
0.330151
1.5
0.585
0.09
0.315317
1.2
0
0.4
0.7
1
-0.385
1.09
0.35
0.5
0.495
1.09
0.362353
0.5
0
0.025
-0.53
0
0.4
-1.02813
0.04828
-0.433851
0.939361
-0.494166
1.30762
-0.245386
0.955378
-0.234976
1.2787
0.32112
0.942332
0.3351
1.2691
0.611537
0.893335
0.653231
1.20813
0.592393
-0.138531
0.565
-0.7
0.775
-0.86
1.04408
-0.884896
-0.508614
0.00660771
-0.706134
0.210712
-0.495446
0.809858
-0.294633
0.806563
0.307803
0.796686
0.508618
0.793397
0.699548
0.187664
0.597497
0.0889049
0.495445
-0.009855
0.905
-0.87
0.393573
2
0.615
-0.32
0.330151
1.5
0.555
0.14
0.315317
1.2
0
0.4
0.7
1
-0.355
1.08
0.35
0.5
0.515
1.05
0.362353
0.5
0
0.025
-0.53
0
0.4
-1.02813
0.04828
-0.433851
0.939361
-0.494166
1.30762
-0.245386
0.955378
-0.234976
1.2787
0.32112
0.942332
0.3351
1.2691
0.611537
0.893335
0.653231
1.20813
0.592393
-0.138531
0.535
-0.81
0.775
-0.98
1.04408
-1.0049
-0.508614
0.00660771
-0.706134
0.210712
-0.495446
0.809858
-0.294633
0.806563
0.307803
0.796686
0.508618
0.793397
0.699548
0.187664
0.597497
0.0889049
0.495445
-0.009855
0.885
-1.02
0.366197
2
0.645
-0.48
0.330151
1.5
0.585
0.02
0.315317
1.2
0
0.4
0.7
1
-0.365
1.09
0.35
0.5
0.455
1.06
0.362353
0.5
0
0.025
-0.53
0
0.4
-1.02813
0.04828
-0.433851
0.939361
-0.475
1.39
-0.245386
0.955378
-0.234976
1.2787
0.315
0.95
0.31655
1.27009
0.675
0.94
0.665
1.36
0.592393
-0.138531
0.535
-0.87
0.755
-1.05
1.02408
-1.0749
-0.508614
0.00660771
-0.706134
0.210712
-0.495446
0.809858
-0.294633
0.806563
0.307803
0.796686
0.508618
0.793397
0.699548
0.187664
0.597497
0.0889049
0.495445
-0.009855
0.865
-1.03
0.444185
2
0.635
-0.53
0.330151
1.5
0.575
-0.06
0.315317
1.2
0
0.4
0.7
1
-0.365
1.08
0.35
0.5
0.505
1.11
0.362353
0.5
0
0.025
-0.53
0
0.4
-1.02813
0.04828
-0.405
1.01
-0.505
1.44
-0.225
0.99
-0.265
1.36
0.315
0.95
0.315
1.32
0.675
0.94
0.705
1.4
0.515
-0.43
0.565
-0.96
0.755
-1.11
1.025
-1.12
-0.508614
0.00660771
-0.706134
0.210712
-0.495446
0.809858
-0.294633
0.806563
0.307803
0.796686
0.508618
0.793397
0.699548
0.187664
0.597497
0.0889049
0.495445
-0.009855
0.855
-1.09
0.43382
2
0.565
-0.52
0.330151
1.5
0.575
0.04
0.315317
1.2
0
0.4
0.7
1
-0.345
1.16
0.35
0.5
0.525
1.14
0.362353
0.5
0
0.035
-0.48
0
0.4
-1.02206
0.0308939
-0.415295
1.00307
-0.522571
1.43133
-0.234975
0.986126
-0.28124
1.35541
0.305647
0.955281
0.299377
1.32524
0.665779
0.951383
0.687981
1.41184
0.615
-0.41
0.475
-0.99
0.755
-1.2
1.02514
-1.20542
-0.501895
-0.00197047
-0.702853
0.198766
-0.50234
0.80142
-0.301492
0.801528
0.301049
0.801861
0.501899
0.801975
0.703074
0.199541
0.602707
0.0990621
0.502339
-0.00141689
0.885
-1.22
0.417852
2
0.595
-0.58
0.330151
1.5
0.595
0
0.315317
1.2
0
0.4
0.7
1
-0.375
1.19
0.35
0.5
0.525
1.14
0.362353
0.5
0
0.035
-0.48
0
0.4
-1.0035
0.000746965
-0.425
1.08
-0.545
1.54
-0.189158
1.0797
-0.235
1.47
0.375
1.05
0.365
1.45
0.686196
1.03869
0.715
1.49
0.685
-0.39
0.655
-0.98
0.895
-1.24
1.165
-1.3
-0.501895
-0.00197047
-0.702853
0.198766
-0.50234
0.80142
-0.301492
0.801528
0.301049
0.801861
0.501899
0.801975
0.703074
0.199541
0.602707
0.0990621
0.502339
-0.00141689
1.005
-1.27
0.357771
2
0.705
-0.69
0.330151
1.5
0.635
-0.08
0.315317
1.2
0
0.4
0.7
1
-0.345
1.26
0.35
0.5
0.565
1.24
0.362353
0.5
0
0.035
-0.48
0
0.4
-0.99766
-0.0078475
-0.449198
1.09668
-0.528618
1.59033
-0.189158
1.0797
-0.245
1.53
0.375
1.05
0.394984
1.5496
0.673034
1.04837
0.74404
1.54331
0.685
-0.39
0.755
-0.97
1.015
-1.26
1.285
-1.32
-0.501895
-0.00197047
-0.702853
0.198766
-0.50234
0.80142
-0.301492
0.801528
0.301049
0.801861
0.501899
0.801975
0.703074
0.199541
0.602707
0.0990621
0.502339
-0.00141689
1.175
-1.37
0.408044
2
0.795
-0.83
0.391628
1.5
0.665
-0.21
0.33541
1.2
0
0.4
0.7
1
-0.467471
1.3136
0.35
0.5
0.506658
1.27397
0.362353
0.5
0
0
-1
0
0.4
-0.966073
-0.0424973
-0.5
1.1
-0.6
1.6
-0.26804
1.09829
-0.295
1.5
0.350581
1.09571
0.325
1.55
0.630779
1.06999
0.705
1.56
0.7
-0.3
0.825
-1.01
1.1
-1.3
1.345
-1.33
-0.5
0
-0.7
0.2
-0.5
0.8
-0.3
0.8
0.3
0.8
0.5
0.8
0.7
0.2
0.6
0.1
0.5
0
1.2
-1.35
0.350179
2
0.835
-0.87
0.330151
1.5
0.7
-0.3
0.315317
1.2
0
0.4
0.7
1
-0.465
1.31
0.35
0.5
0.505
1.27
0.362353
0.5
0
