18
10
15
9
6
-0.104497
-0.594525
0
0.4
-1.0426
0.136428
-0.485
1.12
-0.635
1.58
-0.271066
1.13618
-0.405
1.55
0.375856
1.05404
0.285
1.49
0.646599
1.0116
0.630688
1.51134
0.597106
-0.389847
0.665
-1.12
0.855706
-1.43559
1.07586
-1.48638
-0.550409
0.0725638
-0.721011
0.298234
-0.440271
0.865108
-0.242135
0.837574
0.352273
0.754971
0.550409
0.727436
0.665942
0.105494
0.553107
0.020193
0.440271
-0.065108
0.94789
-1.4989
0.330341
2
0.692002
-0.978627
0.31241
1.5
0.584999
-0.367968
0.355106
1.2
0
0.4
0.7
1
-0.465
1.31
0.314006
0.5
0.525
1.29
0.328024
0.5
0
-0.109497
-0.394525
-0.005
0.6
-1.02142
0.29249
-0.49
1.32
-0.625
1.58
-0.276065
1.33618
-0.395
1.56
0.370856
1.25404
0.285
1.5
0.641599
1.2116
0.635
1.57
0.465
-0.22
0.485
-0.98
0.905
-1.11
1.115
-1.16
-0.555409
0.272564
-0.726011
0.498234
-0.445271
1.06511
-0.247135
1.03757
0.347273
0.95497
0.545409
0.927436
0.660942
0.305494
0.548107
0.220193
0.435271
0.134892
1.005
-1.11
0.330341
2
0.545
-0.72
0.31241
1.5
0.525
0
0.355106
1.2
-0.015
0.64
0.7
1
-0.465
1.41
0.308707
0.5
0.495
1.38
0.299666
0.5
0
-0.109497
-0.394525
-0.005
0.6
-0.985708
0.248921
-0.49
1.32
-0.625
1.58
-0.185
1.32
-0.375
1.55
0.365
1.25
0.177831
1.51514
0.681831
1.19462
0.575
1.52
0.255
-0.3
0.685
-0.79
1.245
-0.68
1.515
-0.63
-0.555409
0.272564
-0.726011
0.498234
-0.445271
1.06511
-0.247135
1.03757
0.347273
0.95497
0.545409
0.927436
0.660942
0.305494
0.548107
0.220193
0.435271
0.134892
1.425
-0.67
0.330341
2
0.855
-0.61
0.31241
1.5
0.475
-0.19
0.355106
1.2
-0.035
0.61
0.7
1
-0.395
1.4
0.308707
0.5
0.505
1.36
0.299666
0.5
0
-0.025
-0.39
-0.005
0.6
-0.981926
0.200226
-0.544007
1.28071
-0.695
1.6
-0.155
1.28
-0.195
1.58
0.375
1.24
0.305
1.55
0.782822
1.11112
0.865
1.56
0.325
-0.23
0.875
-0.5
1.595
-0.3
1.89117
-0.25223
-0.528706
0.231158
-0.716183
0.443085
-0.479806
1.02997
-0.280104
1.01774
0.319003
0.981067
0.518706
0.968842
0.681733
0.35751
0.57577
0.263772
0.469806
0.170033
1.715
-0.29
0.330341
2
1.145
-0.35
0.31241
1.5
0.637415
-0.120858
0.355106
1.2
-0.005
0.6
0.7
1
-0.435
1.42
0.308707
0.5
0.575
1.35
0.299666
0.5
1
1.695
-0.26
0.664078
0.980581
0.196116
0.4
0.2
0.5
0
-0.025
-0.39
-0.005
0.6
-1.04043
0.286676
-0.544007
1.28071
-0.695
1.6
-0.0952903
1.25406
-0.145
1.61
0.455
1.22
0.405
1.58
0.792662
1.0911
0.785
1.54
0.555
-0.19
1.015
-0.44
1.845
-0.24
2.14092
-0.19068
-0.528706
0.231158
-0.716183
0.443085
-0.479806
1.02997
-0.280104
1.01774
0.319003
0.981067
0.518706
0.968842
0.681733
0.35751
0.57577
0.263772
0.469806
0.170033
1.945
-0.21
0.330341
2
1.295
-0.27
0.347131
1.5
0.637415
-0.120858
0.355106
1.2
-0.005
0.6
0.7
1
-0.365
1.41
0.308707
0.5
0.625
1.35
0.299666
0.5
1
1.975
-0.24
0.664078
0.980581
0.196116
0.4
0.2
0.5
0
0.055
-0.3
-0.005
0.6
-1.035
0.3
-0.532506
1.28091
-0.655
1.6
-0.159236
1.24204
-0.155
1.6
0.435
1.26
0.455
1.59
0.755
1.13
0.768052
1.57916
0.630079
-0.131099
1.18029
-0.207326
1.79262
0.104473
2.00731
0.314042
-0.489895
0.181375
-0.697335
0.373835
-0.519855
0.981174
-0.319905
0.988665
0.279945
1.01113
0.479895
1.01863
0.702315
0.426265
0.606085
0.322545
0.509855
0.218825
1.895
0.28
0.330341
2
1.355
-0.02
0.347131
1.5
0.705294
-0.0541763
0.355106
1.2
-0.005
0.6
0.7
1
-0.385
1.43
0.308707
0.5
0.595
1.36
0.299666
0.5
0
0.055
-0.3
-0.005
0.6
-1.03562
0.250695
-0.532506
1.28091
-0.655
1.58
-0.159236
1.24204
-0.155
1.6
0.435
1.26
0.455
1.59
0.755
1.13
0.885
1.57
0.555
-0.21
1.085
-0.36
1.555
0.11
1.73865
0.347217
-0.489895
0.181375
-0.697335
0.373835
-0.519855
0.981174
-0.319905
0.988665
0.279945
1.01113
0.479895
1.01863
0.702315
0.426265
0.606085
0.322545
0.509855
0.218825
1.715
0.37
0.330341
2
1.225
-0.05
0.347131
1.5
0.685
0.05
0.355106
1.2
-0.005
0.6
0.7
1
-0.355
1.43
0.308707
0.5
0.625
1.37
0.299666
0.5
0
0.115
-0.27
-0.005
0.6
-1.02683
0.232474
-0.583199
1.23848
-0.665
1.58
-0.208029
1.22835
-0.155
1.61
0.383109
1.29183
0.445
1.6
0.705
1.19
0.895
1.59
0.615499
-0.164707
1.135
-0.35
1.455
-0.02
1.60794
0.238087
-0.456386
0.145399
-0.677985
0.321393
-0.547598
0.940586
-0.348801
0.963389
0.247589
1.0318
0.446386
1.0546
0.713591
0.481014
0.625594
0.370214
0.537598
0.259414
1.585
0.17
0.330341
2
1.015
-0.09
0.347131
1.5
0.595
0.21
0.355106
1.2
-0.005
0.6
0.7
1
-0.415
1.38
0.308707
0.5
0.575
1.42
0.299666
0.5
0
0.105
-0.39
-0.015
0.48
-1.03683
0.112474
-0.593199
1.11848
-0.675
1.57
-0.23062
1.11463
-0.165
1.6
0.373109
1.17183
0.435
1.59
0.673258
1.1187
0.815513
1.59803
0.605499
-0.284707
1.125
-0.47
1.315
-0.13
1.47993
0.120615
-0.466386
0.0253993
-0.687985
0.201393
-0.557598
0.820586
-0.358801
0.843389
0.237589
0.911798
0.436386
0.934601
0.703591
0.361014
0.615594
0.250214
0.527598
0.139414
1.405
0.08
0.330341
2
0.995
-0.27
0.347131
1.5
0.585
0.09
0.355106
1.2
-0.015
0.48
0.7
1
-0.365
1.43
0.308707
0.5
0.555
1.36
0.299666
0.5
0
0.105
-0.39
-0.015
0.48
-1.03683
0.112474
-0.593199
1.11848
-0.675
1.57
-0.23062
1.11463
-0.165
1.6
0.373109
1.17183
0.435
1.59
0.673258
1.1187
0.815513
1.59803
0.435
-0.36
1.015
-0.59
1.245
-0.28
1.445
-0.08
-0.466386
0.0253993
-0.687985
0.201393
-0.557598
0.820586
-0.358801
0.843389
0.237589
0.911798
0.436386
0.934601
0.703591
0.361014
0.615594
0.250214
0.527598
0.139414
1.425
-0.13
0.330341
2
0.905
-0.29
0.347131
1.5
0.585
0.09
0.355106
1.2
-0.015
0.48
0.7
1
-0.365
1.43
0.308707
0.5
0.555
1.36
0.299666
0.5
0
0.105
-0.39
-0.015
0.48
-1.03683
0.112474
-0.593199
1.11848
-0.675
1.57
-0.23062
1.11463
-0.165
1.6
0.373109
1.17183
0.435
1.59
0.673258
1.1187
0.815513
1.59803
0.435
-0.36
0.905
-0.69
1.155
-0.43
1.40887
-0.270156
-0.466386
0.0253993
-0.687985
0.201393
-0.557598
0.820586
-0.358801
0.843389
0.237589
0.911798
0.436386
0.934601
0.703591
0.361014
0.615594
0.250214
0.527598
0.139414
1.315
-0.32
0.330341
2
0.775
-0.49
0.347131
1.5
0.555
-0.02
0.355106
1.2
-0.015
0.48
0.7
1
-0.425
1.41
0.353553
0.5
0.535
1.36
0.374433
0.5
0
0.035
-0.39
-0.015
0.48
-1.06448
0.200896
-0.536695
1.16547
-0.665
1.59
-0.175749
1.13072
-0.165
1.62
0.430684
1.13626
0.425
1.6
0.693427
1.09854
0.796156
1.58787
0.36178
-0.395334
0.801959
-0.764209
1.155
-0.43
1.365
-0.28
-0.503511
0.0655111
-0.709311
0.25976
-0.526614
0.86561
-0.326589
0.871386
0.273486
0.888713
0.473511
0.894489
0.690863
0.30019
0.593738
0.19729
0.496614
0.0943894
1.305
-0.34
0.330341
2
0.715
-0.48
0.347131
1.5
0.515
-0.09
0.183576
1.2
-0.015
0.48
0.7
1
-0.415
1.39
0.318277
0.5
0.575
1.31
0.336006
0.5
0
0.035
-0.39
-0.015
0.48
-1.06448
0.200896
-0.536695
1.16547
-0.665
1.59
-0.175749
1.13072
-0.165
1.62
0.430684
1.13626
0.425
1.6
0.693427
1.09854
0.796156
1.58787
0.36178
-0.395334
0.801959
-0.764209
1.165
-0.6
1.405
-0.49
-0.503511
0.0655111
-0.709311
0.25976
-0.526614
0.86561
-0.326589
0.871386
0.273486
0.888713
0.473511
0.894489
0.690863
0.30019
0.593738
0.19729
0.496614
0.0943894
1.295
-0.6
0.330341
2
0.685
-0.52
0.347131
1.5
0.585
-0.04
0.240208
1.2
-0.015
0.48
0.7
1
-0.365
1.4
0.35609
0.5
0.545
1.35
0.328024
0.5
0
0.035
-0.39
-0.015
0.48
-1.06448
0.200896
-0.536695
1.16547
-0.665
1.59
-0.175749
1.13072
-0.165
1.62
0.430684
1.13626
0.425
1.6
0.693427
1.09854
0.796156
1.58787
0.36178
-0.395334
0.665
-0.92
1.145
-0.82
1.385
-0.71
-0.503511
0.0655111
-0.709311
0.25976
-0.526614
0.86561
-0.326589
0.871386
0.273486
0.888713
0.473511
0.894489
0.690863
0.30019
0.593738
0.19729
0.496614
0.0943894
1.305
-0.76
0.330341
2
0.705
-0.66
0.347131
1.5
0.565
-0.11
0.26
1.2
-0.015
0.48
0.7
1
-0.395
1.38
0.298329
0.5
0.595
1.32
0.340588
0.5
0
0.035
-0.39
-0.015
0.48
-1.06448
0.200896
-0.536695
1.16547
-0.665
1.59
-0.175749
1.13072
-0.165
1.62
0.430684
1.13626
0.425
1.6
0.693427
1.09854
0.796156
1.58787
0.36178
-0.395334
0.595
-1.01
1.155
-0.98
1.395
-0.87
-0.503511
0.0655111
-0.709311
0.25976
-0.526614
0.86561
-0.326589
0.871386
0.273486
0.888713
0.473511
0.894489
0.690863
0.30019
0.593738
0.19729
0.496614
0.0943894
1.285
-0.98
0.330341
2
0.625
-0.76
0.347131
1.5
0.545
-0.19
0.355106
1.2
-0.015
0.48
0.7
1
-0.365
1.4
0.353836
0.5
0.585
1.31
0.326497
0.5
0
0.005
-0.37
-0.015
0.48
-1.07354
0.237091
-0.512885
1.18305
-0.675
1.6
-0.153313
1.13592
-0.165
1.63
0.453006
1.12062
0.426084
1.6199
0.69276
1.09629
0.785
1.57
0.416599
-0.355393
0.673441
-1.03468
1.09945
-1.15939
1.34311
-1.0577
-0.517506
0.0825011
-0.71653
0.283723
-0.51311
0.882994
-0.312987
0.881895
0.287383
0.878598
0.487506
0.877499
0.684332
0.27603
0.583721
0.176518
0.48311
0.077006
1.225
-1.14
0.375366
2
0.655
-0.79
0.347131
1.5
0.535
-0.18
0.355106
1.2
-0.015
0.48
0.7
1
-0.375
1.41
0.375366
0.5
0.575
1.34
0.354683
0.5
0
0.005
-0.37
-0.015
0.48
-1.06052
0.177556
-0.512885
1.18305
-0.675
1.6
-0.153313
1.13592
-0.165
1.63
0.453006
1.12062
0.426084
1.6199
0.69276
1.09629
0.785
1.57
0.465
-0.3
0.673441
-1.03468
0.965
-1.35
1.255
-1.32
-0.517506
0.0825011
-0.71653
0.283723
-0.51311
0.882994
-0.312987
0.881895
0.287383
0.878598
0.487506
0.877499
0.684332
0.27603
0.583721
0.176518
0.48311
0.077006
1.125
-1.35
0.35
2
0.715
-0.85
0.347131
1.5
0.605
-0.21
0.355106
1.2
-0.015
0.48
0.7
1
-0.365
1.41
0.370135
0.5
0.565
1.37
0.343151
0.5
0
0.015
-0.44
-0.005
0.41
-0.988096
-0.010599
-0.510432
1.1129
-0.59718
1.60532
-0.255309
1.10808
-0.265
1.54
0.36389
1.10113
0.345
1.51
0.63258
1.07537
0.685
1.56
0.585
-0.35
0.845
-0.99
1.015
-1.29
1.3142
-1.31189
-0.507506
0.0125011
-0.70653
0.213723
-0.50311
0.812994
-0.302987
0.811895
0.297383
0.808598
0.497506
0.807499
0.694332
0.20603
0.593721
0.106518
0.49311
0.00700596
1.115
-1.29
0.346699
2
0.745
-0.71
0.347131
1.5
0.544208
-0.0489163
0.355106
1.2
-0.005
0.41
0.7
1
-0.425
1.35
0.378021
0.5
0.475
1.31
0.339706
0.5
0
