4
10
15
9
6
-0.005
-0.76
-0.005
0.64
-0.96799
0.194162
-0.515
1.25
-0.595
1.6
-0.315
1.25
-0.385
1.55
0.345
1.23
0.305
1.5
0.605
1.22
0.605
1.6
0.625
-0.12
0.765
-0.89
1.135
-0.92
1.365
-0.84
-0.505
0.24
-0.705
0.44
-0.505
1.04
-0.305
1.04
0.295
1.04
0.495
1.04
0.695
0.44
0.595
0.34
0.495
0.24
1.255
-0.88
0.291548
2
0.785
-0.61
0.3
1.5
0.615
-0.05
0.3
1.2
-0.005
0.64
0.7
1
-0.475
1.46
0.3
0.5
0.475
1.38
0.3
0.5
0
-0.005
-0.53
-0.005
0.87
-0.96799
0.424162
-0.525
1.4
-0.595
1.6
-0.305
1.36
-0.375
1.55
0.305
1.36
0.295
1.5
0.565
1.37
0.605
1.59
0.435
-0.07
0.635
-0.54
0.955
-0.41
1.145
-0.24
-0.505
0.47
-0.705
0.67
-0.505
1.27
-0.305
1.27
0.295
1.27
0.495
1.27
0.695
0.67
0.595
0.57
0.495
0.47
1.085
-0.31
0.336006
2
0.575
-0.18
0.3
1.5
0.575
0.34
0.3
1.2
-0.005
0.87
0.7
1
-0.505
1.57
0.3
0.5
0.345
1.57
0.3
0.5
0
0.005
-0.62
0.005
0.78
-0.95799
0.334162
-0.515
1.31
-0.585
1.6
-0.295
1.27
-0.375
1.55
0.315
1.27
0.295
1.49
0.575
1.28
0.605
1.58
0.375
-0.07
0.715
-0.56
1.035
-0.2
1.205
-0.03
-0.495
0.38
-0.695
0.58
-0.495
1.18
-0.295
1.18
0.305
1.18
0.505
1.18
0.705
0.58
0.605
0.48
0.505
0.38
1.165
-0.1
0.336006
2
0.655
-0.36
0.3
1.5
0.585
0.1
0.3
1.2
0.015
0.77
0.7
1
-0.495
1.48
0.3
0.5
0.505
1.44
0.3
0.5
0
-0.015
-0.96
-0.015
0.44
-0.97799
-0.00583822
-0.495
1.13
-0.585
1.6
-0.245
1.07
-0.34498
1.5599
0.345
1.08
0.285
1.51
0.595
1.08
0.624361
1.57914
0.455
-0.54
0.605
-0.97
1.055
-0.96
1.35237
-0.999649
-0.515
0.04
-0.715
0.24
-0.515
0.84
-0.315
0.84
0.285
0.84
0.485
0.84
0.685
0.24
0.585
0.14
0.485
0.04
1.185
-1.02
0.353412
2
0.635
-0.71
0.318277
1.5
0.555
-0.16
0.3
1.2
-0.015
0.44
0.7
1
-0.425
1.38
0.336006
0.5
0.495
1.34
0.361248
0.5
0
