45
10
15
9
6
0
-1
0
0.4
-0.966073
-0.0424973
-0.5
1.1
-0.6
1.6
-0.26804
1.09829
-0.295
1.5
0.350581
1.09571
0.325
1.55
0.630779
1.06999
0.721614
1.56167
0.7
-0.3
0.825
-1.01
1.1
-1.3
1.345
-1.33
-0.5
0
-0.7
0.2
-0.5
0.8
-0.3
0.8
0.3
0.8
0.5
0.8
0.7
0.2
0.6
0.1
0.5
0
1.2
-1.35
0.350179
2
0.835
-0.87
0.330151
1.5
0.7
-0.3
0.315317
1.2
0
0.4
0.7
1
-0.465
1.31
0.35
0.5
0.505
1.27
0.362353
0.5
0
-0.27871
-0.560375
0
0.4
-1.07464
0.343762
-0.245171
1.22503
-0.215
1.61
0.015
1.08
0.115
1.46
0.585763
0.926768
0.675
1.32
0.805
0.75
1.065
1.15
0.434389
-0.490139
0.321521
-1.20256
0.555
-1.56
0.735
-1.72
-0.603259
0.184331
-0.727371
0.438656
-0.342831
0.941205
-0.153613
0.876097
0.414042
0.680776
0.603259
0.615669
0.597157
-0.0170929
0.469994
-0.0791486
0.342832
-0.141204
0.565623
-1.6463
0.350179
2
0.376557
-1.07336
0.330151
1.5
0.434389
-0.490139
0.315317
1.2
0
0.4
0.7
1
-0.143695
1.41232
0.35
0.5
0.760992
1.05871
0.362353
0.5
0
-0.385291
-0.522795
0
0.4
-1.07282
0.485991
-0.115
1.13
-0.085
1.5
0.145
0.98
0.285
1.33
0.635
0.77
0.805
1.12
0.855
0.56
1.195
0.85
0.313246
-0.539783
0.245
-1.23
0.375
-1.66
0.485
-1.9
-0.626521
0.265755
-0.71602
0.534265
-0.268499
0.981773
-0.0894953
0.892266
0.447517
0.62375
0.626521
0.534245
0.537009
-0.092273
0.402754
-0.137022
0.2685
-0.181772
0.445
-1.76
0.350179
2
0.325
-1.12
0.330151
1.5
0.375
-0.47
0.315317
1.2
0
0.4
0.7
1
0.075
1.26
0.35
0.5
0.925
0.87
0.362353
0.5
0
-0.479166
-0.477724
0
0.4
-1.05603
0.608371
-0.025
1.09
0.065
1.36
0.195
0.93
0.385
1.19
0.615
0.61
0.875
0.93
0.835
0.43
1.155
0.62
0.255
-0.6
0.185
-1.27
0.355
-1.65
0.505
-1.87
-0.637853
0.338417
-0.696004
0.615447
-0.200097
1.00878
-0.0325069
0.899339
0.470263
0.571022
0.637853
0.461582
0.477126
-0.150627
0.338611
-0.179702
0.200097
-0.208778
0.475
-1.77
0.350179
2
0.305
-1.13
0.330151
1.5
0.315
-0.45
0.315317
1.2
0
0.4
0.7
1
0.175
1.15
0.35
0.5
0.905
0.68
0.362353
0.5
0
-0.561941
-0.427177
0
0.4
-1.0266
0.724161
0.0516231
1.08863
0.165
1.29
0.25257
0.905209
0.445
1.08
0.634585
0.540579
0.865
0.76
0.833315
0.337276
1.095
0.46
0.142639
-0.622262
0.325
-1.16
0.475
-1.53
0.64345
-1.77824
-0.640851
0.40948
-0.667951
0.691293
-0.131425
1.0273
0.0230302
0.899946
0.486396
0.517876
0.640851
0.390519
0.413237
-0.200203
0.272331
-0.213753
0.131425
-0.227302
0.585
-1.67
0.350179
2
0.345
-1.1
0.330151
1.5
0.255
-0.48
0.315317
1.2
0
0.4
0.7
1
0.205
1.04
0.35
0.5
0.875
0.53
0.362353
0.5
0
-0.671036
-0.341425
0
0.4
-0.960288
0.887107
0.163108
1.07116
0.235
1.23
0.331535
0.857421
0.465
0.99
0.649131
0.435368
0.825
0.6
0.812132
0.202372
0.995
0.35
0.135
-0.64
0.175
-1.18
0.375
-1.61
0.5008
-1.88241
-0.630873
0.513738
-0.611714
0.796255
-0.0275198
1.04046
0.104158
0.889615
0.499194
0.4371
0.630873
0.286262
0.310038
-0.259612
0.168779
-0.250032
0.0275206
-0.240453
0.455
-1.8
0.350179
2
0.275
-1.2
0.330151
1.5
0.185
-0.57
0.315317
1.2
0
0.4
0.7
1
0.265
0.97
0.35
0.5
0.775
0.39
0.362353
0.5
0
-0.765417
-0.243535
0
0.4
-0.87211
1.03186
0.215
1.01
0.365
1.14
0.355
0.77
0.495
0.9
0.645
0.3
0.795
0.41
0.705
0.06
0.905
0.11
0.075
-0.65
-0.055
-1.22
0.045
-1.68
0.126224
-1.9688
-0.605315
0.611354
-0.542053
0.887413
0.0733267
1.03695
0.179724
0.867286
0.498917
0.358306
0.605315
0.188645
0.202733
-0.300208
0.0647033
-0.268577
-0.0733255
-0.236946
0.105
-1.86
0.350179
2
0.045
-1.24
0.330151
1.5
0.055
-0.59
0.315317
1.2
0
0.4
0.7
1
0.365
0.96
0.35
0.5
0.775
0.25
0.362353
0.5
0
-0.877896
-0.0788521
0
0.4
-0.585
1.26
0.351496
0.943312
0.495
1.02
0.431707
0.677149
0.585
0.72
0.604194
0.152223
0.745
0.22
0.606573
-0.0952736
0.795
-0.08
-0.17201
-0.63905
-0.395
-1.22
-0.275
-1.71
-0.215
-1.99
-0.539604
0.746856
-0.413648
1.00068
0.219948
1.00259
0.283878
0.812694
0.475672
0.243032
0.539604
0.0531444
0.0338727
-0.328537
-0.0930371
-0.265559
-0.219946
-0.202581
-0.225
-1.91
0.350179
2
-0.265
-1.25
0.330151
1.5
-0.165
-0.59
0.315317
1.2
0
0.4
0.7
1
0.485
0.84
0.35
0.5
0.705
0.07
0.362353
0.5
0
-0.935
0.09
0
0.4
-0.385
1.35
0.456124
0.859237
0.655
0.92
0.479713
0.582182
0.675
0.64
0.540223
0.0328272
0.69202
0.0701104
0.491486
-0.209898
0.679058
-0.233828
-0.505
-0.48
-0.589495
-1.1113
-0.565
-1.48
-0.525
-1.76
-0.456563
0.850818
-0.280914
1.07325
0.339604
0.944392
0.362994
0.745347
0.433171
0.148223
0.456563
-0.0508179
-0.117167
-0.320036
-0.228384
-0.232212
-0.339601
-0.144387
-0.555
-1.62
0.350179
2
-0.535
-0.95
0.330151
1.5
-0.385
-0.43
0.315317
1.2
0
0.4
0.7
1
0.505
0.73
0.35
0.5
0.525
-0.14
0.362353
0.5
0
-0.965486
0.139543
0
0.4
-0.265
1.38
0.505
0.83
0.655
0.95
0.475
0.61
0.675
0.64
0.495
0.01
0.683007
0.0650309
0.465
-0.22
0.605
-0.27
-0.595
-0.43
-0.605
-0.72
-0.715
-1.43
-0.705005
-1.72983
-0.405098
0.897585
-0.206406
1.09971
0.396528
0.904447
0.39824
0.704038
0.403383
0.102821
0.405098
-0.0975845
-0.194404
-0.303134
-0.295464
-0.203789
-0.396525
-0.104444
-0.695
-1.64
0.368917
2
-0.625
-1.01
0.330151
1.5
-0.475
-0.41
0.315317
1.2
0
0.4
0.7
1
0.545
0.76
0.35
0.5
0.575
-0.1
0.362353
0.5
0
-0.924228
0.0181593
0
0.4
-0.392567
1.33641
0.443655
0.893199
0.576457
1.03204
0.443066
0.671126
0.637362
0.727368
0.542399
0.0789638
0.721488
0.158431
0.543135
-0.153023
0.68855
-0.184039
-0.479873
-0.501666
-0.451359
-0.790484
-0.466327
-1.50892
-0.416688
-1.80484
-0.46753
0.839604
-0.297339
1.06631
0.326255
0.952629
0.354509
0.75418
0.439274
0.158843
0.46753
-0.0396032
-0.0995518
-0.322815
-0.212902
-0.23772
-0.326253
-0.152625
-0.415
-1.73
0.399249
2
-0.455
-1.04
0.330151
1.5
-0.325
-0.47
0.315317
1.2
0
0.4
0.7
1
0.535
0.87
0.35
0.5
0.585
-0.01
0.362353
0.5
1
-0.435
-1.81
0.780064
0
-1
0.4
0.3
0.4
0
-0.664974
-0.346867
0
0.4
-0.821535
0.998576
0.124379
1.05235
0.166168
1.24009
0.238967
0.86184
0.376231
1.01071
0.630938
0.40614
0.74314
0.567018
0.751798
0.207828
0.892419
0.256626
0.0562921
-0.620964
0.230397
-0.853556
0.589915
-1.47665
0.785792
-1.70437
-0.628263
0.534213
-0.599989
0.816586
-0.00697253
1.04241
0.120075
0.887078
0.501215
0.42111
0.628262
0.265787
0.289341
-0.270675
0.148157
-0.256538
0.00697182
-0.2424
0.745
-1.65
0.372021
2
0.405
-1.1
0.330151
1.5
0.175
-0.52
0.315317
1.2
0
0.4
0.7
1
0.245
1.05
0.35
0.5
0.715
0.38
0.362353
0.5
1
0.772783
-1.71828
0.780064
0.707107
-0.707107
0.4
0.3
0.4
0
-0.420627
-0.507234
0
0.4
-0.986513
0.107142
-0.448284
0.901085
-0.573609
1.05011
-0.224596
0.87614
-0.259961
1.07807
0.382929
0.911297
0.322496
1.10046
0.616749
0.886603
0.663939
1.02972
0.855853
-0.182349
1.14998
-0.185286
1.8722
-0.279139
2.17578
-0.261565
-0.494178
-0.022859
-0.703934
0.17347
-0.521032
0.789313
-0.317984
0.796014
0.291138
0.816147
0.494183
0.822862
0.717358
0.220447
0.619193
0.11557
0.521028
0.010693
2.055
-0.28
0.417732
2
1.355
-0.22
0.330151
1.5
0.815
-0.06
0.315317
1.2
0
0.4
0.7
1
-0.375
0.94
0.35
0.5
0.515
0.96
0.362353
0.5
1
2.17898
-0.280585
0.780064
1
0
0.4
0.3
0.4
0
0.210413
-0.577613
0
0.4
-0.452117
-0.525792
-0.673087
0.408768
-0.867855
0.417277
-0.503209
0.556826
-0.676068
0.667499
-0.117716
1.02863
-0.298129
1.11217
0.0588391
1.18433
-0.0147384
1.31605
1.00902
0.636745
1.21037
0.851646
1.76867
1.32067
1.9613
1.55643
-0.0228393
-0.250775
-0.309663
-0.272497
-0.63993
0.27943
-0.507366
0.433698
-0.109711
0.896507
0.0228402
1.05078
0.618205
0.807394
0.629064
0.663982
0.639923
0.520571
1.885
1.45
0.382753
2
1.395
1.02
0.330151
1.5
0.875
0.7
0.315317
1.2
0
0.4
0.7
1
-0.805
0.49
0.35
0.5
-0.115
1.19
0.362353
0.5
1
1.97749
1.54591
0.780064
0.707107
0.707107
0.4
0.3
0.4
0
0.752886
-0.258152
0
0.4
0.261155
-0.597624
-0.516496
-0.0326556
-0.669849
-0.15332
-0.484217
0.190574
-0.687626
0.161737
-0.499625
0.800209
-0.691054
0.745849
-0.467267
1.0336
-0.60907
1.08553
0.611177
1.23822
0.623709
1.53271
0.741258
2.25303
0.733555
2.55766
0.407415
-0.108748
0.203936
-0.312436
-0.406918
-0.109164
-0.407009
0.0944249
-0.407314
0.705169
-0.407421
0.908758
0.203228
1.11264
0.30507
1.0109
0.406912
0.90916
0.715
2.47
0.393573
2
0.665
1.79
0.330151
1.5
0.445
1.22
0.315317
1.2
0
0.4
0.7
1
-0.595
0.03
0.35
0.5
-0.575
0.9
0.362353
0.5
1
0.752709
2.56024
0.780064
0
1
0.4
0.3
0.4
0
0.999978
0.393399
0
0.4
0.928504
-0.051403
-0.00759001
-0.274491
-0.0157704
-0.469677
-0.156255
-0.104526
-0.266849
-0.277938
-0.629723
0.280924
-0.71311
0.09999
-0.786058
0.457569
-0.917916
0.383605
-0.23903
1.41068
-0.45473
1.61206
-0.925714
2.17069
-1.16231
2.36329
0.652159
0.37827
0.674436
0.0908925
0.121957
-0.241037
-0.032866
-0.108473
-0.497336
0.28918
-0.65217
0.421732
-0.409337
1.01876
-0.265648
1.0299
-0.121959
1.04103
-1.125
2.27
0.404599
2
-0.635
1.79
0.330151
1.5
-0.315
1.34
0.315317
1.2
0
0.4
0.7
1
-0.095
-0.29
0.35
0.5
-0.775
0.29
0.362353
0.5
1
-1.15179
2.37954
0.780064
-0.707107
0.707107
0.4
0.3
0.4
0
0.745
1.02
0
0.4
0.977802
0.734646
0.470541
-0.0842793
0.602458
-0.228644
0.245052
-0.068495
0.288885
-0.269664
-0.363114
-0.128891
-0.294654
-0.316203
-0.598763
-0.113777
-0.6402
-0.259336
-0.882877
0.948978
-1.17813
0.939765
-1.90673
1.00409
-2.21062
0.973903
0.478399
0.844743
0.696995
0.656409
0.53892
0.0308854
0.335449
0.0157673
-0.274938
-0.0296154
-0.478409
-0.0447496
-0.727258
0.55052
-0.633088
0.659816
-0.538919
0.769112
-2.095
1
0.404969
2
-1.395
0.94
0.330151
1.5
-0.815
0.81
0.315317
1.2
0
0.4
0.7
1
0.425
-0.23
0.35
0.5
-0.475
-0.21
0.362353
0.5
1
-2.21462
0.992857
0.780064
-1
0
0.4
0.3
0.4
0
0.085
1.36
0
0.4
0.370345
1.36631
0.674209
0.450846
0.869831
0.459583
0.517357
0.287666
0.700108
0.192246
0.173457
-0.21853
0.361362
-0.286129
0.0106007
-0.389949
0.0958825
-0.515215
-0.988573
0.0737582
-1.17099
-0.159085
-1.68804
-0.677802
-1.85988
-0.930746
-0.0347922
1.05314
0.250257
1.10027
0.629578
0.577314
0.51061
0.411224
0.153745
-0.0870442
0.0347899
-0.253143
-0.582443
-0.0623642
-0.606009
0.0801605
-0.629575
0.222685
-1.835
-0.87
0.440454
2
-1.325
-0.28
0.330151
1.5
-0.785
0.05
0.315317
1.2
0
0.4
0.7
1
0.735
0.3
0.35
0.5
0.135
-0.39
0.362353
0.5
1
-1.87701
-0.921651
0.780064
-0.707107
-0.707107
0.4
0.3
0.4
0
0.085
1.36
0
0.4
0.370345
1.36631
0.674209
0.450846
0.869831
0.459583
0.517357
0.287666
0.700108
0.192246
0.173457
-0.21853
0.361362
-0.286129
0.0106007
-0.389949
0.0958825
-0.515215
-0.875
0.12
-1.335
-0.18
-1.545
-0.54
-1.65642
-0.818543
-0.0347922
1.05314
0.250257
1.10027
0.629578
0.577314
0.51061
0.411224
0.153745
-0.0870442
0.0347899
-0.253143
-0.582443
-0.0623642
-0.606009
0.0801605
-0.629575
0.222685
-1.625
-0.72
0.396232
2
-1.295
-0.2
0.330151
1.5
-0.775
0.06
0.315317
1.2
0
0.4
0.7
1
0.695
0.36
0.35
0.5
0.115
-0.34
0.362353
0.5
0
-0.055
1.28
0
0.4
0.218095
1.41183
0.658616
0.553492
0.850635
0.592082
0.528567
0.368184
0.723812
0.301853
0.266158
-0.184808
0.462238
-0.222852
0.131435
-0.379178
0.23491
-0.489935
-0.821994
-0.0107381
-1.23073
-0.3777
-1.38318
-0.765686
-1.45065
-1.05806
-0.134398
1.04025
0.140133
1.13048
0.595137
0.671662
0.502979
0.489279
0.226541
-0.0578629
0.134397
-0.240253
-0.504901
-0.146194
-0.550017
-0.00892815
-0.595134
0.128337
-1.395
-0.95
0.404599
2
-1.165
-0.38
0.330151
1.5
-0.715
-0.05
0.315317
1.2
0
0.4
0.7
1
0.655
0.43
0.35
0.5
0.255
-0.29
0.362353
0.5
0
-0.095
1.31
0
0.4
0.157958
1.42295
0.648401
0.59212
0.835
0.62
0.529523
0.399456
0.728345
0.34477
0.300231
-0.168068
0.498215
-0.194467
0.177222
-0.370056
0.287058
-0.474509
-0.796302
-0.058566
-1.18265
-0.449026
-1.275
-0.87
-1.28606
-1.1698
-0.171974
1.03119
0.0967476
1.13749
0.578055
0.706335
0.496829
0.518828
0.253186
-0.0436847
0.171974
-0.231199
-0.471763
-0.175059
-0.524907
-0.0406971
-0.578052
0.0936641
-1.305
-1.06
0.4245
2
-1.055
-0.44
0.330151
1.5
-0.635
-0.04
0.315317
1.2
0
0.4
0.7
1
0.695
0.44
0.35
0.5
0.305
-0.24
0.362353
0.5
0
-0.195
1.26
0
0.4
0.0246911
1.43494
0.618302
0.674197
0.799774
0.725922
0.525254
0.467775
0.729501
0.439188
0.371058
-0.12468
0.570825
-0.125319
0.275116
-0.340881
0.397527
-0.430308
-0.730616
-0.15754
-1.06343
-0.594644
-1.10071
-1.02408
-1.07299
-1.32285
-0.251996
1.00383
0.000810337
1.14392
0.533797
0.778401
0.477427
0.581951
0.308352
-0.00738466
0.251996
-0.203839
-0.393707
-0.231209
-0.46375
-0.104805
-0.533794
0.0215991
-1.065
-1.22
0.424382
2
-0.915
-0.52
0.330151
1.5
-0.535
-0.16
0.315317
1.2
0
0.4
0.7
1
0.705
0.54
0.35
0.5
0.355
-0.21
0.362353
0.5
0
-0.255
1.24
0
0.4
-0.0643832
1.43329
0.592474
0.72636
0.785
0.79
0.517513
0.512689
0.723474
0.501768
0.414818
-0.0908647
0.613913
-0.074326
0.337815
-0.314527
0.467469
-0.393104
-0.680017
-0.218328
-0.974033
-0.682454
-0.974253
-1.11353
-0.920955
-1.40883
-0.302996
0.979965
-0.0631553
1.14128
0.499317
0.822918
0.460043
0.622337
0.342255
0.0206116
0.302997
-0.179973
-0.338002
-0.262761
-0.418658
-0.142839
-0.499314
-0.0229181
-0.925
-1.34
0.38833
2
-0.875
-0.72
0.330151
1.5
-0.585
-0.26
0.315317
1.2
0
0.4
0.7
1
0.625
0.66
0.35
0.5
0.435
-0.25
0.362353
0.5
0
-0.355
1.19
0
0.4
-0.208776
1.41415
0.540877
0.806323
0.722589
0.896362
0.496638
0.584221
0.702118
0.602313
0.479656
-0.0278459
0.674483
0.016474
0.434796
-0.260129
0.574211
-0.319741
-0.586586
-0.307723
-0.812588
-0.808577
-0.752304
-1.23547
-0.658082
-1.5204
-0.381432
0.93177
-0.166577
1.12517
0.435079
0.888863
0.424341
0.68473
0.392157
0.0723564
0.381434
-0.131777
-0.241679
-0.30372
-0.338377
-0.196291
-0.435076
-0.0888621
-0.685
-1.45
0.4219
2
-0.715
-0.75
0.330151
1.5
-0.455
-0.25
0.315317
1.2
0
0.4
0.7
1
0.565
0.73
0.35
0.5
0.525
-0.1
0.362353
0.5
0
-0.415
1.18
0
0.4
-0.284916
1.39554
0.508632
0.846108
0.695
0.98
0.481318
0.621278
0.684857
0.654865
0.510686
0.00963175
0.701618
0.0685669
0.483524
-0.225398
0.62706
-0.274298
-0.531413
-0.350127
-0.718896
-0.866684
-0.626485
-1.28783
-0.510971
-1.56483
-0.420597
0.901434
-0.220972
1.11055
0.396885
0.920415
0.401619
0.716039
0.415851
0.102936
0.4206
-0.101441
-0.187769
-0.320043
-0.292325
-0.220228
-0.396882
-0.120414
-0.545
-1.46
0.384188
2
-0.615
-0.82
0.330151
1.5
-0.345
-0.35
0.315317
1.2
0
0.4
0.7
1
0.575
0.77
0.35
0.5
0.555
-0.1
0.362353
0.5
0
-0.515
1.04
0
0.4
-0.486597
1.31429
0.404357
0.942585
0.558692
1.11247
0.424593
0.716962
0.616671
0.792321
0.581054
0.12481
0.755507
0.222331
0.603568
-0.110759
0.754181
-0.128614
-0.36315
-0.44472
-0.43866
-0.989146
-0.260317
-1.38179
-0.0894779
-1.62862
-0.516128
0.802644
-0.364535
1.04888
0.279533
0.991932
0.326845
0.793008
0.468805
0.19627
0.516132
-0.00264952
-0.0332952
-0.343527
-0.156413
-0.267728
-0.27953
-0.19193
-0.145
-1.52
0.422019
2
-0.325
-0.88
0.330151
1.5
-0.205
-0.35
0.315317
1.2
0
0.4
0.7
1
0.485
0.95
0.35
0.5
0.645
0.06
0.362353
0.5
0
-0.625
1.06
0
0.4
-0.557155
1.2732
0.360392
0.972803
0.505
1.14
0.398341
0.749454
0.583904
0.839718
0.60098
0.171415
0.767224
0.282385
0.641984
-0.0616688
0.793549
-0.0676052
-0.295508
-0.470779
-0.327901
-1.01951
-0.119164
-1.39692
0.0706053
-1.62955
-0.54629
0.760769
-0.414553
1.01821
0.232058
1.01217
0.294898
0.817571
0.48344
0.233817
0.546295
0.0392259
0.0253796
-0.343906
-0.103338
-0.278034
-0.232055
-0.212164
0.035
-1.58
0.386005
2
-0.245
-1.04
0.330151
1.5
-0.175
-0.47
0.315317
1.2
0
0.4
0.7
1
0.455
0.94
0.35
0.5
0.705
0.1
0.362353
0.5
0
-0.675
0.92
0
0.4
-0.69392
1.16929
0.260843
1.0246
0.375859
1.21344
0.33519
0.810553
0.503321
0.930262
0.630616
0.273836
0.776267
0.410777
0.709586
0.0506864
0.860078
0.0698794
-0.147591
-0.507819
-0.088857
-1.05447
0.179427
-1.39227
0.405072
-1.59039
-0.598513
0.665596
-0.511108
0.941319
0.127741
1.04223
0.221891
0.860651
0.504355
0.315966
0.598518
0.1344
0.147981
-0.329633
0.0101205
-0.285927
-0.127739
-0.242222
0.285
-1.58
0.420119
2
-0.005
-1
0.330151
1.5
-0.065
-0.46
0.315317
1.2
0
0.4
0.7
1
0.335
0.98
0.35
0.5
0.725
0.21
0.362353
0.5
0
-0.725
0.89
0
0.4
-0.749726
1.11502
0.213214
1.04243
0.315
1.22
0.303423
0.834565
0.462094
0.96656
0.638314
0.321537
0.773275
0.469029
0.733817
0.104944
0.882445
0.135383
-0.0790166
-0.516347
0.0205946
-1.05705
0.313486
-1.37376
0.55337
-1.55438
-0.61677
0.619913
-0.550312
0.901423
0.0791636
1.05001
0.186681
0.876015
0.509245
0.354069
0.616776
0.180083
0.202345
-0.31647
0.0615914
-0.283238
-0.0791615
-0.250006
0.445
-1.51
0.396989
2
0.115
-0.97
0.330151
1.5
0.045
-0.44
0.315317
1.2
0
0.4
0.7
1
0.325
1.02
0.35
0.5
0.765
0.26
0.362353
0.5
0
-0.785
0.75
0
0.4
-0.870689
0.961794
0.0889382
1.07114
0.155621
1.26468
0.21656
0.883849
0.347677
1.04329
0.641811
0.442671
0.746728
0.612889
0.776269
0.247804
0.916573
0.305591
0.0942884
-0.515059
0.29359
-1.02757
0.640748
-1.28376
0.9103
-1.41619
-0.647184
0.500334
-0.634708
0.789362
-0.0441767
1.05343
0.0940934
0.902668
0.508908
0.450416
0.64719
0.299663
0.333204
-0.265911
0.188691
-0.259669
0.044178
-0.253429
0.795
-1.43
0.445982
2
0.405
-0.91
0.330151
1.5
0.165
-0.43
0.315317
1.2
0
0.4
0.7
1
0.175
1.06
0.35
0.5
0.765
0.45
0.362353
0.5
0
-0.795
0.7
0
0.4
-0.908164
0.899208
0.041507
1.07581
0.0595175
1.27108
0.182005
0.897945
0.301595
1.06624
0.637296
0.487728
0.729988
0.664928
0.785147
0.302781
0.945
0.4
0.15845
-0.506267
0.393342
-1.00355
0.757707
-1.2347
1.03594
-1.34786
-0.652717
0.454561
-0.660607
0.743786
-0.0900483
1.04878
0.0585037
0.908104
0.504161
0.486104
0.652724
0.345436
0.379272
-0.240896
0.23466
-0.244837
0.0900492
-0.24878
0.915
-1.34
0.390512
2
0.475
-0.94
0.330151
1.5
0.225
-0.43
0.315317
1.2
0
0.4
0.7
1
0.165
1.11
0.35
0.5
0.805
0.5
0.362353
0.5
0
-0.835
0.58
0
0.4
-0.979126
0.740102
-0.0722892
1.07334
-0.0872424
1.2689
0.0960469
0.92149
0.185774
1.10747
0.613709
0.593269
0.675422
0.783525
0.790482
0.435671
0.931817
0.558313
0.308064
-0.46708
0.622986
-0.918071
1.02099
-1.08496
1.31431
-1.14993
-0.652753
0.344452
-0.708985
0.628321
-0.197481
1.02465
-0.0274336
0.910817
0.482703
0.569364
0.652759
0.455546
0.481349
-0.168418
0.339414
-0.19653
0.197481
-0.224644
1.165
-1.17
0.445982
2
0.625
-0.77
0.330151
1.5
0.375
-0.32
0.315317
1.2
0
0.4
0.7
1
0.035
1.09
0.35
0.5
0.705
0.55
0.362353
0.5
0
-0.855
0.51
0
0.4
-1.00607
0.649583
-0.133283
1.064
-0.165976
1.2574
0.0481845
0.928094
0.120615
1.12148
0.5936
0.648339
0.637742
0.843432
0.783993
0.507478
0.905
0.64
0.385726
-0.435483
0.740408
-0.855958
1.15198
-0.985939
1.45
-1.02394
-0.645019
0.285263
-0.72686
0.562849
-0.25353
1.00411
-0.073818
0.906225
0.465308
0.612607
0.645026
0.514736
0.531115
-0.122272
0.392321
-0.163189
0.253529
-0.204106
1.365
-1.06
0.413401
2
0.795
-0.75
0.330151
1.5
0.425
-0.35
0.315317
1.2
0
0.4
0.7
1
-0.055
1.08
0.35
0.5
0.705
0.63
0.362353
0.5
0
-0.845
0.39
0
0.4
-1.03202
0.498148
-0.229989
1.03708
-0.290915
1.22354
-0.0304046
0.929475
0.0126517
1.13146
0.550434
0.733386
0.565257
0.932883
0.759579
0.622202
0.85968
0.771171
0.505036
-0.369377
0.918017
-0.732849
1.34432
-0.800577
1.64472
-0.794113
-0.621044
0.191162
-0.743029
0.453631
-0.340075
0.960065
-0.147848
0.889808
0.428819
0.679079
0.621051
0.608838
0.602543
-0.0380805
0.471308
-0.0990693
0.340074
-0.160059
1.515
-0.84
0.438292
2
0.875
-0.61
0.330151
1.5
0.505
-0.22
0.315317
1.2
0
0.4
0.7
1
-0.175
1.08
0.35
0.5
0.645
0.75
0.362353
0.5
0
-0.865
0.33
0
0.4
-1.03658
0.416812
-0.279312
1.01708
-0.354694
1.19818
-0.0718872
0.925474
-0.0448227
1.13023
0.522578
0.775591
0.521691
0.975645
0.739817
0.681168
0.835
0.83
0.56391
-0.327376
1.00417
-0.657313
1.4345
-0.69136
1.73347
-0.661327
-0.602753
0.143033
-0.744976
0.395123
-0.383016
0.931655
-0.185858
0.876706
0.405599
0.7119
0.60276
0.656968
0.635106
0.0105674
0.509059
-0.0605408
0.383014
-0.131649
1.585
-0.7
0.448219
2
0.925
-0.53
0.330151
1.5
0.545
-0.11
0.315317
1.2
0
0.4
0.7
1
-0.235
1.02
0.35
0.5
0.665
0.81
0.362353
0.5
0
-0.845
0.22
0
0.4
-1.02956
0.277787
-0.359486
0.974136
-0.458456
1.14353
-0.141644
0.911143
-0.142253
1.11769
0.467585
0.842244
0.439904
1.04039
0.695531
0.777769
0.769923
0.938022
0.656315
-0.245321
1.13684
-0.513323
1.56788
-0.489414
1.86016
-0.419595
-0.562935
0.0645784
-0.737659
0.29536
-0.450818
0.875586
-0.248061
0.847542
0.360185
0.763449
0.562942
0.735423
0.681599
0.0991378
0.566206
0.0117787
0.450815
-0.07558
1.795
-0.51
0.434166
2
1.105
-0.44
0.330151
1.5
0.655
-0.13
0.315317
1.2
0
0.4
0.7
1
-0.295
0.99
0.35
0.5
0.545
0.88
0.362353
0.5
0
-0.845
0.15
0
0.4
-1.0165
0.195527
-0.404439
0.943467
-0.516694
1.10438
-0.182228
0.89816
-0.199415
1.10401
0.430609
0.878382
0.387109
1.07368
0.66301
0.832409
0.725
0.98
0.706045
-0.1906
1.20657
-0.419182
1.63433
-0.360747
1.92008
-0.267686
-0.534233
0.0204487
-0.72693
0.236476
-0.487571
0.837896
-0.283204
0.826217
0.329872
0.791215
0.534239
0.779553
0.703598
0.154802
0.595583
0.0584554
0.487568
-0.0378903
1.775
-0.33
0.4245
2
1.175
-0.31
0.330151
1.5
0.655
-0.11
0.315317
1.2
0
0.4
0.7
1
-0.345
0.93
0.35
0.5
0.515
0.91
0.362353
0.5
0
-0.845
0.1
0
0.4
-1.00416
0.141454
-0.432938
0.921084
-0.553642
1.07577
-0.208613
0.887722
-0.236784
1.09236
0.404429
0.900744
0.350546
1.09344
0.638965
0.867262
0.691756
1.00963
0.736645
-0.152023
1.2487
-0.353522
1.565
-0.44
1.84538
-0.331788
-0.513193
-0.00759143
-0.717175
0.197831
-0.510309
0.811214
-0.305602
0.81048
0.308493
0.808311
0.5132
0.807594
0.715732
0.192767
0.613018
0.090779
0.510306
-0.0112088
1.765
-0.41
0.424264
2
1.175
-0.27
0.330151
1.5
0.665
0.04
0.315317
1.2
0
0.4
0.7
1
-0.385
0.97
0.35
0.5
0.535
1
0.362353
0.5
0
-0.845
0.1
0
0.4
-1.025
0.08
-0.432938
0.921084
-0.525
1.14
-0.208613
0.887722
-0.205
1.11
0.404429
0.900744
0.355
1.15
0.638965
0.867262
0.685
1.08
0.736645
-0.152023
1.135
-0.44
1.455
-0.57
1.75377
-0.542839
-0.513193
-0.00759143
-0.717175
0.197831
-0.510309
0.811214
-0.305602
0.81048
0.308493
0.808311
0.5132
0.807594
0.715732
0.192767
0.613018
0.090779
0.510306
-0.0112088
1.625
-0.61
0.4219
2
1.045
-0.32
0.330151
1.5
0.655
-0.02
0.315317
1.2
0
0.4
0.7
1
-0.315
1.01
0.35
0.5
0.505
0.95
0.362353
0.5
0
-0.845
0.1
0
0.4
-1.025
0.03
-0.435
1.01
-0.525
1.25
-0.205
0.95
-0.235
1.23
0.425
0.96
0.375
1.22
0.655
0.9
0.695
1.15
0.736645
-0.152023
1.055
-0.53
1.365
-0.74
1.66377
-0.712839
-0.513193
-0.00759143
-0.717175
0.197831
-0.510309
0.811214
-0.305602
0.81048
0.308493
0.808311
0.5132
0.807594
0.715732
0.192767
0.613018
0.090779
0.510306
-0.0112088
1.515
-0.74
0.430116
2
0.945
-0.36
0.330151
1.5
0.605
0.01
0.315317
1.2
0
0.4
0.7
1
-0.375
1.1
0.35
0.5
0.525
1.08
0.362353
0.5
0
-0.845
0.1
0
0.4
-1.00775
-0.0146955
-0.455
1.07
-0.535
1.34
-0.195
1.01
-0.255
1.37
0.405
1.02
0.365
1.37
0.675
0.99
0.705
1.3
0.715
-0.22
0.955
-0.7
1.225
-0.93
1.52377
-0.902839
-0.513193
-0.00759143
-0.717175
0.197831
-0.510309
0.811214
-0.305602
0.81048
0.308493
0.808311
0.5132
0.807594
0.715732
0.192767
0.613018
0.090779
0.510306
-0.0112088
1.395
-0.98
0.448219
2
0.955
-0.5
0.330151
1.5
0.645
-0.03
0.315317
1.2
0
0.4
0.7
1
-0.355
1.23
0.35
0.5
0.485
1.17
0.362353
0.5
0
-0.845
0.1
0
0.4
-0.997588
-0.0279307
-0.46533
1.10782
-0.525
1.48
-0.166845
1.07646
-0.215
1.43
0.415
1.08
0.385
1.45
0.682003
1.0556
0.725
1.41
0.675
-0.22
0.865
-0.84
1.105
-1.07
1.40483
-1.06001
-0.513193
-0.00759143
-0.717175
0.197831
-0.510309
0.811214
-0.305602
0.81048
0.308493
0.808311
0.5132
0.807594
0.715732
0.192767
0.613018
0.090779
0.510306
-0.0112088
1.275
-1.12
0.390513
2
0.845
-0.63
0.330151
1.5
0.615
-0.1
0.315317
1.2
0
0.4
0.7
1
-0.355
1.26
0.35
0.5
0.545
1.23
0.362353
0.5
0
-0.845
0.1
0
0.4
-0.980723
-0.047409
-0.46533
1.10782
-0.555
1.57
-0.166845
1.07646
-0.215
1.49
0.415
1.08
0.405
1.52
0.682003
1.0556
0.735
1.51
0.675
-0.26
0.845
-0.89
1.095
-1.24
1.365
-1.31
-0.513193
-0.00759143
-0.717175
0.197831
-0.510309
0.811214
-0.305602
0.81048
0.308493
0.808311
0.5132
0.807594
0.715732
0.192767
0.613018
0.090779
0.510306
-0.0112088
1.255
-1.34
0.350179
2
0.895
-0.78
0.330151
1.5
0.675
-0.19
0.315317
1.2
0
0.4
0.7
1
-0.375
1.29
0.35
0.5
0.545
1.28
0.362353
0.5
0
-0.845
0.1
0
0.4
-0.980723
-0.047409
-0.505
1.1
-0.601207
1.59066
-0.265
1.1
-0.295
1.5
0.345
1.09
0.335
1.56
0.635
1.07
0.725
1.56
0.695
-0.29
0.825
-1.01
1.095
-1.29
1.345
-1.33
-0.513193
-0.00759143
-0.717175
0.197831
-0.510309
0.811214
-0.305602
0.81048
0.308493
0.808311
0.5132
0.807594
0.715732
0.192767
0.613018
0.090779
0.510306
-0.0112088
1.22186
-1.39545
0.350179
2
0.850024
-0.902847
0.330151
1.5
0.71391
-0.31897
0.315317
1.2
0
0.4
0.7
1
-0.472635
1.33307
0.35
0.5
0.520007
1.28862
0.362353
0.5
0
0
-1
0
0.4
-0.966073
-0.0424973
-0.5
1.1
-0.6
1.6
-0.26804
1.09829
-0.295
1.5
0.350581
1.09571
0.325
1.55
0.630779
1.06999
0.734798
1.55905
0.7
-0.3
0.825
-1.01
1.1
-1.3
1.345
-1.33
-0.5
0
-0.7
0.2
-0.5
0.8
-0.3
0.8
0.3
0.8
0.5
0.8
0.7
0.2
0.6
0.1
0.5
0
1.2
-1.35
0.350179
2
0.835
-0.87
0.330151
1.5
0.7
-0.3
0.315317
1.2
0
0.4
0.7
1
-0.465
1.31
0.35
0.5
0.505
1.27
0.362353
0.5
0
