37
10
15
9
6
0
-1
0
0.4
-0.92665
-0.0796958
-0.5
1.1
-0.6
1.6
-0.35
1.2
-0.4
1.55
0.35
1.1
0.3
1.5
0.6
1.1
0.6
1.6
0.7
-0.3
0.9
-1
1.1
-1.3
1.325
-1.32
-0.5
0
-0.7
0.2
-0.5
0.8
-0.3
0.8
0.3
0.8
0.5
0.8
0.7
0.2
0.6
0.1
0.5
0
1.2
-1.35
0.330341
2
0.875
-0.87
0.31241
1.5
0.685
-0.28
0.355106
1.2
0
0.4
0.7
1
-0.475
1.29
0.308707
0.5
0.475
1.26
0.299666
0.5
0
0
-1
0
0.4
-0.92665
-0.0796958
-0.5
1.1
-0.6
1.6
-0.35
1.2
-0.4
1.55
0.35
1.1
0.3
1.5
0.6
1.1
0.6
1.6
0.755
-0.33
0.725
-1.11
0.895
-1.29
1.12
-1.31
-0.5
0
-0.7
0.2
-0.5
0.8
-0.3
0.8
0.3
0.8
0.5
0.8
0.7
0.2
0.6
0.1
0.5
0
1.015
-1.28
0.403113
2
0.735
-0.64
0.31241
1.5
0.645
-0.05
0.355106
1.2
0
0.4
0.7
1
-0.475
1.29
0.308707
0.5
0.475
1.26
0.299666
0.5
0
0
-1
0
0.4
-0.92665
-0.0796958
-0.5
1.1
-0.6
1.6
-0.35
1.2
-0.4
1.55
0.35
1.1
0.3
1.5
0.6
1.1
0.6
1.6
0.905
-0.33
0.365
-1.08
0.645
-1.24
0.875
-1.29
-0.5
0
-0.7
0.2
-0.5
0.8
-0.3
0.8
0.3
0.8
0.5
0.8
0.7
0.2
0.6
0.1
0.5
0
0.705
-1.26
0.382753
2
0.675
-0.62
0.31241
1.5
0.695
-0.06
0.355106
1.2
0
0.4
0.7
1
-0.475
1.29
0.308707
0.5
0.475
1.26
0.299666
0.5
0
0
-1
0
0.4
-0.92665
-0.0796958
-0.5
1.1
-0.6
1.6
-0.35
1.2
-0.4
1.55
0.35
1.1
0.3
1.5
0.6
1.1
0.6
1.6
0.745
-0.36
0.235
-1.06
0.575
-1.23
0.805
-1.28
-0.5
0
-0.7
0.2
-0.5
0.8
-0.3
0.8
0.3
0.8
0.5
0.8
0.7
0.2
0.6
0.1
0.5
0
0.625
-1.2
0.373363
2
0.555
-0.59
0.31241
1.5
0.615
0.03
0.355106
1.2
0
0.4
0.7
1
-0.475
1.29
0.308707
0.5
0.475
1.26
0.299666
0.5
0
0
-1
0
0.4
-0.92665
-0.0796958
-0.5
1.1
-0.6
1.6
-0.35
1.2
-0.4
1.55
0.35
1.1
0.3
1.5
0.6
1.1
0.6
1.6
0.665
-0.47
0.045
-1.13
0.445
-1.15
0.675
-1.19
-0.5
0
-0.7
0.2
-0.5
0.8
-0.3
0.8
0.3
0.8
0.5
0.8
0.7
0.2
0.6
0.1
0.5
0
0.525
-1.18
0.353553
2
0.435
-0.67
0.31241
1.5
0.635
-0.08
0.355106
1.2
0
0.4
0.7
1
-0.475
1.29
0.308707
0.5
0.475
1.26
0.299666
0.5
0
0
-1
0
0.4
-0.92665
-0.0796958
-0.5
1.1
-0.6
1.6
-0.35
1.2
-0.4
1.55
0.35
1.1
0.3
1.5
0.6
1.1
0.6
1.6
0.465
-0.37
-0.215
-0.99
0.225
-1.15
0.455
-1.18
-0.5
0
-0.7
0.2
-0.5
0.8
-0.3
0.8
0.3
0.8
0.5
0.8
0.7
0.2
0.6
0.1
0.5
0
0.315
-1.15
0.360555
2
0.205
-0.64
0.31241
1.5
0.525
-0.08
0.355106
1.2
0
0.4
0.7
1
-0.475
1.29
0.308707
0.5
0.475
1.26
0.299666
0.5
0
-0.018113
-0.599836
0
0.4
-0.936796
-0.0598265
-0.484974
1.11061
-0.574272
1.61269
-0.332854
1.20739
-0.375365
1.55842
0.364925
1.09243
0.323483
1.49346
0.614896
1.08709
0.625586
1.58703
0.438055
-0.399635
-0.368692
-0.702492
-0.0753553
-1.01887
0.135
-1.05
-0.508493
0.0107378
-0.704193
0.21499
-0.491389
0.810643
-0.291412
0.806367
0.308517
0.793538
0.508493
0.789262
0.695641
0.185057
0.593515
0.087207
0.491389
-0.0106429
0.035
-1.01
0.330341
2
0.125
-0.54
0.31241
1.5
0.495
-0.03
0.355106
1.2
0
0.4
0.7
1
-0.455915
1.30005
0.308707
0.5
0.493331
1.24974
0.299666
0.5
0
-0.018113
-0.599836
0
0.4
-0.936796
-0.0598265
-0.484974
1.11061
-0.574272
1.61269
-0.332854
1.20739
-0.375365
1.55842
0.364925
1.09243
0.323483
1.49346
0.614896
1.08709
0.625586
1.58703
0.485
-0.24
-0.235
-0.45
-0.005
-0.82
0.235
-0.91
-0.508493
0.0107378
-0.704193
0.21499
-0.491389
0.810643
-0.291412
0.806367
0.308517
0.793538
0.508493
0.789262
0.695641
0.185057
0.593515
0.087207
0.491389
-0.0106429
0.155
-0.85
0.330341
2
0.015
-0.48
0.31241
1.5
0.445
0.04
0.355106
1.2
0
0.4
0.7
1
-0.455915
1.30005
0.308707
0.5
0.493331
1.24974
0.299666
0.5
0
-0.018113
-0.599836
0
0.4
-0.936796
-0.0598265
-0.484974
1.11061
-0.574272
1.61269
-0.332854
1.20739
-0.375365
1.55842
0.364925
1.09243
0.323483
1.49346
0.614896
1.08709
0.625586
1.58703
0.495
-0.36
-0.155
-0.71
0.145
-0.96
0.385
-1.05
-0.508493
0.0107378
-0.704193
0.21499
-0.491389
0.810643
-0.291412
0.806367
0.308517
0.793538
0.508493
0.789262
0.695641
0.185057
0.593515
0.087207
0.491389
-0.0106429
0.305
-0.99
0.330341
2
0.175
-0.56
0.31241
1.5
0.555
-0.08
0.355106
1.2
0
0.4
0.7
1
-0.455915
1.30005
0.308707
0.5
0.493331
1.24974
0.299666
0.5
0
-0.018113
-0.599836
0
0.4
-0.936796
-0.0598265
-0.484974
1.11061
-0.574272
1.61269
-0.332854
1.20739
-0.375365
1.55842
0.364925
1.09243
0.323483
1.49346
0.614896
1.08709
0.625586
1.58703
0.515
-0.52
-0.075
-0.82
0.235
-1.14
0.475
-1.23
-0.508493
0.0107378
-0.704193
0.21499
-0.491389
0.810643
-0.291412
0.806367
0.308517
0.793538
0.508493
0.789262
0.695641
0.185057
0.593515
0.087207
0.491389
-0.0106429
0.395
-1.18
0.39
2
0.265
-0.62
0.31241
1.5
0.525
-0.03
0.355106
1.2
0
0.4
0.7
1
-0.455915
1.30005
0.308707
0.5
0.493331
1.24974
0.299666
0.5
0
-0.018113
-0.599836
0
0.4
-0.936796
-0.0598265
-0.484974
1.11061
-0.574272
1.61269
-0.332854
1.20739
-0.375365
1.55842
0.364925
1.09243
0.323483
1.49346
0.614896
1.08709
0.625586
1.58703
0.525
-0.6
0.185
-0.93
0.355
-1.22
0.595
-1.26
-0.508493
0.0107378
-0.704193
0.21499
-0.491389
0.810643
-0.291412
0.806367
0.308517
0.793538
0.508493
0.789262
0.695641
0.185057
0.593515
0.087207
0.491389
-0.0106429
0.485
-1.26
0.364005
2
0.405
-0.75
0.31241
1.5
0.67038
-0.294565
0.355106
1.2
0
0.4
0.7
1
-0.455915
1.30005
0.308707
0.5
0.493331
1.24974
0.299666
0.5
0
-0.018113
-0.599836
0
0.4
-0.936796
-0.0598265
-0.484974
1.11061
-0.574272
1.61269
-0.332854
1.20739
-0.375365
1.55842
0.364925
1.09243
0.323483
1.49346
0.614896
1.08709
0.625586
1.58703
0.625
-0.44
0.315
-1.03
0.525
-1.44
0.795
-1.47
-0.508493
0.0107378
-0.704193
0.21499
-0.491389
0.810643
-0.291412
0.806367
0.308517
0.793538
0.508493
0.789262
0.695641
0.185057
0.593515
0.087207
0.491389
-0.0106429
0.625
-1.42
0.445982
2
0.535
-0.77
0.31241
1.5
0.665
-0.14
0.355106
1.2
0
0.4
0.7
1
-0.455915
1.30005
0.308707
0.5
0.493331
1.24974
0.299666
0.5
0
-0.018113
-0.599836
0
0.4
-0.936796
-0.0598265
-0.484974
1.11061
-0.574272
1.61269
-0.332854
1.20739
-0.375365
1.55842
0.364925
1.09243
0.323483
1.49346
0.614896
1.08709
0.625586
1.58703
0.665
-0.47
0.525
-1.14
0.735
-1.5
1.005
-1.53
-0.508493
0.0107378
-0.704193
0.21499
-0.491389
0.810643
-0.291412
0.806367
0.308517
0.793538
0.508493
0.789262
0.695641
0.185057
0.593515
0.087207
0.491389
-0.0106429
0.865
-1.53
0.389102
2
0.645
-0.98
0.31241
1.5
0.645
-0.27
0.355106
1.2
0
0.4
0.7
1
-0.455915
1.30005
0.308707
0.5
0.493331
1.24974
0.299666
0.5
0
-0.018113
-0.599836
0
0.4
-0.936796
-0.0598265
-0.484974
1.11061
-0.574272
1.61269
-0.332854
1.20739
-0.375365
1.55842
0.364925
1.09243
0.323483
1.49346
0.614896
1.08709
0.625586
1.58703
0.665
-0.47
0.595
-1.22
0.935
-1.46
1.215
-1.48
-0.508493
0.0107378
-0.704193
0.21499
-0.491389
0.810643
-0.291412
0.806367
0.308517
0.793538
0.508493
0.789262
0.695641
0.185057
0.593515
0.087207
0.491389
-0.0106429
1.065
-1.49
0.358469
2
0.725
-1.01
0.31241
1.5
0.605
-0.35
0.355106
1.2
0
0.4
0.7
1
-0.455915
1.30005
0.308707
0.5
0.493331
1.24974
0.299666
0.5
0
-0.018113
-0.599836
0
0.4
-0.936796
-0.0598265
-0.484974
1.11061
-0.574272
1.61269
-0.332854
1.20739
-0.375365
1.55842
0.364925
1.09243
0.323483
1.49346
0.614896
1.08709
0.625586
1.58703
0.665
-0.47
0.595
-1.22
1.095
-1.37
1.38703
-1.30129
-0.508493
0.0107378
-0.704193
0.21499
-0.491389
0.810643
-0.291412
0.806367
0.308517
0.793538
0.508493
0.789262
0.695641
0.185057
0.593515
0.087207
0.491389
-0.0106429
1.265
-1.36
0.435377
2
0.765
-0.91
0.31241
1.5
0.67038
-0.294565
0.355106
1.2
0
0.4
0.7
1
-0.455915
1.30005
0.308707
0.5
0.493331
1.24974
0.299666
0.5
0
-0.018113
-0.599836
0
0.4
-0.936796
-0.0598265
-0.484974
1.11061
-0.574272
1.61269
-0.332854
1.20739
-0.375365
1.55842
0.364925
1.09243
0.323483
1.49346
0.614896
1.08709
0.625586
1.58703
0.585
-0.46
0.725
-1.13
1.155
-1.22
1.395
-1.1
-0.508493
0.0107378
-0.704193
0.21499
-0.491389
0.810643
-0.291412
0.806367
0.308517
0.793538
0.508493
0.789262
0.695641
0.185057
0.593515
0.087207
0.491389
-0.0106429
1.295
-1.17
0.330341
2
0.775
-0.88
0.31241
1.5
0.67038
-0.294565
0.355106
1.2
0
0.4
0.7
1
-0.455915
1.30005
0.308707
0.5
0.493331
1.24974
0.299666
0.5
0
-0.018113
-0.599836
0
0.4
-0.936796
-0.0598265
-0.484974
1.11061
-0.574272
1.61269
-0.332854
1.20739
-0.375365
1.55842
0.364925
1.09243
0.323483
1.49346
0.614896
1.08709
0.625586
1.58703
0.585
-0.46
0.765
-1.15
1.305
-1.09
1.525
-0.95
-0.508493
0.0107378
-0.704193
0.21499
-0.491389
0.810643
-0.291412
0.806367
0.308517
0.793538
0.508493
0.789262
0.695641
0.185057
0.593515
0.087207
0.491389
-0.0106429
1.405
-1
0.374833
2
0.847743
-0.888558
0.31241
1.5
0.67038
-0.294565
0.355106
1.2
0
0.4
0.7
1
-0.455915
1.30005
0.308707
0.5
0.493331
1.24974
0.299666
0.5
0
-0.018113
-0.599836
0
0.4
-0.936796
-0.0598265
-0.484974
1.11061
-0.574272
1.61269
-0.332854
1.20739
-0.375365
1.55842
0.364925
1.09243
0.323483
1.49346
0.614896
1.08709
0.625586
1.58703
0.585
-0.46
0.875
-1.17
1.345
-0.92
1.545
-0.73
-0.508493
0.0107378
-0.704193
0.21499
-0.491389
0.810643
-0.291412
0.806367
0.308517
0.793538
0.508493
0.789262
0.695641
0.185057
0.593515
0.087207
0.491389
-0.0106429
1.455
-0.82
0.380132
2
0.847743
-0.888558
0.31241
1.5
0.67038
-0.294565
0.355106
1.2
0
0.4
0.7
1
-0.455915
1.30005
0.308707
0.5
0.493331
1.24974
0.299666
0.5
0
-0.018113
-0.599836
0
0.4
-0.936796
-0.0598265
-0.484974
1.11061
-0.574272
1.61269
-0.332854
1.20739
-0.375365
1.55842
0.364925
1.09243
0.323483
1.49346
0.614896
1.08709
0.625586
1.58703
0.675
-0.48
0.955
-1.08
1.475
-0.72
1.675
-0.53
-0.508493
0.0107378
-0.704193
0.21499
-0.491389
0.810643
-0.291412
0.806367
0.308517
0.793538
0.508493
0.789262
0.695641
0.185057
0.593515
0.087207
0.491389
-0.0106429
1.615
-0.58
0.411461
2
1.005
-0.74
0.31241
1.5
0.715
-0.24
0.355106
1.2
0
0.4
0.7
1
-0.455915
1.30005
0.308707
0.5
0.493331
1.24974
0.299666
0.5
0
-0.018113
-0.599836
0
0.4
-0.936796
-0.0598265
-0.484974
1.11061
-0.574272
1.61269
-0.332854
1.20739
-0.375365
1.55842
0.364925
1.09243
0.323483
1.49346
0.614896
1.08709
0.625586
1.58703
0.675
-0.48
1.135
-0.82
1.585
-0.51
1.762
-0.267783
-0.508493
0.0107378
-0.704193
0.21499
-0.491389
0.810643
-0.291412
0.806367
0.308517
0.793538
0.508493
0.789262
0.695641
0.185057
0.593515
0.087207
0.491389
-0.0106429
1.695
-0.39
0.463249
2
1.125
-0.57
0.31241
1.5
0.675
-0.17
0.355106
1.2
0
0.4
0.7
1
-0.455915
1.30005
0.308707
0.5
0.493331
1.24974
0.299666
0.5
0
-0.018113
-0.599836
0
0.4
-0.936796
-0.0598265
-0.484974
1.11061
-0.574272
1.61269
-0.332854
1.20739
-0.375365
1.55842
0.364925
1.09243
0.323483
1.49346
0.614896
1.08709
0.625586
1.58703
0.695
-0.45
1.135
-0.71
1.615
-0.26
1.725
0.00999999
-0.508493
0.0107378
-0.704193
0.21499
-0.491389
0.810643
-0.291412
0.806367
0.308517
0.793538
0.508493
0.789262
0.695641
0.185057
0.593515
0.087207
0.491389
-0.0106429
1.695
-0.08
0.395601
2
1.185
-0.46
0.31241
1.5
0.665
-0.15
0.355106
1.2
0
0.4
0.7
1
-0.455915
1.30005
0.308707
0.5
0.493331
1.24974
0.299666
0.5
0
-0.018113
-0.599836
0
0.4
-0.936796
-0.0598265
-0.484974
1.11061
-0.574272
1.61269
-0.332854
1.20739
-0.375365
1.55842
0.364925
1.09243
0.323483
1.49346
0.614896
1.08709
0.625586
1.58703
0.795
-0.4
1.445
-0.61
1.835
0.02
1.91478
0.309198
-0.508493
0.0107378
-0.704193
0.21499
-0.491389
0.810643
-0.291412
0.806367
0.308517
0.793538
0.508493
0.789262
0.695641
0.185057
0.593515
0.087207
0.491389
-0.0106429
1.825
0.13
0.451774
2
1.285
-0.33
0.31241
1.5
0.705
-0.11
0.355106
1.2
0
0.4
0.7
1
-0.455915
1.30005
0.308707
0.5
0.493331
1.24974
0.299666
0.5
0
-0.018113
-0.599836
0
0.4
-0.936796
-0.0598265
-0.484974
1.11061
-0.574272
1.61269
-0.332854
1.20739
-0.375365
1.55842
0.364925
1.09243
0.323483
1.49346
0.614896
1.08709
0.625586
1.58703
0.815
-0.34
1.545
-0.44
1.755
0.12
1.735
0.41
-0.508493
0.0107378
-0.704193
0.21499
-0.491389
0.810643
-0.291412
0.806367
0.308517
0.793538
0.508493
0.789262
0.695641
0.185057
0.593515
0.087207
0.491389
-0.0106429
1.685
0.22
0.462385
2
1.235
-0.22
0.31241
1.5
0.675
-0.03
0.355106
1.2
0
0.4
0.7
1
-0.455915
1.30005
0.308707
0.5
0.493331
1.24974
0.299666
0.5
0
-0.018113
-0.599836
0
0.4
-0.936796
-0.0598265
-0.484974
1.11061
-0.574272
1.61269
-0.332854
1.20739
-0.375365
1.55842
0.364925
1.09243
0.323483
1.49346
0.614896
1.08709
0.625586
1.58703
0.915
-0.26
1.545
-0.22
1.555
0.23
1.475
0.51
-0.508493
0.0107378
-0.704193
0.21499
-0.491389
0.810643
-0.291412
0.806367
0.308517
0.793538
0.508493
0.789262
0.695641
0.185057
0.593515
0.087207
0.491389
-0.0106429
1.465
0.37
0.447214
2
1.145
-0.13
0.31241
1.5
0.685
-0.02
0.355106
1.2
0
0.4
0.7
1
-0.455915
1.30005
0.308707
0.5
0.493331
1.24974
0.299666
0.5
0
-0.018113
-0.599836
0
0.4
-0.936796
-0.0598265
-0.484974
1.11061
-0.574272
1.61269
-0.332854
1.20739
-0.375365
1.55842
0.364925
1.09243
0.323483
1.49346
0.614896
1.08709
0.625586
1.58703
0.915
-0.26
1.415
-0.06
1.355
0.37
1.245
0.63
-0.508493
0.0107378
-0.704193
0.21499
-0.491389
0.810643
-0.291412
0.806367
0.308517
0.793538
0.508493
0.789262
0.695641
0.185057
0.593515
0.087207
0.491389
-0.0106429
1.275
0.53
0.429535
2
1.175
0.01
0.31241
1.5
0.695
0.02
0.355106
1.2
0
0.4
0.7
1
-0.455915
1.30005
0.308707
0.5
0.493331
1.24974
0.299666
0.5
0
-0.018113
-0.599836
0
0.4
-0.936796
-0.0598265
-0.484974
1.11061
-0.574272
1.61269
-0.332854
1.20739
-0.375365
1.55842
0.364925
1.09243
0.323483
1.49346
0.614896
1.08709
0.625586
1.58703
0.855
-0.22
1.315
-0.03
1.175
0.3
0.975
0.46
-0.508493
0.0107378
-0.704193
0.21499
-0.491389
0.810643
-0.291412
0.806367
0.308517
0.793538
0.508493
0.789262
0.695641
0.185057
0.593515
0.087207
0.491389
-0.0106429
1.055
0.35
0.422019
2
1.055
-0.01
0.31241
1.5
0.655
-0.01
0.355106
1.2
0
0.4
0.7
1
-0.455915
1.30005
0.308707
0.5
0.493331
1.24974
0.299666
0.5
0
-0.018113
-0.599836
0
0.4
-0.936796
-0.0598265
-0.484974
1.11061
-0.574272
1.61269
-0.332854
1.20739
-0.375365
1.55842
0.364925
1.09243
0.323483
1.49346
0.614896
1.08709
0.625586
1.58703
0.855
-0.22
1.215
-0.19
1.265
0.16
1.215
0.39
-0.508493
0.0107378
-0.704193
0.21499
-0.491389
0.810643
-0.291412
0.806367
0.308517
0.793538
0.508493
0.789262
0.695641
0.185057
0.593515
0.087207
0.491389
-0.0106429
1.235
0.32
0.330341
2
1.115
-0.08
0.31241
1.5
0.725
-0.02
0.355106
1.2
0
0.4
0.7
1
-0.455915
1.30005
0.308707
0.5
0.493331
1.24974
0.299666
0.5
0
-0.018113
-0.599836
0
0.4
-0.936796
-0.0598265
-0.484974
1.11061
-0.574272
1.61269
-0.332854
1.20739
-0.375365
1.55842
0.364925
1.09243
0.323483
1.49346
0.614896
1.08709
0.625586
1.58703
0.805
-0.58
1.165
-0.35
1.235
0.04
1.295
0.28
-0.508493
0.0107378
-0.704193
0.21499
-0.491389
0.810643
-0.291412
0.806367
0.308517
0.793538
0.508493
0.789262
0.695641
0.185057
0.593515
0.087207
0.491389
-0.0106429
1.255
0.16
0.330341
2
1.085
-0.27
0.31241
1.5
0.695
-0.13
0.355106
1.2
0
0.4
0.7
1
-0.455915
1.30005
0.308707
0.5
0.493331
1.24974
0.299666
0.5
0
-0.018113
-0.599836
0
0.4
-0.936796
-0.0598265
-0.484974
1.11061
-0.574272
1.61269
-0.332854
1.20739
-0.375365
1.55842
0.364925
1.09243
0.323483
1.49346
0.614896
1.08709
0.625586
1.58703
0.685
-0.69
1.055
-0.78
1.165
-0.15
1.225
0.09
-0.508493
0.0107378
-0.704193
0.21499
-0.491389
0.810643
-0.291412
0.806367
0.308517
0.793538
0.508493
0.789262
0.695641
0.185057
0.593515
0.087207
0.491389
-0.0106429
1.195
0
0.330341
2
0.965
-0.47
0.31241
1.5
0.635
-0.08
0.355106
1.2
0
0.4
0.7
1
-0.455915
1.30005
0.308707
0.5
0.493331
1.24974
0.299666
0.5
0
-0.018113
-0.599836
0
0.4
-0.936796
-0.0598265
-0.484974
1.11061
-0.574272
1.61269
-0.332854
1.20739
-0.375365
1.55842
0.364925
1.09243
0.323483
1.49346
0.614896
1.08709
0.625586
1.58703
0.635
-0.71
0.925
-0.73
1.135
-0.37
1.245
-0.16
-0.508493
0.0107378
-0.704193
0.21499
-0.491389
0.810643
-0.291412
0.806367
0.308517
0.793538
0.508493
0.789262
0.695641
0.185057
0.593515
0.087207
0.491389
-0.0106429
1.175
-0.22
0.330341
2
0.895
-0.55
0.31241
1.5
0.625
-0.09
0.355106
1.2
0
0.4
0.7
1
-0.455915
1.30005
0.308707
0.5
0.493331
1.24974
0.299666
0.5
0
-0.018113
-0.599836
0
0.4
-0.936796
-0.0598265
-0.484974
1.11061
-0.574272
1.61269
-0.332854
1.20739
-0.375365
1.55842
0.364925
1.09243
0.323483
1.49346
0.614896
1.08709
0.625586
1.58703
0.595
-0.47
0.785
-0.78
1.125
-0.71
1.335
-0.59
-0.508493
0.0107378
-0.704193
0.21499
-0.491389
0.810643
-0.291412
0.806367
0.308517
0.793538
0.508493
0.789262
0.695641
0.185057
0.593515
0.087207
0.491389
-0.0106429
1.305
-0.61
0.330341
2
0.895
-0.68
0.31241
1.5
0.67038
-0.294565
0.355106
1.2
0
0.4
0.7
1
-0.455915
1.30005
0.308707
0.5
0.493331
1.24974
0.299666
0.5
0
-0.018113
-0.599836
0
0.4
-0.936796
-0.0598265
-0.484974
1.11061
-0.574272
1.61269
-0.332854
1.20739
-0.375365
1.55842
0.364925
1.09243
0.323483
1.49346
0.614896
1.08709
0.625586
1.58703
0.595
-0.47
0.655
-0.85
0.945
-0.94
1.24092
-0.89068
-0.508493
0.0107378
-0.704193
0.21499
-0.491389
0.810643
-0.291412
0.806367
0.308517
0.793538
0.508493
0.789262
0.695641
0.185057
0.593515
0.087207
0.491389
-0.0106429
1.095
-0.92
0.407063
2
0.685
-0.63
0.31241
1.5
0.665
-0.15
0.355106
1.2
0
0.4
0.7
1
-0.455915
1.30005
0.308707
0.5
0.493331
1.24974
0.299666
0.5
0
-0.018113
-0.599836
0
0.4
-0.936796
-0.0598265
-0.484974
1.11061
-0.574272
1.61269
-0.332854
1.20739
-0.375365
1.55842
0.364925
1.09243
0.323483
1.49346
0.614896
1.08709
0.625586
1.58703
0.595
-0.47
0.525
-0.97
0.895
-1.16
1.19445
-1.17815
-0.508493
0.0107378
-0.704193
0.21499
-0.491389
0.810643
-0.291412
0.806367
0.308517
0.793538
0.508493
0.789262
0.695641
0.185057
0.593515
0.087207
0.491389
-0.0106429
1.055
-1.19
0.408044
2
0.635
-0.78
0.31241
1.5
0.645
-0.19
0.355106
1.2
0
0.4
0.7
1
-0.455915
1.30005
0.308707
0.5
0.493331
1.24974
0.299666
0.5
0
-0.018113
-0.599836
0
0.4
-0.936796
-0.0598265
-0.484974
1.11061
-0.574272
1.61269
-0.332854
1.20739
-0.375365
1.55842
0.364925
1.09243
0.323483
1.49346
0.614896
1.08709
0.625586
1.58703
0.595
-0.47
0.545
-1.09
0.835
-1.32
1.13445
-1.33815
-0.508493
0.0107378
-0.704193
0.21499
-0.491389
0.810643
-0.291412
0.806367
0.308517
0.793538
0.508493
0.789262
0.695641
0.185057
0.593515
0.087207
0.491389
-0.0106429
0.995
-1.31
0.398497
2
0.595
-0.85
0.31241
1.5
0.67038
-0.294565
0.355106
1.2
0
0.4
0.7
1
-0.455915
1.30005
0.308707
0.5
0.493331
1.24974
0.299666
0.5
0
-0.018113
-0.599836
0
0.4
-0.936796
-0.0598265
-0.484974
1.11061
-0.574272
1.61269
-0.332854
1.20739
-0.375365
1.55842
0.364925
1.09243
0.323483
1.49346
0.614896
1.08709
0.625586
1.58703
0.715
-0.43
0.735
-1.05
0.985
-1.36
1.28445
-1.37815
-0.508493
0.0107378
-0.704193
0.21499
-0.491389
0.810643
-0.291412
0.806367
0.308517
0.793538
0.508493
0.789262
0.695641
0.185057
0.593515
0.087207
0.491389
-0.0106429
1.16244
-1.37545
0.381886
2
0.847743
-0.888558
0.31241
1.5
0.67038
-0.294565
0.355106
1.2
0
0.4
0.7
1
-0.455915
1.30005
0.308707
0.5
0.493331
1.24974
0.299666
0.5
0
-0.018113
-0.599836
0
0.4
-0.936796
-0.0598265
-0.484974
1.11061
-0.574272
1.61269
-0.332854
1.20739
-0.375365
1.55842
0.364925
1.09243
0.323483
1.49346
0.614896
1.08709
0.625586
1.58703
0.685
-0.39
0.875
-0.99
1.055
-1.31
1.325
-1.39
-0.508493
0.0107378
-0.704193
0.21499
-0.491389
0.810643
-0.291412
0.806367
0.308517
0.793538
0.508493
0.789262
0.695641
0.185057
0.593515
0.087207
0.491389
-0.0106429
1.16244
-1.37545
0.361491
2
0.847743
-0.888558
0.31241
1.5
0.67038
-0.294565
0.355106
1.2
0
0.4
0.7
1
-0.455915
1.30005
0.308707
0.5
0.493331
1.24974
0.299666
0.5
0
0
-1
0
0.4
-0.92665
-0.0796958
-0.5
1.1
-0.6
1.6
-0.35
1.2
-0.4
1.55
0.35
1.1
0.3
1.5
0.6
1.1
0.615
1.59
0.7
-0.3
0.9
-1
1.1
-1.3
1.325
-1.32
-0.5
0
-0.7
0.2
-0.5
0.8
-0.3
0.8
0.3
0.8
0.5
0.8
0.7
0.2
0.6
0.1
0.5
0
1.2
-1.35
0.353871
2
0.875
-0.87
0.31241
1.5
0.685
-0.28
0.355106
1.2
0
0.4
0.7
1
-0.475
1.29
0.308707
0.5
0.475
1.26
0.299666
0.5
0
