20
10
15
9
6
-0.005
-0.53
-0.005
0.87
-0.965
0.55
-0.585
1.33
-0.465
1.49
-0.225
1.36
-0.225
1.49
0.305
1.36
0.295
1.5
0.595
1.36
0.485
1.52
0.815
0.29
0.635
-0.02
0.435
-0.17
0.13694
-0.204064
-0.505
0.47
-0.705
0.67
-0.505
1.27
-0.305
1.27
0.295
1.27
0.495
1.27
0.695
0.67
0.595
0.57
0.495
0.47
0.705
-0.49
0.278029
2
0.435
-0.18
0.3
1.5
0.625
0.32
0.3
1.2
-0.005
0.87
0.7
1
-0.495
1.48
0.3
0.5
0.425
1.49
0.3
0.5
0
0.268744
-0.0918027
-0.005
0.87
-0.80002
0.243094
-0.706988
1.10619
-0.648324
1.2975
-0.37832
1.25657
-0.422426
1.37893
0.120537
1.43638
0.063625
1.56477
0.393496
1.53478
0.235675
1.64805
0.963599
0.602291
0.899352
0.249436
0.761997
0.0403948
0.493008
-0.0927936
-0.339907
0.323864
-0.596011
0.444256
-0.611331
1.07686
-0.423084
1.14471
0.14166
1.34828
0.329907
1.41614
0.721723
0.919248
0.661527
0.791197
0.601331
0.663144
1.1247
-0.169196
0.278029
2
0.76539
0.0309826
0.3
1.5
0.774585
0.566065
0.3
1.2
-0.005
0.87
0.7
1
-0.673168
1.27791
0.3
0.5
0.189379
1.59946
0.3
0.5
0
0.558638
0.0439783
-0.005
0.87
-0.516563
-0.00452173
-0.745269
0.833524
-0.760524
1.03318
-0.494034
1.09371
-0.579833
1.19158
-0.0950076
1.44351
-0.194937
1.54231
0.123327
1.63491
-0.0650895
1.68277
0.99516
0.974531
1.06424
0.622338
1.01267
0.377407
0.810746
0.155041
-0.117439
0.238849
-0.400015
0.257424
-0.645439
0.841151
-0.494864
0.973151
-0.0431366
1.36915
0.107439
1.50115
0.654015
1.18142
0.644727
1.04014
0.635439
0.898849
1.42714
0.314686
0.278029
2
1.01927
0.369878
0.3
1.5
0.832313
0.871718
0.3
1.2
-0.005
0.87
0.7
1
-0.776511
1.00586
0.3
0.5
-0.0904625
1.62058
0.3
0.5
0
0.775
0.29
-0.005
0.87
-0.138834
-0.13481
-0.673979
0.55005
-0.765272
0.728387
-0.542775
0.887301
-0.659799
0.944432
-0.309854
1.3644
-0.440276
1.41692
-0.182408
1.62545
-0.374779
1.59675
0.877475
1.35326
1.07743
1.05499
1.12456
0.809031
1.02424
0.525751
0.135338
0.244118
-0.132593
0.151975
-0.58481
0.595697
-0.496917
0.775733
-0.233232
1.31584
-0.145339
1.49588
0.482668
1.41224
0.528739
1.27827
0.57481
1.1443
1.53128
0.91145
0.278029
2
1.13356
0.804636
0.3
1.5
0.76697
1.19541
0.3
1.2
-0.005
0.87
0.7
1
-0.769455
0.696988
0.3
0.5
-0.374142
1.52955
0.3
0.5
0
0.955824
0.592839
-0.005
0.87
0.260437
-0.108776
-0.498326
0.31591
-0.651571
0.445098
-0.507815
0.677819
-0.637887
0.685232
-0.477594
1.20811
-0.618242
1.20609
-0.461058
1.49827
-0.627419
1.39733
0.622077
1.65738
0.921984
1.4596
1.06066
1.25094
1.07775
0.950774
0.36671
0.346916
0.155196
0.158209
-0.433731
0.392533
-0.422327
0.592643
-0.388114
1.19297
-0.376711
1.39308
0.235025
1.55898
0.329378
1.45322
0.423731
1.34747
1.39624
1.50284
0.278029
2
1.07067
1.25037
0.3
1.5
0.581226
1.46899
0.3
1.2
-0.005
0.87
0.7
1
-0.643278
0.414513
0.3
0.5
-0.600822
1.33559
0.3
0.5
0
0.994956
0.879345
-0.005
0.87
0.555905
0.0246428
-0.298419
0.188303
-0.484668
0.262571
-0.421656
0.528862
-0.547471
0.494845
-0.560343
1.0418
-0.69322
0.995486
-0.636229
1.32246
-0.762294
1.17414
0.341754
1.81537
0.688875
1.72228
0.886381
1.56798
0.997342
1.28842
0.512959
0.490767
0.371733
0.244871
-0.261285
0.281429
-0.31362
0.474989
-0.470624
1.05567
-0.52296
1.24923
0.00538953
1.5998
0.128337
1.52919
0.251285
1.45857
1.12543
1.91302
0.278029
2
0.896058
1.57059
0.3
1.5
0.362437
1.62364
0.3
1.2
-0.005
0.87
0.7
1
-0.467142
0.236155
0.3
0.5
-0.717558
1.12392
0.3
0.5
0
0.924069
1.23991
-0.005
0.87
0.842344
0.311307
-0.0082617
0.127525
-0.208807
0.122986
-0.255044
0.392816
-0.357558
0.312243
-0.583534
0.810758
-0.687737
0.7161
-0.763275
1.03944
-0.82127
0.853533
-0.0558611
1.87611
0.300159
1.9263
0.542403
1.86156
0.754
1.64763
0.620325
0.723633
0.58657
0.44196
-0.0105312
0.227798
-0.13449
0.385511
-0.506366
0.858654
-0.630325
1.01637
-0.281141
1.54596
-0.140306
1.52908
0.000531372
1.5122
0.627401
2.2728
0.278029
2
0.550288
1.86775
0.3
1.5
0.0382422
1.70769
0.3
1.2
-0.005
0.87
0.7
1
-0.182329
0.105527
0.3
0.5
-0.760424
0.824813
0.3
0.5
0
0.783316
1.48527
-0.005
0.87
0.975333
0.605494
0.225123
0.163744
0.0360634
0.0964383
-0.0926119
0.338209
-0.164675
0.229477
-0.535906
0.632004
-0.605148
0.509363
-0.778463
0.792758
-0.775152
0.597958
-0.369342
1.80966
-0.0469462
1.96917
0.203484
1.98377
0.471665
1.84703
0.634934
0.927398
0.691349
0.649251
0.19147
0.258274
0.02419
0.369139
-0.477653
0.701737
-0.644934
0.812602
-0.479617
1.42531
-0.340545
1.45352
-0.20147
1.48173
0.15504
2.40108
0.278029
2
0.209027
1.99213
0.3
1.5
-0.227055
1.67925
0.3
1.2
-0.005
0.87
0.7
1
0.066697
0.0881721
0.3
0.5
-0.708337
0.58979
0.3
0.5
0
0.595
1.67
-0.005
0.87
1.0091
0.929196
0.436897
0.272542
0.278767
0.148836
0.0801371
0.337573
0.0461535
0.211574
-0.433548
0.47612
-0.460453
0.337815
-0.714621
0.551929
-0.649835
0.368099
-0.648142
1.6465
-0.392644
1.89991
-0.159589
1.99301
0.1382
1.94811
0.584174
1.12698
0.725736
0.880857
0.375044
0.351608
0.181202
0.403889
-0.40033
0.560736
-0.594174
0.613017
-0.631171
1.24683
-0.508108
1.31761
-0.385044
1.38839
-0.337626
2.37374
0.278029
2
-0.156975
2.0027
0.3
1.5
-0.471833
1.56776
0.3
1.2
-0.005
0.87
0.7
1
0.310456
0.150685
0.3
0.5
-0.583838
0.381491
0.3
0.5
0
0.35792
1.80182
-0.005
0.87
0.942422
1.23737
0.59898
0.43665
0.486354
0.270369
0.239347
0.389159
0.245631
0.258767
-0.292248
0.363541
-0.275451
0.223603
-0.58312
0.349523
-0.465057
0.194358
-0.855504
1.41211
-0.689944
1.73174
-0.496593
1.89186
-0.199284
1.94044
0.477171
1.29537
0.68744
1.10444
0.515839
0.492964
0.315238
0.483296
-0.286569
0.454295
-0.487171
0.444627
-0.716774
1.03677
-0.621307
1.1419
-0.525838
1.24704
-0.782874
2.19978
0.278029
2
-0.497077
1.90189
0.3
1.5
-0.663482
1.3912
0.3
1.2
-0.005
0.87
0.7
1
0.515959
0.281848
0.3
0.5
-0.406326
0.227349
0.3
0.5
0
0.170453
1.85449
-0.005
0.87
0.839432
1.43565
0.679231
0.579044
0.605647
0.392129
0.338593
0.454084
0.373226
0.328189
-0.174669
0.312888
-0.127687
0.179973
-0.45551
0.235629
-0.30636
0.109986
-0.953622
1.21323
-0.861892
1.56139
-0.708169
1.75994
-0.428598
1.87233
0.372647
1.39057
0.619612
1.25017
0.585773
0.615837
0.39209
0.562555
-0.188962
0.40271
-0.382646
0.349427
-0.736175
0.877198
-0.665975
1.00068
-0.595773
1.12416
-1.05489
1.9979
0.278029
2
-0.710834
1.76962
0.3
1.5
-0.761631
1.23479
0.3
1.2
-0.005
0.87
0.7
1
0.632035
0.409804
0.3
0.5
-0.256247
0.155024
0.3
0.5
0
-0.055
1.83
-0.005
0.87
0.678974
1.62225
0.729344
0.751967
0.702828
0.55278
0.42862
0.54874
0.492514
0.43482
-0.0358216
0.288248
0.0417515
0.17048
-0.289949
0.145714
-0.114917
0.0595691
-1.00864
0.97523
-1.00326
1.33535
-0.901729
1.5651
-0.657281
1.74144
0.236554
1.46627
0.510114
1.38931
0.62975
0.765226
0.45449
0.666927
-0.0712933
0.37203
-0.246554
0.27373
-0.716712
0.701214
-0.678231
0.837994
-0.63975
0.974775
-1.29561
1.71281
0.278029
2
-0.906644
1.57386
0.3
1.5
-0.827395
1.04232
0.3
1.2
-0.005
0.87
0.7
1
0.724201
0.576286
0.3
0.5
-0.0770836
0.115349
0.3
0.5
0
-0.265
1.78
-0.005
0.87
0.458173
1.77539
0.734822
0.948463
0.761413
0.749231
0.497767
0.673486
0.589295
0.580255
0.117672
0.300333
0.223413
0.206971
-0.0903028
0.0961541
0.101233
0.0588549
-1.00143
0.708619
-1.0906
1.05767
-1.05278
1.30606
-0.863004
1.54034
0.0719544
1.5089
0.356199
1.50628
0.635204
0.935168
0.491774
0.794356
0.0614777
0.371918
-0.0819537
0.231105
-0.647824
0.520587
-0.646515
0.662709
-0.645205
0.804833
-1.47171
1.34545
0.278029
2
-1.05982
1.31323
0.3
1.5
-0.844046
0.820876
0.3
1.2
-0.005
0.87
0.7
1
0.775887
0.777524
0.3
0.5
0.123141
0.122614
0.3
0.5
0
-0.465
1.64
-0.005
0.87
0.186224
1.86909
0.68343
1.15251
0.764753
0.968647
0.532802
0.822086
0.646797
0.758193
0.272313
0.357337
0.399993
0.297298
0.129784
0.103041
0.324148
0.120859
-0.916613
0.436014
-1.09998
0.746216
-1.13322
0.995316
-1.01659
1.27342
-0.110011
1.50504
0.163663
1.58212
0.591497
1.11185
0.493201
0.936472
0.198308
0.41034
0.100012
0.234963
-0.524417
0.354477
-0.562958
0.491314
-0.601498
0.628152
-1.54652
0.915832
0.278029
2
-1.14199
1.00023
0.3
1.5
-0.796924
0.587878
0.3
1.2
-0.005
0.87
0.7
1
0.770729
0.999867
0.3
0.5
0.32733
0.188218
0.3
0.5
0
-0.585
1.5
-0.005
0.87
-0.0430606
1.88675
0.602538
1.30001
0.723107
1.13907
0.529952
0.944116
0.655415
0.907449
0.380463
0.432613
0.518398
0.402777
0.298668
0.152734
0.484109
0.213765
-0.796042
0.242207
-1.04445
0.503364
-1.13281
0.738692
-1.08162
1.03596
-0.250013
1.46537
-0.000583481
1.60198
0.522067
1.23973
0.465657
1.04671
0.296424
0.467648
0.240014
0.274628
-0.395457
0.25084
-0.463762
0.375556
-0.532067
0.500272
-1.5178
0.568371
0.278029
2
-1.14246
0.741513
0.3
1.5
-0.7135
0.417115
0.3
1.2
-0.005
0.87
0.7
1
0.721918
1.17085
0.3
0.5
0.472079
0.280134
0.3
0.5
0
-0.765
1.36
-0.005
0.87
-0.319325
1.83794
0.462135
1.4497
0.622106
1.32777
0.489497
1.08742
0.620234
1.08641
0.485361
0.554419
0.626234
0.563383
0.483099
0.262774
0.644865
0.372148
-0.594688
0.0498717
-0.905041
0.233314
-1.05433
0.435618
-1.08627
0.735634
-0.403368
1.37596
-0.200674
1.57553
0.40117
1.36972
0.39961
1.16858
0.394928
0.565177
0.393368
0.364043
-0.211596
0.167589
-0.311383
0.268937
-0.411171
0.370285
-1.37826
0.166582
0.278029
2
-1.06439
0.435696
0.3
1.5
-0.563036
0.240716
0.3
1.2
-0.005
0.87
0.7
1
0.612285
1.35802
0.3
0.5
0.615162
0.432724
0.3
0.5
0
-0.865
1.18
-0.005
0.87
-0.550034
1.72991
0.30368
1.5478
0.488987
1.46938
0.420184
1.20353
0.547127
1.23502
0.548575
0.685991
0.682861
0.729671
0.618828
0.402811
0.748418
0.548983
-0.372718
-0.0712239
-0.719033
0.0294498
-0.913957
0.188408
-1.01942
0.471207
-0.516719
1.26134
-0.369872
1.50509
0.26447
1.45514
0.31292
1.25985
0.458269
0.673953
0.506719
0.478657
-0.0307234
0.13801
-0.152597
0.211434
-0.274471
0.284858
-1.16103
-0.152763
0.278029
2
-0.923723
0.185985
0.3
1.5
-0.389451
0.121576
0.3
1.2
-0.005
0.87
0.7
1
0.471956
1.49625
0.3
0.5
0.704588
0.600305
0.3
0.5
0
-0.935
0.91
-0.005
0.87
-0.799491
1.50705
0.0673955
1.61144
0.268166
1.5973
0.289233
1.32343
0.39915
1.39438
0.578484
0.875314
0.691398
0.960175
0.736754
0.630117
0.812003
0.810443
-0.0478726
-0.139857
-0.408218
-0.156848
-0.644196
-0.0696116
-0.835666
0.163809
-0.616082
1.07445
-0.556134
1.3527
0.0603249
1.51106
0.169476
1.34196
0.496931
0.83465
0.606082
0.665549
0.207929
0.168992
0.0688017
0.198968
-0.0703258
0.228943
-0.767406
-0.472543
0.278029
2
-0.652652
-0.0750701
0.3
1.5
-0.126202
0.0371618
0.3
1.2
-0.005
0.87
0.7
1
0.24334
1.61721
0.3
0.5
0.753891
0.844801
0.3
0.5
0
-0.945
0.6
-0.005
0.87
-0.967395
1.20377
-0.185525
1.59297
0.00841078
1.64701
0.120143
1.396
0.199919
1.49973
0.543052
1.07076
0.620984
1.18861
0.774456
0.892801
0.784868
1.08797
0.293395
-0.0960037
-0.0404687
-0.232906
-0.292106
-0.229869
-0.550844
-0.074145
-0.649433
0.85765
-0.686292
1.13997
-0.15851
1.496
0.00107867
1.37327
0.479844
1.00508
0.639433
0.88235
0.43083
0.280854
0.289669
0.262425
0.148509
0.243996
-0.27303
-0.650898
0.278029
2
-0.298243
-0.237849
0.3
1.5
0.160195
0.0445286
0.3
1.2
-0.005
0.87
0.7
1
-0.0216626
1.65744
0.3
0.5
0.718581
1.10085
0.3
0.5
0
-0.845
0.34
-0.005
0.87
-1.02467
0.883727
-0.404458
1.50004
-0.345
1.77
-0.0519204
1.40924
-0.015
1.7
0.452453
1.23354
0.485
1.62
0.728431
1.1374
0.785
1.63
0.583075
0.0462007
0.309006
-0.189136
0.195
-0.59
-0.0713264
-0.728095
-0.613431
0.655099
-0.737459
0.91173
-0.348218
1.41642
-0.157889
1.35012
0.413101
1.1512
0.603431
1.0849
0.594852
0.447609
0.466535
0.385596
0.338217
0.323582
0.21981
-0.659621
0.278029
2
0.0656339
-0.2751
0.3
1.5
0.412207
0.137737
0.3
1.2
-0.005
0.87
0.7
1
-0.269083
1.61295
0.3
0.5
0.609748
1.31747
0.3
0.5
0
