43
10
15
9
6
0
-1
0
0.4
-0.966073
-0.0424973
-0.5
1.1
-0.6
1.6
-0.26804
1.09829
-0.295
1.5
0.350581
1.09571
0.325
1.55
0.630779
1.06999
0.683638
1.56719
0.7
-0.3
0.825
-1.01
1.1
-1.3
1.345
-1.33
-0.5
0
-0.7
0.2
-0.5
0.8
-0.3
0.8
0.3
0.8
0.5
0.8
0.7
0.2
0.6
0.1
0.5
0
1.2
-1.35
0.350179
2
0.835
-0.87
0.330151
1.5
0.7
-0.3
0.315317
1.2
0
0.4
0.7
1
-0.465
1.31
0.35
0.5
0.505
1.27
0.362353
0.5
0
0.0775436
-0.596989
0
0.4
-0.92347
-0.125841
-0.55971
1.05334
-0.703334
1.54265
-0.328478
1.07205
-0.390689
1.46987
0.288026
1.12393
0.222561
1.57424
0.569425
1.12296
0.596181
1.63773
0.758952
-0.235743
0.965
-0.71
1.185
-0.86
1.425
-0.96
-0.462903
-0.0424872
-0.679746
0.139154
-0.533308
0.754481
-0.334066
0.772082
0.263661
0.824886
0.462903
0.842487
0.714949
0.262362
0.624128
0.153941
0.533308
0.0455189
1.345
-0.91
0.350179
2
0.995
-0.61
0.330151
1.5
0.725
-0.08
0.315317
1.2
0
0.4
0.7
1
-0.543323
1.26563
0.35
0.5
0.426521
1.31115
0.362353
0.5
0
0.211454
-0.577388
0
0.4
-0.838848
-0.252635
-0.635
0.92
-0.805
1.32
-0.385
0.96
-0.495
1.3
0.205
1.11
0.105
1.46
0.475
1.08
0.415
1.54
0.855
-0.05
1.025
-0.28
1.245
-0.45
1.485
-0.53
-0.394887
-0.104227
-0.635518
0.0445412
-0.578612
0.674571
-0.383912
0.720503
0.200187
0.858296
0.394887
0.904227
0.72738
0.36606
0.652996
0.245744
0.578612
0.125429
1.405
-0.52
0.350179
2
0.955
-0.16
0.330151
1.5
0.665
0.19
0.315317
1.2
0
0.4
0.7
1
-0.595
1.12
0.35
0.5
0.285
1.27
0.362353
0.5
0
0.135
-0.55
0
0.4
-0.883514
-0.191318
-0.59647
0.964128
-0.73755
1.37535
-0.34418
0.986203
-0.429677
1.33328
0.255189
1.09377
0.180384
1.45012
0.52244
1.04458
0.495392
1.50782
0.635
0.1
0.625
0.06
0.725
-0.09
0.895
-0.3
-0.429967
-0.074918
-0.659442
0.0906813
-0.557718
0.71523
-0.360181
0.747168
0.23243
0.84298
0.429967
0.874918
0.723318
0.314245
0.640517
0.199507
0.557718
0.0847698
0.835
-0.25
0.350179
2
0.515
0.21
0.330151
1.5
0.515
0.35
0.315317
1.2
0
0.4
0.7
1
-0.565
1.17
0.35
0.5
0.375
1.27
0.362353
0.5
0
0.135
-0.55
0
0.4
-0.883514
-0.191318
-0.59647
0.964128
-0.73755
1.37535
-0.34418
0.986203
-0.429677
1.33328
0.255189
1.09377
0.180384
1.45012
0.52244
1.04458
0.515
1.51
0.655
0.01
0.865
-0.41
1.095
-0.78
1.265
-0.99
-0.429967
-0.074918
-0.659442
0.0906813
-0.557718
0.71523
-0.360181
0.747168
0.23243
0.84298
0.429967
0.874918
0.723318
0.314245
0.640517
0.199507
0.557718
0.0847698
1.205
-0.94
0.350179
2
0.885
-0.35
0.330151
1.5
0.605
0.12
0.315317
1.2
0
0.4
0.7
1
-0.505
1.14
0.35
0.5
0.385
1.28
0.362353
0.5
1
1.195
-0.88
0.654905
-0.447214
-0.894427
1
0.3
0.7
0
-0.035
-0.5
0
0.4
-1.02555
0.0712144
-0.450634
1.08717
-0.495
1.4
-0.199825
1.05041
-0.185
1.44
0.408757
1.01675
0.375
1.36
0.657679
0.90712
0.675
1.29
0.645
-0.14
0.655379
-0.588644
0.615
-1.07
0.624672
-1.36984
-0.528434
0.0367643
-0.713682
0.251041
-0.470374
0.835812
-0.270612
0.821298
0.328673
0.77775
0.528435
0.763235
0.684652
0.149435
0.577512
0.0568112
0.470374
-0.0358123
0.645
-1.25
0.350179
2
0.665
-0.6
0.330151
1.5
0.52456
-0.0124204
0.315317
1.2
0
0.4
0.7
1
-0.320933
1.23733
0.35
0.5
0.578192
1.16814
0.362353
0.5
1
0.625
-1.26
0.654905
-0.447214
-0.894427
1
0.3
0.7
0
-0.432278
-0.501741
0
0.4
-1.06917
0.53407
-0.11916
1.21352
-0.0275199
1.51607
0.0929144
1.07441
0.270629
1.42166
0.63093
0.787274
0.745024
1.11296
0.810571
0.582848
0.98772
0.92296
0.265
-0.37
0.065
-0.76
-0.155
-1.2
-0.323093
-1.44849
-0.632633
0.293214
-0.710376
0.565747
-0.243052
0.993765
-0.0679143
0.896369
0.457496
0.60418
0.632633
0.506786
0.515585
-0.116022
0.379318
-0.154892
0.243052
-0.193764
-0.275
-1.39
0.350179
2
0.085
-0.77
0.330151
1.5
0.302081
-0.195385
0.315317
1.2
0
0.4
0.7
1
0.0618389
1.29508
0.35
0.5
0.848501
0.853206
0.362353
0.5
1
-0.265
-1.4
0.654905
-0.447214
-0.894427
1
0.3
0.7
0
-0.787116
-0.216805
0
0.4
-0.860535
1.04946
0.302321
1.16506
0.532684
1.38179
0.416903
0.938645
0.744216
1.15123
0.740386
0.421291
1.00176
0.646896
0.794264
0.154391
1.11752
0.361062
-0.154119
-0.40004
-0.52208
-0.638587
-1.145
-1.03
-1.40444
-1.18064
-0.601991
0.622852
-0.533521
0.898013
0.0852734
1.03623
0.188617
0.864413
0.498647
0.348963
0.601991
0.177148
0.189888
-0.304701
0.052307
-0.270464
-0.0852729
-0.236229
-1.315
-1.11
0.376431
2
-0.785
-0.8
0.330151
1.5
-0.285
-0.47
0.315317
1.2
0
0.4
0.7
1
0.499993
1.14555
0.35
0.5
0.961984
0.369983
0.362353
0.5
1
-1.315
-1.11
0.654905
-0.447214
-0.894427
1
0.3
0.7
0
-0.826325
-0.163194
0
0.4
-0.801171
1.12171
0.305652
1.08623
0.469847
1.24262
0.423485
0.824988
0.660896
1.01517
0.68168
0.330673
0.854106
0.46627
0.770135
0.0864394
1.00443
0.232326
-0.222899
-0.383818
-0.610215
-0.589624
-1.2072
-0.840307
-1.47877
-0.967926
-0.580523
0.674223
-0.488452
0.942465
0.140104
1.02656
0.228188
0.846404
0.492439
0.305933
0.580523
0.125777
0.128138
-0.318633
-0.00598334
-0.272596
-0.140104
-0.22656
-1.405
-0.92
0.389487
2
-0.775
-0.63
0.330151
1.5
-0.215
-0.39
0.315317
1.2
0
0.4
0.7
1
0.562812
1.09955
0.35
0.5
0.955938
0.286724
0.362353
0.5
0
-0.905
-0.02
0
0.4
-0.657874
1.25457
0.424535
1.01989
0.614286
1.14411
0.493301
0.741639
0.761175
0.885878
0.658076
0.208765
0.852171
0.311035
0.70101
-0.04746
0.957826
0.0537646
-0.360744
-0.330834
-0.795
-0.53
-1.275
-0.62
-1.545
-0.65
-0.521584
0.774539
-0.382595
1.0218
0.250913
0.991082
0.305047
0.797956
0.467448
0.218583
0.521583
0.0254607
-0.00365207
-0.330068
-0.127282
-0.260573
-0.250911
-0.191079
-1.425
-0.65
0.414005
2
-0.755
-0.47
0.330151
1.5
-0.21048
-0.234187
0.315317
1.2
0
0.4
0.7
1
0.525
0.92
0.35
0.5
0.735
0.12
0.362353
0.5
0
-0.950135
0.0881608
0
0.4
-0.405
1.37
0.504927
0.956605
0.615
1.1
0.535262
0.671521
0.695
0.79
0.626141
0.121076
0.745
0.23
0.633871
-0.138666
0.815
-0.03
-0.456787
-0.275209
-0.914179
-0.413567
-1.40207
-0.437531
-1.655
-0.33
-0.465976
0.842025
-0.294646
1.06816
0.328959
0.951644
0.356362
0.752908
0.438571
0.156707
0.465975
-0.0420248
-0.10282
-0.322971
-0.215889
-0.237305
-0.328958
-0.151641
-1.575
-0.4
0.391152
2
-0.935
-0.37
0.330151
1.5
-0.385
-0.23
0.315317
1.2
0
0.4
0.7
1
0.485
0.87
0.35
0.5
0.635
0.06
0.362353
0.5
0
-0.984028
0.221985
0
0.4
-0.255
1.36
0.582262
0.87529
0.655
0.99
0.569809
0.588824
0.695
0.7
0.545
0.05
0.701036
0.19323
0.546682
-0.227137
0.742001
-0.146639
-0.552314
-0.199758
-1.02528
-0.268481
-1.485
-0.19
-1.71914
-0.0459853
-0.395025
0.906555
-0.191903
1.10469
0.407491
0.896589
0.404997
0.695958
0.397517
0.094072
0.395025
-0.106555
-0.209353
-0.299707
-0.308421
-0.198146
-0.407489
-0.0965856
-1.705
-0.13
0.384708
2
-1.095
-0.22
0.330151
1.5
-0.515
-0.16
0.315317
1.2
0
0.4
0.7
1
0.515
0.77
0.35
0.5
0.535
-0.01
0.362353
0.5
0
-0.955
0.36
0
0.4
-0.11377
1.38689
0.644862
0.786318
0.755
0.91
0.591181
0.50461
0.715
0.58
0.488838
-0.0250641
0.645
0.1
0.415
-0.26
0.615
-0.19
-0.633192
-0.113823
-1.11119
-0.113554
-1.505
0.02
-1.695
0.21
-0.317812
0.95835
-0.0881842
1.12512
0.474972
0.832628
0.443539
0.63443
0.349242
0.0398445
0.317811
-0.15835
-0.308205
-0.262252
-0.391588
-0.147438
-0.47497
-0.0326249
-1.665
0.11
0.408044
2
-1.075
-0.05
0.330151
1.5
-0.595
-0.1
0.315317
1.2
0
0.4
0.7
1
0.605
0.7
0.35
0.5
0.495
-0.09
0.362353
0.5
0
-0.955
0.5
0
0.4
0.0549918
1.39208
0.701084
0.671591
0.830597
0.774856
0.60046
0.402995
0.73528
0.45634
0.409873
-0.101786
0.584987
-0.00495407
0.297301
-0.320864
0.506301
-0.285734
-0.711175
0.000746727
-1.18231
0.0819649
-1.475
0.25
-1.63011
0.469466
-0.218714
1.00421
0.0358789
1.1297
0.541462
0.746013
0.476911
0.555967
0.283262
-0.014162
0.218714
-0.204205
-0.415964
-0.200603
-0.478712
-0.0733056
-0.541459
0.0539898
-1.595
0.37
0.399625
2
-1.095
0.13
0.330151
1.5
-0.665
-0.01
0.315317
1.2
0
0.4
0.7
1
0.645
0.62
0.35
0.5
0.355
-0.13
0.362353
0.5
0
-0.875
0.65
0
0.4
0.205
1.4
0.74162
0.524482
0.889342
0.599487
0.588812
0.281685
0.731652
0.306718
0.300186
-0.174311
0.491279
-0.114816
0.145672
-0.366187
0.357502
-0.373978
-0.777283
0.152499
-1.2224
0.327194
-1.425
0.56
-1.4611
0.85782
-0.092246
1.03604
0.182493
1.10757
0.600283
0.629617
0.498674
0.456484
0.193852
-0.0629092
0.0922462
-0.23604
-0.528754
-0.104353
-0.564516
0.033017
-0.600279
0.170385
-1.435
0.78
0.388973
2
-1.135
0.34
0.330151
1.5
-0.603274
0.111308
0.315317
1.2
0
0.4
0.7
1
0.655
0.45
0.35
0.5
0.265
-0.18
0.362353
0.5
0
-0.815
0.73
0
0.4
0.34028
1.36285
0.751985
0.421654
0.908656
0.475724
0.567262
0.202009
0.712244
0.207227
0.218714
-0.210284
0.416237
-0.177531
0.0392847
-0.379235
0.24813
-0.416004
-0.804195
0.261329
-1.22133
0.495485
-1.375
0.77
-1.36993
1.07008
-0.00418892
1.04294
0.277875
1.07615
0.626343
0.545221
0.50191
0.387588
0.128618
-0.0853069
0.00418928
-0.242938
-0.593136
-0.0272823
-0.609737
0.11375
-0.626339
0.25478
-1.395
0.99
0.410122
2
-1.115
0.51
0.330151
1.5
-0.637408
0.196648
0.315317
1.2
0
0.4
0.7
1
0.665
0.35
0.35
0.5
0.165
-0.2
0.362353
0.5
0
-0.715
0.86
0
0.4
0.527689
1.2745
0.740999
0.269418
0.905385
0.290758
0.515712
0.091546
0.658786
0.0673913
0.0910565
-0.24197
0.291158
-0.249758
-0.118812
-0.371252
0.0783457
-0.449427
-0.815764
0.426494
-1.17711
0.74007
-1.27223
1.04
-1.20669
1.33293
0.125679
1.03066
0.408686
1.00625
0.642866
0.415823
0.489154
0.286527
0.0280285
-0.101359
-0.125678
-0.230654
-0.667274
0.101173
-0.655067
0.242676
-0.642862
0.384178
-1.185
1.25
0.386005
2
-1.065
0.72
0.330151
1.5
-0.665439
0.329466
0.315317
1.2
0
0.4
0.7
1
0.635
0.25
0.35
0.5
0.075
-0.21
0.362353
0.5
0
-0.645
0.99
0
0.4
0.681285
1.16119
0.703888
0.133796
0.869403
0.124179
0.4494
0.000919312
0.585506
-0.04944
-0.0299713
-0.247813
0.165221
-0.2927
-0.260267
-0.335809
-0.0810645
-0.449318
-0.796729
0.577828
-1.09348
0.95322
-1.13115
1.26566
-1.01224
1.54133
0.240855
0.996367
0.514425
0.919719
0.634695
0.29593
0.459582
0.19747
-0.0657455
-0.0979052
-0.240853
-0.196364
-0.71134
0.230501
-0.673014
0.367287
-0.63469
0.50407
-1.075
1.46
0.403113
2
-0.955
0.87
0.330151
1.5
-0.667058
0.454506
0.315317
1.2
0
0.4
0.7
1
0.625
0.14
0.35
0.5
-0.055
-0.21
0.362353
0.5
0
-0.465
1.14
0
0.4
0.874509
0.928616
0.595335
-0.0607069
0.750836
-0.118364
0.313013
-0.113296
0.428455
-0.201314
-0.218331
-0.210862
-0.0447702
-0.310944
-0.464374
-0.227606
-0.326198
-0.388644
-0.710012
0.803356
-0.883954
1.2493
-0.828505
1.55918
-0.634058
1.78805
0.404981
0.899913
0.644212
0.746503
0.57662
0.114633
0.380297
0.0717248
-0.20866
-0.0570005
-0.404978
-0.0999103
-0.730026
0.446136
-0.653319
0.565751
-0.576616
0.685365
-0.635
1.73
0.350179
2
-0.805
1.25
0.330151
1.5
-0.685
0.76
0.315317
1.2
0
0.4
0.7
1
0.525
-0.06
0.35
0.5
-0.205
-0.14
0.362353
0.5
0
-0.315
1.24
0
0.4
0.970314
0.72111
0.478155
-0.18161
0.616981
-0.272402
0.191148
-0.170138
0.284161
-0.281632
-0.348699
-0.147173
-0.201691
-0.283352
-0.592358
-0.10881
-0.493408
-0.296567
-0.602735
0.951172
-0.673234
1.42472
-0.550279
1.71458
-0.309784
1.89455
0.506055
0.797488
0.705249
0.594707
0.49888
-0.00645971
0.297891
-0.00466406
-0.305067
0.000720829
-0.506052
0.00251427
-0.701657
0.607265
-0.600265
0.706862
-0.498876
0.806457
-0.345
1.84
0.350179
2
-0.565
1.47
0.330151
1.5
-0.595
0.93
0.315317
1.2
0
0.4
0.7
1
0.395
-0.13
0.35
0.5
-0.375
-0.06
0.362353
0.5
0
-0.145
1.26
0
0.4
1.01651
0.508601
0.344372
-0.269746
0.460875
-0.387877
0.0662266
-0.197803
0.133563
-0.326479
-0.45666
-0.0611254
-0.341762
-0.225357
-0.68674
0.0279345
-0.629735
-0.176551
-0.4726
1.06635
-0.441319
1.5442
-0.259788
1.80155
0.0133945
1.92659
0.578816
0.681501
0.730638
0.441118
0.401693
-0.102907
0.205589
-0.0586242
-0.382713
0.0742212
-0.578813
0.118501
-0.642072
0.751084
-0.521879
0.826994
-0.40169
0.902904
0.005
1.89
0.350179
2
-0.365
1.53
0.330151
1.5
-0.495
1.05
0.315317
1.2
0
0.4
0.7
1
0.245
-0.24
0.35
0.5
-0.415
-0.01
0.362353
0.5
0
0.075
1.22
0
0.4
1.0077
0.226314
0.148042
-0.338601
0.227802
-0.484136
-0.0998744
-0.193268
-0.0703028
-0.335495
-0.565541
0.0813184
-0.49994
-0.108131
-0.762529
0.229965
-0.763643
0.0176302
-0.272338
1.17043
-0.111478
1.6216
0.133598
1.81952
0.430644
1.86507
0.633912
0.512436
0.714199
0.239617
0.248846
-0.193771
0.072293
-0.0975021
-0.457358
0.1913
-0.633908
0.287565
-0.521661
0.913483
-0.385251
0.953625
-0.248843
0.993768
0.345
1.8
0.350179
2
-0.145
1.55
0.330151
1.5
-0.308088
0.994902
0.315317
1.2
0
0.4
0.7
1
0.095
-0.3
0.35
0.5
-0.565
0.11
0.362353
0.5
0
0.205
1.24
0
0.4
0.969926
0.0757778
0.0345671
-0.352588
0.0913914
-0.508536
-0.188527
-0.17139
-0.180819
-0.316471
-0.607327
0.170546
-0.571147
-0.0266733
-0.779572
0.347312
-0.812811
0.137566
-0.15263
1.20286
0.0746825
1.62455
0.34692
1.78312
0.605
1.87
0.643704
0.415212
0.681784
0.133351
0.156142
-0.224666
-0.00382814
-0.102773
-0.483732
0.2629
-0.6437
0.384788
-0.437999
0.986584
-0.297068
1.00562
-0.15614
1.02466
0.545
1.84
0.350179
2
0.055
1.54
0.330151
1.5
-0.214538
1.03475
0.315317
1.2
0
0.4
0.7
1
-0.035
-0.31
0.35
0.5
-0.595
0.21
0.362353
0.5
0
0.375
1.2
0
0.4
0.879549
-0.122157
-0.12544
-0.343003
-0.102887
-0.507472
-0.305188
-0.118672
-0.328348
-0.262125
-0.642237
0.304195
-0.648597
0.10375
-0.773215
0.513436
-0.850085
0.315432
0.0206658
1.21713
0.332093
1.58125
0.631769
1.67866
0.855
1.82
0.632468
0.278677
0.610058
-0.00491202
0.0204701
-0.243676
-0.110118
-0.0906735
-0.501877
0.368325
-0.632465
0.521323
-0.304056
1.06608
-0.162261
1.05488
-0.0204688
1.04367
0.805
1.78
0.350179
2
0.315
1.5
0.330151
1.5
-0.0754209
1.06589
0.315317
1.2
0
0.4
0.7
1
-0.215
-0.33
0.35
0.5
-0.635
0.35
0.362353
0.5
0
0.535
1.16
0
0.4
0.767767
-0.276108
-0.260901
-0.307037
-0.269195
-0.472864
-0.39602
-0.0532593
-0.445353
-0.189965
-0.648975
0.424785
-0.69235
0.228953
-0.738955
0.654698
-0.851179
0.474324
0.171651
1.1993
0.54518
1.4995
0.857762
1.53974
1.065
1.71
0.599159
0.163617
0.52461
-0.110961
-0.0990952
-0.236436
-0.199108
-0.0618696
-0.499143
0.46182
-0.599156
0.636381
-0.17548
1.11098
-0.0381911
1.07371
0.0990959
1.03643
1.005
1.64
0.350179
2
0.465
1.4
0.330151
1.5
0.0492004
1.06845
0.315317
1.2
0
0.4
0.7
1
-0.295
-0.23
0.35
0.5
-0.605
0.48
0.362353
0.5
0
0.675
1.08
0
0.4
0.625399
-0.409866
-0.390601
-0.244693
-0.430269
-0.405953
-0.475042
0.0301945
-0.549472
-0.0946685
-0.632562
0.547705
-0.712382
0.363649
-0.677214
0.790577
-0.821703
0.634789
0.320499
1.15226
0.74436
1.37604
1.065
1.42
1.33494
1.5509
0.543421
0.0539822
0.41802
-0.201474
-0.218292
-0.206123
-0.283317
-0.0156926
-0.478391
0.55559
-0.543418
0.746016
-0.037162
1.13152
0.0905659
1.06882
0.218292
1.00612
1.245
1.48
0.350179
2
0.685
1.32
0.330151
1.5
0.175382
1.04704
0.315317
1.2
0
0.4
0.7
1
-0.465
-0.15
0.35
0.5
-0.575
0.59
0.362353
0.5
0
0.745
0.98
0
0.4
0.507474
-0.488902
-0.476209
-0.184625
-0.53783
-0.338894
-0.521813
0.099393
-0.612835
-0.0140052
-0.606231
0.633893
-0.710786
0.462599
-0.616848
0.880688
-0.781557
0.74635
0.421648
1.10089
0.872544
1.26392
1.19629
1.26309
1.44075
1.43698
0.490467
-0.018022
0.330871
-0.253743
-0.300164
-0.170267
-0.338224
0.0273931
-0.452403
0.620364
-0.490465
0.81802
0.0644453
1.12986
0.182305
1.05006
0.300164
0.970266
1.335
1.35
0.350179
2
0.785
1.2
0.330151
1.5
0.263317
1.01675
0.315317
1.2
0
0.4
0.7
1
-0.495
-0.08
0.35
0.5
-0.555
0.7
0.362353
0.5
0
0.825
0.86
0
0.4
0.352005
-0.561271
-0.567198
-0.0969877
-0.653719
-0.238823
-0.564747
0.190696
-0.673437
0.0940714
-0.55875
0.731858
-0.690451
0.580403
-0.528014
0.976994
-0.712863
0.872024
0.532808
1.02075
1.035
1.05
1.32376
1.05135
1.5716
1.2204
0.413854
-0.094099
0.217121
-0.299895
-0.391203
-0.112222
-0.395732
0.0890447
-0.40932
0.692834
-0.413851
0.894096
0.185409
1.10895
0.288306
1.01059
0.391203
0.912222
1.525
1.13
0.4245
2
0.845
0.99
0.330151
1.5
0.362629
0.964207
0.315317
1.2
0
0.4
0.7
1
-0.575
0
0.35
0.5
-0.555
0.77
0.362353
0.5
0
0.905
0.75
0
0.4
0.202304
-0.60362
-0.636026
-0.00534776
-0.743052
-0.132449
-0.590006
0.278674
-0.712095
0.199626
-0.502068
0.812738
-0.655215
0.682973
-0.434535
1.05041
-0.633177
0.974655
0.620784
0.932905
1.12167
0.885718
1.40732
0.843297
1.67795
0.972847
0.334242
-0.151164
0.108572
-0.324793
-0.464352
-0.0470784
-0.438329
0.152572
-0.360261
0.751515
-0.334241
0.951161
0.290725
1.07275
0.377539
0.959912
0.464352
0.847078
1.565
0.88
0.453431
2
0.955
0.89
0.330151
1.5
0.443984
0.9028
0.315317
1.2
0
0.4
0.7
1
-0.615
0.09
0.35
0.5
-0.465
0.85
0.362353
0.5
0
0.925
0.65
0
0.4
0.0908476
-0.61983
-0.676741
0.0669461
-0.797088
-0.0476373
-0.599799
0.344211
-0.72984
0.279048
-0.453722
0.865416
-0.620206
0.753251
-0.360486
1.09425
-0.566259
1.04077
0.715
0.79
1.125
0.72
1.44759
0.686051
1.73082
0.785097
0.271696
-0.184578
0.0283056
-0.332377
-0.510681
0.00660768
-0.462882
0.202203
-0.31949
0.788982
-0.271695
0.984575
0.362883
1.03678
0.436782
0.915086
0.510681
0.793392
1.615
0.7
0.420119
2
0.985
0.72
0.330151
1.5
0.496555
0.851017
0.315317
1.2
0
0.4
0.7
1
-0.685
0.19
0.35
0.5
-0.415
0.95
0.362353
0.5
0
0.955
0.53
0
0.4
-0.115
-0.62
-0.718959
0.171611
-0.935
0.16
-0.601494
0.43433
-0.835
0.49
-0.379258
0.927975
-0.635
0.9
-0.252905
1.14037
-0.535
1.2
0.765292
0.678997
1.16031
0.54859
1.47427
0.46688
1.76343
0.546801
0.181462
-0.218658
-0.0812925
-0.328505
-0.563737
0.0871598
-0.48728
0.273461
-0.257914
0.832357
-0.181461
1.01866
0.453892
0.975595
0.508815
0.844216
0.563737
0.71284
1.665
0.5
0.425206
2
1.025
0.6
0.330151
1.5
0.558366
0.771936
0.315317
1.2
0
0.4
0.7
1
-0.735
0.26
0.35
0.5
-0.385
1.01
0.362353
0.5
0
0.925
0.37
0
0.4
-0.308252
-0.579654
-0.749777
0.313385
-0.964161
0.343352
-0.584114
0.548891
-0.802766
0.648275
-0.271344
0.991115
-0.527849
1.01261
-0.106591
1.1755
-0.372199
1.28808
0.804969
0.527441
1.195
0.27
1.46059
0.183375
1.74632
0.274818
0.0597374
-0.242293
-0.219332
-0.299852
-0.613515
0.200728
-0.502757
0.369042
-0.17049
0.873977
-0.0597369
1.04229
0.555957
0.87834
0.584736
0.738804
0.613515
0.599272
1.665
0.2
0.384188
2
1.025
0.33
0.330151
1.5
0.619557
0.658334
0.315317
1.2
0
0.4
0.7
1
-0.735
0.45
0.35
0.5
-0.285
1.06
0.362353
0.5
0
0.925
0.19
0
0.4
-0.499709
-0.497459
-0.751973
0.466494
-1.015
0.58
-0.542151
0.663759
-0.795
0.88
-0.146495
1.03383
-0.425
1.19
0.0521158
1.1812
-0.185
1.43
0.825
0.31
1.14439
0.0314401
1.445
-0.21
1.74336
-0.178095
-0.0711272
-0.241255
-0.356125
-0.24131
-0.641229
0.328629
-0.498755
0.471155
-0.071342
0.898726
0.0711275
1.04125
0.641174
0.756367
0.641201
0.613868
0.641229
0.471371
1.605
-0.18
0.386005
2
1.065
0.1
0.330151
1.5
0.659069
0.52801
0.315317
1.2
0
0.4
0.7
1
-0.745
0.66
0.35
0.5
-0.145
1.18
0.362353
0.5
0
0.940951
0.0614568
0
0.4
-0.608759
-0.427697
-0.737825
0.560574
-0.985
0.78
-0.504803
0.729928
-0.715
1.01
-0.065637
1.04739
-0.305
1.3
0.149983
1.16864
-0.005
1.44
0.955
0.27
1.08923
-0.10968
1.35715
-0.387077
1.65723
-0.392948
-0.151245
-0.227376
-0.434057
-0.191581
-0.645275
0.409839
-0.485968
0.533346
-0.00805781
0.903866
0.151245
1.02738
0.681071
0.672972
0.663173
0.531565
0.645275
0.390161
1.525
-0.41
0.444185
2
1.065
0.04
0.330151
1.5
0.670103
0.44412
0.315317
1.2
0
0.4
0.7
1
-0.745
0.75
0.35
0.5
-0.015
1.2
0.362353
0.5
0
0.877896
-0.0788521
0
0.4
-0.745
-0.37
-0.715
0.72
-0.945
0.96
-0.442497
0.80985
-0.602856
1.12121
0.0436907
1.04933
-0.150025
1.33849
0.275
1.17
0.095
1.5
0.895
0.02
1.055
-0.39
1.335
-0.59
1.63484
-0.580328
-0.254189
-0.193279
-0.527055
-0.110625
-0.634608
0.517758
-0.456845
0.612862
0.0764311
0.898172
0.25419
0.99328
0.717262
0.555106
0.675934
0.418673
0.634608
0.282242
1.475
-0.6
0.430116
2
0.985
-0.16
0.330151
1.5
0.668124
0.331289
0.315317
1.2
0
0.4
0.7
1
-0.705
0.89
0.35
0.5
0.085
1.27
0.362353
0.5
0
0.806253
-0.19157
0
0.4
-0.846455
-0.256998
-0.662637
0.817909
-0.885
1.12
-0.380143
0.868335
-0.525
1.23
0.135065
1.03669
-0.035
1.33
0.381134
1.12345
0.275
1.39
0.832362
-0.102762
0.932798
-0.531303
1.265
-0.77
1.56323
-0.802819
-0.335543
-0.151433
-0.594006
-0.0310209
-0.61164
0.606314
-0.422201
0.675336
0.146107
0.882406
0.335544
0.951433
0.732052
0.452147
0.671845
0.322916
0.61164
0.193686
1.385
-0.83
0.420119
2
0.915
-0.3
0.330151
1.5
0.651758
0.237506
0.315317
1.2
0
0.4
0.7
1
-0.639929
1.03666
0.35
0.5
0.165
1.2
0.362353
0.5
0
0.735841
-0.277154
0
0.4
-0.919005
-0.151548
-0.608256
0.89407
-0.785
1.17
-0.321685
0.91046
-0.405
1.22
0.21007
1.01622
0.055
1.36
0.464799
1.07304
0.385
1.43
0.766698
-0.198582
0.915
-0.67
1.1168
-0.912842
1.40907
-0.981002
-0.399006
-0.107637
-0.641337
0.0427735
-0.582843
0.677843
-0.386471
0.7238
0.202637
0.861675
0.399007
0.907638
0.733253
0.364487
0.658047
0.243321
0.582843
0.122158
1.225
-0.95
0.420119
2
0.815
-0.4
0.330151
1.5
0.627912
0.160893
0.315317
1.2
0
0.4
0.7
1
-0.545
1.02
0.35
0.5
0.265
1.2
0.362353
0.5
0
0.632437
-0.374612
0
0.4
-0.994552
7.27177e-05
-0.52289
0.983804
-0.653972
1.28417
-0.255
1
-0.345
1.32
0.304569
0.975502
0.205584
1.33947
0.565103
0.991486
0.542535
1.35661
0.662906
-0.311989
0.735095
-0.800948
0.955
-1.1
1.25174
-1.14412
-0.474061
-0.0384927
-0.689697
0.148242
-0.531861
0.766245
-0.330674
0.780693
0.272876
0.82404
0.474061
0.838494
0.718595
0.24939
0.625227
0.141572
0.531861
0.0337553
1.095
-1.11
0.412311
2
0.695
-0.57
0.330151
1.5
0.625
-0.02
0.315317
1.2
0
0.4
0.7
1
-0.435
1.14
0.35
0.5
0.425
1.17
0.362353
0.5
0
0.596939
-0.402286
0
0.4
-1.01409
0.00164948
-0.498453
1.00496
-0.595
1.33
-0.230081
1.0101
-0.285
1.35
0.328091
0.962546
0.244184
1.33034
0.589104
0.967775
0.585
1.38
0.633087
-0.338835
0.705
-0.86
0.892483
-1.13835
1.1872
-1.19468
-0.491816
-0.0186405
-0.699603
0.176857
-0.51639
0.787925
-0.314747
0.794066
0.290175
0.812494
0.491817
0.818642
0.711888
0.21986
0.614138
0.115966
0.51639
0.0120749
1.045
-1.22
0.382099
2
0.705
-0.66
0.330151
1.5
0.605
-0.11
0.315317
1.2
0
0.4
0.7
1
-0.415
1.15
0.35
0.5
0.405
1.18
0.362353
0.5
0
0.596939
-0.402286
0
0.4
-1.01409
0.00164948
-0.505
1.06
-0.605
1.38
-0.215
1.07
-0.265
1.43
0.345
1.03
0.325
1.35
0.625
1.04
0.695
1.4
0.633087
-0.338835
0.765
-0.84
0.895
-1.18
1.18971
-1.23633
-0.491816
-0.0186405
-0.699603
0.176857
-0.51639
0.787925
-0.314747
0.794066
0.290175
0.812494
0.491817
0.818642
0.711888
0.21986
0.614138
0.115966
0.51639
0.0120749
1.055
-1.22
0.434166
2
0.715
-0.63
0.330151
1.5
0.605
0
0.315317
1.2
0
0.4
0.7
1
-0.365
1.23
0.35
0.5
0.515
1.2
0.362353
0.5
0
0.564514
-0.425424
0
0.4
-1.0266
0.0348133
-0.483308
1.07614
-0.572854
1.39925
-0.19311
1.0767
-0.231377
1.43817
0.365343
1.0185
0.355761
1.33901
0.645545
1.01939
0.715
1.39
0.608774
-0.359105
0.724326
-0.864341
0.885
-1.2
1.17775
-1.26589
-0.505219
-0.00245765
-0.706554
0.199714
-0.503544
0.804553
-0.301789
0.804132
0.303466
0.802874
0.50522
0.802459
0.705715
0.196781
0.604629
0.0961131
0.503544
-0.00455314
1.055
-1.26
0.416173
2
0.695
-0.68
0.330151
1.5
0.615
-0.07
0.315317
1.2
0
0.4
0.7
1
-0.381855
1.21861
0.35
0.5
0.525
1.18
0.362353
0.5
0
0.590739
-0.406863
0
0.4
-1.005
0.01
-0.489952
1.072
-0.595
1.51
-0.199585
1.07529
-0.241273
1.43661
0.359748
1.02231
0.335
1.44
0.640109
1.02583
0.705
1.47
0.695
-0.32
0.777675
-0.893586
1.01138
-1.27165
1.30493
-1.33483
-0.501738
-0.00744638
-0.705094
0.192954
-0.507647
0.800062
-0.305768
0.801537
0.299861
0.805966
0.501739
0.807447
0.708046
0.203292
0.607846
0.101614
0.507647
-6.17206e-05
1.135
-1.31
0.416293
2
0.825
-0.71
0.330151
1.5
0.645
-0.16
0.315317
1.2
0
0.4
0.7
1
-0.389777
1.21551
0.35
0.5
0.515
1.21
0.362353
0.5
0
0
-1
0
0.4
-0.966073
-0.0424973
-0.5
1.1
-0.6
1.6
-0.26804
1.09829
-0.295
1.5
0.350581
1.09571
0.325
1.55
0.630779
1.06999
0.705
1.55
0.7
-0.3
0.825
-1.01
1.1
-1.3
1.345
-1.33
-0.5
0
-0.7
0.2
-0.5
0.8
-0.3
0.8
0.3
0.8
0.5
0.8
0.7
0.2
0.6
0.1
0.5
0
1.2
-1.35
0.350179
2
0.835
-0.87
0.330151
1.5
0.7
-0.3
0.315317
1.2
0
0.4
0.7
1
-0.465
1.31
0.35
0.5
0.505
1.27
0.362353
0.5
0
