30
10
15
9
6
0.170868
-0.567118
0.095
0.43
-0.778165
-0.141518
-0.473667
1.0756
-0.565164
1.56715
-0.238348
1.0974
-0.275
1.49
0.372028
1.16205
0.295
1.53
0.620761
1.18748
0.625
1.6
3.695
-2.48
3.075
1.22
1.665
-0.9
1.61889
-1.19643
-0.361782
-0.0188305
-0.581112
0.159814
-0.443153
0.777117
-0.244166
0.79746
0.352795
0.858488
0.551782
0.87883
0.811797
0.302212
0.722475
0.192548
0.633153
0.0828829
1.655
-1.05
0.404599
2
2.405
-0.51
0.481664
1.5
1.065
-0.13
0.403113
1.2
0.095
0.43
0.7
1
-0.468119
1.26718
0.308707
0.5
0.48012
1.33396
0.299666
0.5
0
0.170868
-0.567118
0.095
0.43
-0.778165
-0.141518
-0.473667
1.0756
-0.565164
1.56715
-0.238348
1.0974
-0.275
1.49
0.372028
1.16205
0.295
1.53
0.620761
1.18748
0.605
1.59
3.715
-2.18
3.155
0.76
1.655
-0.57
1.43875
-0.777933
-0.361782
-0.0188305
-0.581112
0.159814
-0.443153
0.777117
-0.244166
0.79746
0.352795
0.858488
0.551782
0.87883
0.811797
0.302212
0.722475
0.192548
0.633153
0.0828829
1.605
-0.9
0.404599
2
2.405
-0.51
0.481664
1.5
1.065
-0.13
0.403113
1.2
0.095
0.43
0.7
1
-0.468119
1.26718
0.308707
0.5
0.48012
1.33396
0.299666
0.5
0
0.205
-0.53
0.095
0.43
-0.755602
-0.174642
-0.498055
1.05331
-0.608363
1.541
-0.26374
1.08413
-0.315441
1.47504
0.343722
1.17217
0.25262
1.5369
0.591303
1.20713
0.560096
1.60876
3.574
-1.55794
3.14016
0.877268
1.74304
-0.267256
1.5392
-0.487383
-0.344224
-0.036053
-0.570259
0.134043
-0.456101
0.756207
-0.258036
0.784176
0.336159
0.868084
0.534224
0.896052
0.816197
0.329827
0.731149
0.21681
0.646101
0.103793
1.73073
-0.467882
0.404599
2
2.40065
-0.191948
0.481664
1.5
1.08582
-0.0923567
0.403113
1.2
0.095
0.43
0.7
1
-0.499868
1.24496
0.308707
0.5
0.445136
1.34811
0.299666
0.5
0
0.225
-0.52
0.095
0.43
-0.737604
-0.199246
-0.516025
1.03574
-0.578888
1.53177
-0.282703
1.07339
-0.295
1.46
0.321946
1.17914
0.220227
1.54107
0.604072
1.1968
0.585
1.59
3.41122
-0.879018
3.05355
1.44226
1.59297
-0.0799895
1.41288
-0.319943
-0.330438
-0.0486968
-0.561351
0.11473
-0.46541
0.739981
-0.268241
0.773725
0.323268
0.874954
0.520438
0.908696
0.818836
0.350931
0.737123
0.235475
0.65541
0.120019
1.69223
-0.213597
0.404599
2
2.31375
0.229434
0.481664
1.5
1.0459
0.153597
0.403113
1.2
0.095
0.43
0.7
1
-0.523435
1.22727
0.308707
0.5
0.418182
1.35797
0.299666
0.5
0
0.275
-0.51
0.085
0.45
-0.698631
-0.239421
-0.520747
1.01657
-0.567843
1.51435
-0.304565
1.06581
-0.285
1.51
0.295
1.19
0.215
1.55
0.581515
1.23899
0.585
1.59
3.105
-0.22
2.835
1.28
1.495
0.37
1.3059
0.137046
-0.303737
-0.059024
-0.546174
0.0868107
-0.496942
0.717518
-0.302806
0.76582
0.279601
0.910723
0.473737
0.959024
0.812775
0.424918
0.739858
0.3037
0.666941
0.182482
1.57581
0.339787
0.404599
2
2.195
0.45
0.411096
1.5
0.888407
0.271843
0.403113
1.2
0.085
0.45
0.7
1
-0.591013
1.19919
0.308707
0.5
0.338377
1.3995
0.299666
0.5
0
0.170868
-0.567118
0.095
0.43
-0.778165
-0.141518
-0.473667
1.0756
-0.565164
1.56715
-0.238348
1.0974
-0.275
1.49
0.372028
1.16205
0.295
1.53
0.620761
1.18748
0.605
1.59
2.965
-0.58
2.525
1.24
1.245
0.06
1.04391
-0.162631
-0.361782
-0.0188305
-0.581112
0.159814
-0.443153
0.777117
-0.244166
0.79746
0.352795
0.858488
0.551782
0.87883
0.811797
0.302212
0.722475
0.192548
0.633153
0.0828829
1.305
-0.03
0.42638
2
1.895
0.22
0.481664
1.5
0.785
0.22
0.403113
1.2
0.095
0.43
0.7
1
-0.468119
1.26718
0.308707
0.5
0.48012
1.33396
0.299666
0.5
0
0.170868
-0.567118
0.095
0.43
-0.778165
-0.141518
-0.473667
1.0756
-0.565164
1.56715
-0.238348
1.0974
-0.275
1.49
0.372028
1.16205
0.295
1.53
0.620761
1.18748
0.605
1.59
2.685
-1.39
2.635
0.34
1.085
-0.25
0.831902
-0.411063
-0.361782
-0.0188305
-0.581112
0.159814
-0.443153
0.777117
-0.244166
0.79746
0.352795
0.858488
0.551782
0.87883
0.811797
0.302212
0.722475
0.192548
0.633153
0.0828829
0.935
-0.37
0.404599
2
1.755
-0.31
0.481664
1.5
0.875
0.1
0.403113
1.2
0.095
0.43
0.7
1
-0.468119
1.26718
0.308707
0.5
0.48012
1.33396
0.299666
0.5
0
0.00959886
-0.566347
0.095
0.43
-0.862451
0.0143656
-0.455
1.08
-0.554802
1.56994
-0.185
1.11
-0.245
1.5
0.464382
1.10571
0.411962
1.4829
0.741457
1.08774
0.795
1.5
2.755
-2.16
2.585
0.49
0.828504
-0.558507
0.611289
-0.765431
-0.431232
0.0648494
-0.617212
0.278066
-0.376759
0.863242
-0.177161
0.849624
0.421634
0.808769
0.621231
0.79515
0.779974
0.182738
0.673367
0.0897485
0.566759
-0.00324172
0.715
-0.7
0.404599
2
1.695
-0.56
0.541202
1.5
0.835
-0.06
0.403113
1.2
0.095
0.43
0.7
1
-0.318444
1.35056
0.308707
0.5
0.627604
1.25593
0.299666
0.5
0
-0.429761
-0.681101
-0.065
0.25
-1.10531
0.16019
-0.430413
1.10572
-0.565
1.55
-0.114699
1.02502
-0.206837
1.51646
0.50021
0.773474
0.425
1.08
0.757305
0.668331
0.775
1.07
2.145
-2.3
2.895
-0.55
1.275
-0.44
1.025
-0.42
-0.680242
0.070966
-0.788855
0.33234
-0.37472
0.810935
-0.189728
0.734555
0.365249
0.505415
0.550241
0.429034
0.506091
-0.202323
0.375406
-0.256629
0.24472
-0.310935
0.545
-0.52
0.404599
2
1.725
-0.89
0.481664
1.5
1.205
-0.65
0.461411
1.2
-0.065
0.25
0.80025
1
-0.295
1.28
0.371214
0.5
0.702792
0.864067
0.299666
0.5
0
-0.955592
-0.566114
-0.325
0.21
-1.33073
0.492771
-0.445
1.1
-0.585
1.54
-0.132544
0.973867
-0.189128
1.47066
0.388814
0.500817
0.325
0.75
0.592458
0.311706
0.645
0.69
1.275
-2.89
2.615
-1.77
1.455
-1.13
1.19353
-0.982922
-0.964195
0.259331
-0.973718
0.542361
-0.417183
0.844433
-0.270908
0.707681
0.167919
0.297422
0.314194
0.160669
0.0502105
-0.41491
-0.0913027
-0.419671
-0.232817
-0.424433
0.345
-1.09
0.3
2
1.265
-1.45
0.743304
1.5
0.075
-0.51
0.403113
1.2
-0.325
0.21
0.7
1
-0.305
1.26
0.396611
0.5
0.495
0.57
0.299666
0.5
0
-0.955592
-0.566114
-0.325
0.21
-1.33073
0.492771
-0.445
1.1
-0.585
1.54
-0.132544
0.973867
-0.189128
1.47066
0.388814
0.500817
0.325
0.75
0.592458
0.311706
0.645
0.69
0.625
-2.5
2.035
-2.74
1.885
-1.9
1.74382
-1.63529
-0.964195
0.259331
-0.973718
0.542361
-0.417183
0.844433
-0.270908
0.707681
0.167919
0.297422
0.314194
0.160669
0.0502105
-0.41491
-0.0913027
-0.419671
-0.232817
-0.424433
1.505
-1.97
0.643506
2
0.475
-1.51
0.481664
1.5
-0.035
-0.81
0.4272
1.2
-0.325
0.21
0.7506
1
-0.305
1.22
0.392046
0.5
0.495
0.55
0.311127
0.5
0
-1.245
-0.4
-0.525
0.2
-1.44183
0.701479
-0.442109
1.09447
-0.565
1.55
-0.214565
0.935071
-0.198919
1.43483
0.145
0.26
0.155
0.6
0.295
0.09
0.465
0.54
0.575
-1.72
1.425
-2.23
1.855
-2.57
2.10835
-2.73066
-1.13698
0.391624
-1.0827
0.669646
-0.472386
0.839113
-0.360513
0.672966
-0.0248964
0.174523
0.0869747
0.00837635
-0.299596
-0.493387
-0.438604
-0.466249
-0.577614
-0.439112
0.885
-1.79
0.45
2
1.925
-2.58
0.543415
1.5
0.025
-1
0.403113
1.2
-0.525
0.2
0.7
1
-0.365
1.2
0.396611
0.5
0.305
0.38
0.35
0.5
1
1.825
-0.35
1.86938
-0.0995037
-0.995037
0.4
0.6
1.3
0
-1.215
-0.46
-0.525
0.2
-1.47518
0.635061
-0.465
1.11
-0.554363
1.55737
-0.230872
0.934896
-0.178187
1.43184
0.139061
0.307471
0.12487
0.647332
0.300769
0.148557
0.43836
0.609516
0.695
-1.53
1.285
-2.24
1.885
-2.86
2.11658
-3.05071
-1.14907
0.347649
-1.11469
0.628833
-0.517943
0.841255
-0.394541
0.683475
-0.0243354
0.210133
0.0990652
0.052352
-0.250876
-0.475634
-0.391466
-0.458444
-0.532057
-0.441255
1.065
-1.94
0.522015
2
2.015
-2.94
0.481664
1.5
0.175
-1.01
0.477074
1.2
-0.525
0.2
0.7
1
-0.355
1.18
0.385876
0.5
0.205
0.4
0.325269
0.5
0
-1.04518
-0.568221
-0.405
0.2
-1.40575
0.501767
-0.469411
1.10988
-0.565
1.54
-0.21358
0.96824
-0.195
1.44
0.238387
0.396881
0.178065
0.731716
0.420253
0.261425
0.493848
0.736915
0.555
-1.11
1.815
-2.41
1.535
-3.02
1.45341
-3.30869
-1.04348
0.26136
-1.04769
0.544664
-0.485291
0.836377
-0.341537
0.696831
0.089727
0.278188
0.23348
0.138641
-0.0414077
-0.43217
-0.183058
-0.434273
-0.324708
-0.436377
1.005
-1.68
0.468615
2
1.385
-2.98
0.548179
1.5
0.275
-0.84
0.403113
1.2
-0.405
0.2
0.7
1
-0.335
1.27
0.396611
0.5
0.365
0.51
0.352278
0.5
0
-1.00658
-0.598815
-0.405
0.2
-1.42043
0.448112
-0.465644
1.12644
-0.51444
1.53941
-0.228568
0.965124
-0.191884
1.43641
0.227027
0.430838
0.148975
0.762004
0.415849
0.305244
0.464047
0.783995
1.155
-1.24
1.555
-2.01
1.785
-2.72
1.74257
-3.01698
-1.04587
0.227308
-1.06514
0.509999
-0.519036
0.83123
-0.368056
0.699524
0.0848866
0.3044
0.235866
0.172692
-0.00827652
-0.411957
-0.14962
-0.421593
-0.290964
-0.43123
1.195
-1.59
0.545619
2
1.755
-2.78
0.481664
1.5
0.375
-0.79
0.551725
1.2
-0.405
0.2
0.7
1
-0.335
1.22
0.396611
0.5
0.345
0.54
0.342053
0.5
0
-0.814322
-0.6521
-0.275
0.19
-1.30949
0.341033
-0.422973
1.1067
-0.510603
1.51326
-0.171672
0.968493
-0.179705
1.44121
0.406401
0.560686
0.365
0.97
0.600315
0.410334
0.762679
0.883238
1.015
-0.76
1.815
-1.42
1.605
-2.54
1.48682
-2.81574
-0.915676
0.156598
-0.961593
0.436243
-0.448224
0.807716
-0.285444
0.690855
0.202895
0.340265
0.365674
0.223402
0.177865
-0.381799
0.0380443
-0.404757
-0.101777
-0.427715
1.375
-1.43
0.434626
2
1.545
-2.6
0.481664
1.5
0.635
-0.74
0.430813
1.2
-0.275
0.19
0.7
1
-0.315
1.21
0.394081
0.5
0.535
0.66
0.378021
0.5
0
-0.645
-0.64
-0.185
0.2
-1.22776
0.275597
-0.399088
1.10358
-0.515984
1.50274
-0.138413
0.983968
-0.180717
1.45487
0.467743
0.619155
0.396757
1.0244
0.672061
0.48326
0.799697
0.966715
1.455
-0.72
1.995
-1.42
1.425
-2.38
1.243
-2.61849
-0.821591
0.120209
-0.887675
0.395797
-0.402584
0.803547
-0.23175
0.698798
0.280755
0.384543
0.451589
0.279791
0.308169
-0.337464
0.170377
-0.370505
0.0325842
-0.403547
1.575
-1.49
0.489183
2
1.345
-2.48
0.523259
1.5
0.825
-0.67
0.508035
1.2
-0.185
0.2
0.7
1
-0.325
1.22
0.353553
0.5
0.595
0.72
0.4
0.5
0
-0.425
-0.63
-0.065
0.22
-1.10993
0.18316
-0.374923
1.09543
-0.534025
1.47976
-0.102887
1.0045
-0.19553
1.46817
0.51777
0.719114
0.45795
1.21552
0.756746
0.593703
0.839436
1.08682
1.605
-0.68
2.045
-1.53
1.225
-2.34
1.005
-2.52
-0.689389
0.0722863
-0.784697
0.339204
-0.346172
0.796733
-0.16506
0.710931
0.378276
0.453518
0.559387
0.367714
0.483086
-0.261425
0.349629
-0.309078
0.216171
-0.356733
1.635
-1.29
0.471699
2
1.115
-2.49
0.556057
1.5
0.975
-0.55
0.403113
1.2
-0.065
0.22
0.7
1
-0.265
1.2
0.35609
0.5
0.635
0.9
0.376596
0.5
0
-0.235
-0.61
0.035
0.24
-1.00092
0.0973732
-0.362143
1.07959
-0.545
1.47
-0.0822567
1.0167
-0.221457
1.46864
0.532011
0.806527
0.411864
1.29188
0.8147
0.695156
0.846963
1.19417
1.715
-0.62
1.905
-1.91
0.905
-2.31
0.638535
-2.44783
-0.571258
0.0297084
-0.693156
0.285614
-0.303243
0.785307
-0.114344
0.718306
0.452357
0.517295
0.641256
0.450291
0.629145
-0.183411
0.501194
-0.244359
0.373243
-0.305308
0.805
-2.37
0.475184
2
1.495
-1.63
0.382884
1.5
1.145
-0.62
0.403113
1.2
0.035
0.24
0.7
1
-0.305
1.19
0.378021
0.5
0.685
0.98
0.441022
0.5
0
-0.00500001
-0.55
0.145
0.27
-0.863972
-0.00517178
-0.357245
1.0514
-0.545
1.47
-0.0715491
1.02516
-0.225
1.46
0.566971
0.89566
0.440397
1.37937
0.855943
0.823793
0.816199
1.32268
1.235
-0.81
1.565
-1.91
0.745
-1.96
0.445437
-1.94381
-0.429114
-0.0168157
-0.58304
0.221245
-0.260845
0.76715
-0.0648538
0.725084
0.523121
0.598882
0.719112
0.556815
0.788902
-0.0732259
0.669873
-0.150187
0.550844
-0.22715
0.635
-1.9
0.443847
2
1.215
-1.33
0.404475
1.5
0.945
-0.52
0.403113
1.2
0.145
0.27
0.7
1
-0.305
1.21
0.380229
0.5
0.675
1.08
0.396611
0.5
0
0.075
-0.53
0.165
0.27
-0.822045
-0.0757619
-0.345402
1.02887
-0.488801
1.46472
-0.0671982
1.00899
-0.196283
1.45175
0.541736
0.923923
0.381307
1.3975
0.843527
0.868875
0.779308
1.3663
1.465
-0.54
1.375
-1.79
0.565
-1.75
0.275391
-1.67173
-0.387438
-0.0566607
-0.557799
0.16994
-0.274959
0.737256
-0.076481
0.709138
0.518957
0.62478
0.717436
0.59666
0.831556
-0.0268967
0.718258
-0.112076
0.604959
-0.197256
0.415
-1.74
0.430465
2
1.165
-1.35
0.420119
1.5
1.085
-0.46
0.403113
1.2
0.165
0.27
0.7
1
-0.181258
1.22002
0.308707
0.5
0.757299
1.05668
0.299666
0.5
0
0.215
-0.47
0.235
0.29
-0.71614
-0.145208
-0.343161
0.998747
-0.48186
1.47912
-0.0642759
1.00457
-0.233591
1.43361
0.549978
0.975909
0.405
1.39
0.855591
0.948873
0.815
1.43
1.535
-0.6
1.595
-1.69
0.655
-1.4
0.371294
-1.30248
-0.285084
-0.0861732
-0.475605
0.123808
-0.246162
0.714823
-0.0459139
0.705094
0.554834
0.675903
0.755082
0.666172
0.92614
0.055695
0.821151
-0.0395634
0.716161
-0.134823
0.485
-1.43
0.453982
2
1.175
-1.1
0.481664
1.5
1.085
-0.27
0.403113
1.2
0.235
0.29
0.7
1
-0.305
1.18
0.378298
0.5
0.655
1.19
0.413616
0.5
0
0.155
-0.37
0.135
0.37
-0.793055
-0.11307
-0.450049
1.05829
-0.55807
1.54695
-0.159068
1.0703
-0.274685
1.51529
0.414814
1.0712
0.248953
1.4775
0.721486
1.05972
0.656499
1.53829
1.715
-1.12
1.435
-1.76
0.685
-1.2
0.531838
-0.942044
-0.365442
-0.0322019
-0.566432
0.167886
-0.367244
0.769946
-0.166708
0.770398
0.434903
0.771751
0.63544
0.7722
0.837329
0.171041
0.737286
0.070548
0.637244
-0.0299462
1.075
-1.08
0.462709
2
0.535
-0.97
0.386394
1.5
1.035
-0.25
0.460109
1.2
0.135
0.37
0.7
1
-0.343283
1.26132
0.37806
0.5
0.495
1.26
0.419144
0.5
0
0.015
-0.34
-0.005
0.4
-0.933055
-0.0830698
-0.590049
1.08829
-0.698069
1.57695
-0.299068
1.1003
-0.414685
1.54529
0.274814
1.1012
0.108953
1.5075
0.581486
1.08972
0.516499
1.56828
1.725
-1
1.475
-1.69
1.105
-1.41
0.866918
-1.22747
-0.505442
-0.00220186
-0.706432
0.197886
-0.507244
0.799946
-0.306708
0.800398
0.294903
0.801751
0.49544
0.8022
0.697329
0.201041
0.597286
0.100548
0.497244
5.37932e-05
1.115
-1.12
0.494773
2
1.095
-0.45
0.327567
1.5
0.755
-0.05
0.272947
1.2
-0.005
0.4
0.7
1
-0.483283
1.29132
0.37806
0.5
0.375
1.32
0.410366
0.5
0
0.015
-0.34
-0.005
0.4
-0.933055
-0.0830698
-0.590049
1.08829
-0.698069
1.57695
-0.299068
1.1003
-0.414685
1.54529
0.274814
1.1012
0.108953
1.5075
0.581486
1.08972
0.516499
1.56828
0.985
-0.28
1.265
-0.87
1.355
-1.46
1.26245
-1.74537
-0.505442
-0.00220186
-0.706432
0.197886
-0.507244
0.799946
-0.306708
0.800398
0.294903
0.801751
0.49544
0.8022
0.697329
0.201041
0.597286
0.100548
0.497244
5.37932e-05
1.215
-0.82
0.404599
2
1.275
-1.57
0.481664
1.5
0.835
-0.17
0.403113
1.2
-0.005
0.4
0.7
1
-0.483283
1.29132
0.402927
0.5
0.395
1.28
0.396994
0.5
0
0.015
-0.34
-0.005
0.4
-0.933055
-0.0830698
-0.590049
1.08829
-0.698069
1.57695
-0.299068
1.1003
-0.414685
1.54529
0.274814
1.1012
0.108953
1.5075
0.581486
1.08972
0.516499
1.56828
0.785
-0.45
0.915
-0.88
1.295
-1.42
1.52021
-1.61819
-0.505442
-0.00220186
-0.706432
0.197886
-0.507244
0.799946
-0.306708
0.800398
0.294903
0.801751
0.49544
0.8022
0.697329
0.201041
0.597286
0.100548
0.497244
5.37932e-05
1.035
-0.95
0.404599
2
1.455
-1.54
0.405216
1.5
0.725
-0.21
0.403113
1.2
-0.005
0.4
0.7
1
-0.483283
1.29132
0.380706
0.5
0.375
1.29
0.372022
0.5
0
0.015
-0.34
-0.005
0.4
-0.933055
-0.0830698
-0.590049
1.08829
-0.698069
1.57695
-0.299068
1.1003
-0.414685
1.54529
0.274814
1.1012
0.108953
1.5075
0.581486
1.08972
0.516499
1.56828
0.605
-0.49
0.895
-0.96
1.275
-1.54
1.56815
-1.60373
-0.505442
-0.00220186
-0.706432
0.197886
-0.507244
0.799946
-0.306708
0.800398
0.294903
0.801751
0.49544
0.8022
0.697329
0.201041
0.597286
0.100548
0.497244
5.37932e-05
0.915
-0.97
0.447772
2
1.475
-1.6
0.423792
1.5
0.655
-0.2
0.37108
1.2
-0.005
0.4
0.7
1
-0.483283
1.29132
0.373237
0.5
0.385
1.3
0.38672
0.5
0
0.015
-0.34
-0.005
0.4
-0.933055
-0.0830698
-0.590049
1.08829
-0.698069
1.57695
-0.299068
1.1003
-0.414685
1.54529
0.274814
1.1012
0.108953
1.5075
0.581486
1.08972
0.516499
1.56828
0.755
-0.6
0.905
-1.13
1.165
-1.44
1.45292
-1.52427
-0.505442
-0.00220186
-0.706432
0.197886
-0.507244
0.799946
-0.306708
0.800398
0.294903
0.801751
0.49544
0.8022
0.697329
0.201041
0.597286
0.100548
0.497244
5.37932e-05
1.365
-1.54
0.404599
2
0.905
-0.96
0.340588
1.5
0.695
-0.31
0.35609
1.2
-0.005
0.4
0.7
1
-0.483283
1.29132
0.394095
0.5
0.395
1.29
0.38672
0.5
0
0.015
-0.34
-0.005
0.4
-0.933055
-0.0830698
-0.497048
1.09977
-0.593131
1.59045
-0.28175
1.09936
-0.375
1.54
0.343028
1.09787
0.285
1.51
0.581486
1.08972
0.585
1.55
0.745
-0.48
0.745
-1.09
1.185
-1.45
1.48069
-1.39931
-0.505442
-0.00220186
-0.706432
0.197886
-0.507244
0.799946
-0.306708
0.800398
0.294903
0.801751
0.49544
0.8022
0.697329
0.201041
0.597286
0.100548
0.497244
5.37932e-05
1.335
-1.4
0.432782
2
0.825
-0.82
0.37108
1.5
0.665
-0.17
0.340588
1.2
-0.005
0.4
0.7
1
-0.445
1.32
0.370143
0.5
0.469334
1.26338
0.352815
0.5
0
0
-1
0
0.4
-0.92665
-0.0796958
-0.5
1.1
-0.6
1.6
-0.35
1.2
-0.4
1.55
0.35
1.1
0.3
1.5
0.6
1.1
0.585
1.54
0.7
-0.3
0.9
-1
1.1
-1.3
1.325
-1.32
-0.5
0
-0.7
0.2
-0.5
0.8
-0.3
0.8
0.3
0.8
0.5
0.8
0.7
0.2
0.6
0.1
0.5
0
1.195
-1.32
0.330341
2
0.875
-0.87
0.31241
1.5
0.685
-0.28
0.355106
1.2
0
0.4
0.7
1
-0.475
1.29
0.308707
0.5
0.475
1.26
0.299666
0.5
0
