30
10
15
13
6
-0.804075
-0.194528
0
0.4
-0.772185
1.16553
0.215
1.15
0.235
1.35
0.425
0.87
0.485
1.14
0.765
0.25
1.045
-0.08
0.775
-0.08
0.825
-0.42
-0.455
-0.75
-0.535
-1.88
-0.015
-2.04
0.278891
-2.10044
-0.584309
0.664246
-0.496801
0.933662
0.0613238
1.16191
0.152277
0.983447
0.197754
0.894218
0.288708
0.715754
0.425139
0.448062
0.516093
0.269601
0.56157
0.18037
0.652524
0.00190893
0.139878
-0.315569
0.00517054
-0.271815
-0.129538
-0.228062
0.115
-2.06
0.393954
2
-0.395
-1.42
0.455412
1.5
-0.195
-0.6
0.460435
1.2
0
0.4
0.7
1
0.378989
1.33967
0.419952
0.5
0.725
-0.12
0.454863
0.5
0
-0.911832
-0.0105632
0
0.4
-0.553016
1.3367
0.425
1.01
0.495
1.2
0.485
0.74
0.635
0.97
0.565
0.28
0.875
0.09
0.645
-0.12
0.795
-0.41
-0.825
-0.62
-0.885
-1.72
-0.335
-1.88
-0.0451295
-1.9573
-0.498388
0.803948
-0.345356
1.04246
0.252641
1.12173
0.295378
0.925962
0.316748
0.828078
0.359486
0.632305
0.423595
0.33865
0.466333
0.142881
0.487703
0.0449955
0.530442
-0.150774
-0.0461834
-0.327934
-0.165438
-0.251418
-0.284693
-0.174903
-0.215
-1.9
0.42107
2
-0.725
-1.31
0.455412
1.5
-0.442401
-0.518213
0.460435
1.2
0
0.4
0.7
1
0.605139
1.21316
0.419952
0.5
0.755
-0.06
0.454863
0.5
0
-0.925
0.06
0
0.4
-0.473645
1.37944
0.465
0.93
0.525
1.16
0.565
0.7
0.662704
0.95682
0.555
0.34
0.905
0.1
0.615
-0.02
0.845
-0.35
-0.906771
-0.548355
-0.785
-1.6
-0.185
-1.63
0.115
-1.63
-0.463311
0.8439
-0.291028
1.06896
0.311581
1.09846
0.337968
0.899786
0.351162
0.800451
0.37755
0.601779
0.417132
0.303773
0.44352
0.105104
0.456714
0.00576848
0.483102
-0.192901
-0.106311
-0.321733
-0.21884
-0.235592
-0.33137
-0.149452
-0.055
-1.64
0.453982
2
-0.615
-1.2
0.341321
1.5
-0.516992
-0.478582
0.414069
1.2
0
0.4
0.7
1
0.6705
1.16039
0.419952
0.5
0.675
-0.06
0.454863
0.5
0
-0.955
0.12
0
0.4
-0.398008
1.41273
0.535
0.91
0.551678
1.17896
0.665
0.68
0.725
0.96
0.515
0.33
0.855
0.19
0.555
0.04
0.805
-0.27
-0.765
-0.53
-0.655
-1.36
-0.085
-1.45
0.214833
-1.44001
-0.428356
0.877866
-0.239455
1.08924
0.363757
1.07291
0.374991
0.872773
0.380609
0.772706
0.391842
0.57257
0.408695
0.272369
0.419929
0.0722356
0.425547
-0.0278318
0.436782
-0.227966
-0.160812
-0.311704
-0.266496
-0.217254
-0.372181
-0.122805
0.005
-1.48
0.488365
2
-0.515
-1.03
0.358469
1.5
-0.385
-0.41
0.361201
1.2
0
0.4
0.7
1
0.535
0.91
0.419952
0.5
0.735
0
0.454863
0.5
0
-0.955
0.12
0
0.4
-0.398008
1.41273
0.495
0.95
0.495
1.19
0.585
0.72
0.675
0.96
0.515
0.33
0.745
0.29
0.525
0.04
0.735
-0.02
-0.765
-0.53
-0.585
-1.31
-0.075
-1.34
0.224833
-1.33001
-0.428356
0.877866
-0.239455
1.08924
0.363757
1.07291
0.374991
0.872773
0.380609
0.772706
0.391842
0.57257
0.408695
0.272369
0.419929
0.0722356
0.425547
-0.0278318
0.436782
-0.227966
-0.160812
-0.311704
-0.266496
-0.217254
-0.372181
-0.122805
0.065
-1.38
0.422966
2
-0.445
-1.07
0.322614
1.5
-0.405
-0.47
0.381254
1.2
0
0.4
0.7
1
0.495
0.98
0.419952
0.5
0.505
0.16
0.454863
0.5
0
-0.955
0.12
0
0.4
-0.398008
1.41273
0.495
0.95
0.495
1.19
0.585
0.72
0.675
0.96
0.685
0.32
1.045
0.28
0.525
0.04
0.735
-0.02
-0.765
-0.53
-0.585
-1.31
-0.075
-1.34
0.224833
-1.33001
-0.428356
0.877866
-0.239455
1.08924
0.363757
1.07291
0.374991
0.872773
0.380609
0.772706
0.391842
0.57257
0.408695
0.272369
0.419929
0.0722356
0.425547
-0.0278318
0.436782
-0.227966
-0.160812
-0.311704
-0.266496
-0.217254
-0.372181
-0.122805
0.105
-1.39
0.443847
2
-0.525
-1.11
0.349857
1.5
-0.465
-0.44
0.337657
1.2
0
0.4
0.7
1
0.525
0.97
0.419952
0.5
0.725
0.1
0.454863
0.5
2
1.215
0.27
0.21095
1
0
0.7
0.1
1
0
0.635
0.18
0.410122
1
0
0.35
0
1
0
-0.955
0.12
0
0.4
-0.398008
1.41273
0.495
0.95
0.495
1.19
0.585
0.72
0.675
0.96
0.908276
0.251913
1.5248
0.246677
0.525
0.04
0.735
-0.02
-0.765
-0.53
-0.585
-1.31
-0.075
-1.34
0.224833
-1.33001
-0.428356
0.877866
-0.239455
1.08924
0.363757
1.07291
0.374991
0.872773
0.380609
0.772706
0.391842
0.57257
0.408695
0.272369
0.419929
0.0722356
0.425547
-0.0278318
0.436782
-0.227966
-0.160812
-0.311704
-0.266496
-0.217254
-0.372181
-0.122805
0.045
-1.38
0.48
2
-0.485
-0.94
0.390512
1.5
-0.345
-0.36
0.392173
1.2
0.075
0.56
0.851469
1
1.205
0.28
0.419952
0.5
0.405
0.11
0.454863
0.5
2
1.525
0.22
0.21095
1
0
0.7
0.1
1
0
0.975
0.22
0.410122
1
0
0.35
0
1
0
-0.955
0.12
0
0.4
-0.398008
1.41273
0.495
0.95
0.495
1.19
0.585
0.72
0.675
0.96
0.906023
0.220751
1.70508
0.181884
0.525
0.04
0.735
-0.02
-0.765
-0.53
-0.585
-1.31
-0.075
-1.34
0.224833
-1.33001
-0.428356
0.877866
-0.239455
1.08924
0.363757
1.07291
0.374991
0.872773
0.380609
0.772706
0.391842
0.57257
0.408695
0.272369
0.419929
0.0722356
0.425547
-0.0278318
0.436782
-0.227966
-0.160812
-0.311704
-0.266496
-0.217254
-0.372181
-0.122805
0.045
-1.36
0.440114
2
-0.495
-0.98
0.374833
1.5
-0.425
-0.44
0.408534
1.2
0.135
0.49
0.858735
1
1.365
0.17
0.419952
0.5
0.615
0.17
0.454863
0.5
2
1.745
0.19
0.277308
1
0
0.7
0.1
1
0
1.035
0.19
0.45793
1
0
0.35
0
1
0
-0.955
0.12
0
0.4
-0.398008
1.41273
0.495
0.95
0.495
1.19
0.585
0.72
0.675
0.96
0.825
0.24
1.585
0.18
0.525
0.04
0.735
-0.02
-0.765
-0.53
-0.585
-1.31
-0.075
-1.34
0.224833
-1.33001
-0.428356
0.877866
-0.239455
1.08924
0.363757
1.07291
0.374991
0.872773
0.380609
0.772706
0.391842
0.57257
0.408695
0.272369
0.419929
0.0722356
0.425547
-0.0278318
0.436782
-0.227966
-0.160812
-0.311704
-0.266496
-0.217254
-0.372181
-0.122805
0.045
-1.32
0.470425
2
-0.555
-1.02
0.351548
1.5
-0.385
-0.41
0.347358
1.2
0.155
0.49
0.770276
1
0.465
0.88
0.419952
0.5
1.235
0.16
0.454863
0.5
0
-0.955
0.12
0
0.4
-0.398008
1.41273
0.495
0.95
0.495
1.19
0.585
0.72
0.675
0.96
0.735
0.24
1.425
0.19
0.525
0.04
0.735
-0.02
-0.765
-0.53
-0.585
-1.31
-0.075
-1.34
0.224833
-1.33001
-0.428356
0.877866
-0.239455
1.08924
0.363757
1.07291
0.374991
0.872773
0.380609
0.772706
0.391842
0.57257
0.408695
0.272369
0.419929
0.0722356
0.425547
-0.0278318
0.436782
-0.227966
-0.160812
-0.311704
-0.266496
-0.217254
-0.372181
-0.122805
0.065
-1.36
0.455412
2
-0.485
-0.98
0.333057
1.5
-0.425
-0.42
0.341431
1.2
0.145
0.43
0.904392
1
0.485
0.99
0.419952
0.5
1.145
0.16
0.454863
0.5
0
-0.955
0.12
0
0.4
-0.398008
1.41273
0.495
0.95
0.495
1.19
0.585
0.72
0.675
0.96
0.625
0.27
1.265
0.22
0.525
0.04
0.735
-0.02
-0.765
-0.53
-0.585
-1.31
-0.075
-1.34
0.224833
-1.33001
-0.428356
0.877866
-0.239455
1.08924
0.363757
1.07291
0.374991
0.872773
0.380609
0.772706
0.391842
0.57257
0.408695
0.272369
0.419929
0.0722356
0.425547
-0.0278318
0.436782
-0.227966
-0.160812
-0.311704
-0.266496
-0.217254
-0.372181
-0.122805
0.065
-1.34
0.481664
2
-0.515
-1.01
0.385721
1.5
-0.415
-0.35
0.369202
1.2
0.025
0.38
0.726722
1
0.505
0.94
0.419952
0.5
0.915
0.08
0.454863
0.5
0
-0.955
0.12
0
0.4
-0.398008
1.41273
0.495
0.95
0.495
1.19
0.585
0.72
0.695
1
0.515
0.26
1.095
0.21
0.525
0.04
0.735
-0.02
-0.765
-0.53
-0.585
-1.31
-0.075
-1.34
0.224833
-1.33001
-0.428356
0.877866
-0.239455
1.08924
0.363757
1.07291
0.374991
0.872773
0.380609
0.772706
0.391842
0.57257
0.408695
0.272369
0.419929
0.0722356
0.425547
-0.0278318
0.436782
-0.227966
-0.160812
-0.311704
-0.266496
-0.217254
-0.372181
-0.122805
0.065
-1.39
0.430465
2
-0.445
-1.07
0.334246
1.5
-0.375
-0.45
0.402256
1.2
0
0.4
0.7
1
0.455
0.89
0.419952
0.5
0.735
0.08
0.454863
0.5
0
-0.955
0.12
0
0.4
-0.398008
1.41273
0.495
0.95
0.495
1.19
0.585
0.72
0.695
1
0.505
0.33
0.825
0.26
0.675
0.01
1.095
-0.03
-0.765
-0.53
-0.585
-1.31
-0.075
-1.34
0.224833
-1.33001
-0.428356
0.877866
-0.239455
1.08924
0.363757
1.07291
0.374991
0.872773
0.380609
0.772706
0.391842
0.57257
0.408695
0.272369
0.419929
0.0722356
0.425547
-0.0278318
0.436782
-0.227966
-0.160812
-0.311704
-0.266496
-0.217254
-0.372181
-0.122805
0.065
-1.39
0.430465
2
-0.445
-1.07
0.334246
1.5
-0.375
-0.45
0.402256
1.2
0
0.4
0.7
1
0.455
0.89
0.419952
0.5
0.735
0.08
0.454863
0.5
2
1.165
-0.04
0.25632
1
0
0.5
0.1
1
0
0.665
-0.03
0.321403
1
0
0.25
0
1
0
-0.955
0.12
0
0.4
-0.398008
1.41273
0.495
0.95
0.495
1.19
0.585
0.72
0.695
1
0.505
0.34
0.745
0.23
0.835
-0.03
1.385
-0.04
-0.765
-0.53
-0.585
-1.31
-0.075
-1.34
0.224833
-1.33001
-0.428356
0.877866
-0.239455
1.08924
0.363757
1.07291
0.374991
0.872773
0.380609
0.772706
0.391842
0.57257
0.408695
0.272369
0.419929
0.0722356
0.425547
-0.0278318
0.436782
-0.227966
-0.160812
-0.311704
-0.266496
-0.217254
-0.372181
-0.122805
0.065
-1.39
0.430465
2
-0.445
-1.07
0.334246
1.5
-0.375
-0.45
0.402256
1.2
0
0.4
0.7
1
0.455
0.89
0.419952
0.5
0.735
0.08
0.454863
0.5
2
1.395
0
0.25632
1
0
0.5
0.1
1
0
0.845
-0.06
0.402616
1
0
0.25
0
1
0
-0.955
0.12
0
0.4
-0.398008
1.41273
0.495
0.95
0.495
1.19
0.585
0.72
0.695
1
0.505
0.34
0.695
0.2
0.921998
-0.0872987
1.72197
-0.0809728
-0.765
-0.53
-0.585
-1.31
-0.075
-1.34
0.224833
-1.33001
-0.428356
0.877866
-0.239455
1.08924
0.363757
1.07291
0.374991
0.872773
0.380609
0.772706
0.391842
0.57257
0.408695
0.272369
0.419929
0.0722356
0.425547
-0.0278318
0.436782
-0.227966
-0.160812
-0.311704
-0.266496
-0.217254
-0.372181
-0.122805
0.065
-1.39
0.430465
2
-0.445
-1.07
0.334246
1.5
-0.375
-0.45
0.402256
1.2
0
0.4
0.7
1
0.455
0.89
0.419952
0.5
0.735
0.08
0.454863
0.5
2
1.785
-0.08
0.25632
1
0
0.5
0.1
1
0
1.025
-0.11
0.586686
1
0
0.25
0
1
0
-0.955
0.12
0
0.4
-0.398008
1.41273
0.525
0.99
0.505
1.3
0.645
0.75
0.725
1.05
0.575
0.32
0.815
0.17
0.875
-0.11
1.585
-0.11
-0.695
-0.55
-0.525
-1.28
-0.075
-1.42
0.224833
-1.41001
-0.428356
0.877866
-0.239455
1.08924
0.363757
1.07291
0.374991
0.872773
0.380609
0.772706
0.391842
0.57257
0.408695
0.272369
0.419929
0.0722356
0.425547
-0.0278318
0.436782
-0.227966
-0.160812
-0.311704
-0.266496
-0.217254
-0.372181
-0.122805
0.065
-1.39
0.430465
2
-0.445
-1.07
0.334246
1.5
-0.375
-0.45
0.402256
1.2
0
0.4
0.7
1
0.455
0.89
0.419952
0.5
0.735
0.08
0.454863
0.5
0
-0.955
0.12
0
0.4
-0.398008
1.41273
0.525
0.99
0.505
1.3
0.645
0.75
0.725
1.05
0.615
0.38
0.815
0.18
0.775
-0.13
1.235
-0.16
-0.695
-0.55
-0.525
-1.28
-0.075
-1.42
0.224833
-1.41001
-0.428356
0.877866
-0.239455
1.08924
0.363757
1.07291
0.374991
0.872773
0.380609
0.772706
0.391842
0.57257
0.408695
0.272369
0.419929
0.0722356
0.425547
-0.0278318
0.436782
-0.227966
-0.160812
-0.311704
-0.266496
-0.217254
-0.372181
-0.122805
0.065
-1.39
0.430465
2
-0.445
-1.07
0.334246
1.5
-0.375
-0.45
0.402256
1.2
0
0.4
0.7
1
0.455
0.89
0.419952
0.5
0.735
0.08
0.454863
0.5
0
-0.955
0.12
0
0.4
-0.398008
1.41273
0.505
1.04
0.44505
1.32773
0.685
0.79
0.681993
1.09627
0.615
0.38
0.815
0.18
0.715
-0.08
1.105
-0.12
-0.635
-0.59
-0.415
-1.28
-0.035
-1.48
0.264833
-1.47001
-0.428356
0.877866
-0.239455
1.08924
0.363757
1.07291
0.374991
0.872773
0.380609
0.772706
0.391842
0.57257
0.408695
0.272369
0.419929
0.0722356
0.425547
-0.0278318
0.436782
-0.227966
-0.160812
-0.311704
-0.266496
-0.217254
-0.372181
-0.122805
0.065
-1.39
0.430465
2
-0.445
-1.07
0.334246
1.5
-0.375
-0.45
0.402256
1.2
0
0.4
0.7
1
0.455
0.89
0.419952
0.5
0.735
0.08
0.454863
0.5
0
-0.955
0.12
0
0.4
-0.398008
1.41273
0.495
1.045
0.438855
1.32956
0.705
0.81
0.703497
1.11814
0.62
0.415
0.825
0.235
0.68
-0.025
1.02
-0.135
-0.595
-0.62
-0.4
-1.335
-0.08
-1.515
0.219833
-1.50501
-0.428356
0.877866
-0.239455
1.08924
0.363757
1.07291
0.374991
0.872773
0.380609
0.772706
0.391842
0.57257
0.408695
0.272369
0.419929
0.0722356
0.425547
-0.0278318
0.436782
-0.227966
-0.160812
-0.311704
-0.266496
-0.217254
-0.372181
-0.122805
0.065
-1.39
0.430465
2
-0.445
-1.07
0.334246
1.5
-0.375
-0.45
0.402256
1.2
0
0.4
0.7
1
0.455
0.89
0.419952
0.5
0.735
0.08
0.454863
0.5
0
-0.955
0.12
0
0.4
-0.398008
1.41273
0.49
1.0475
0.435757
1.33048
0.715
0.82
0.714248
1.12907
0.6225
0.4325
0.83
0.2625
0.6625
0.0025
0.9775
-0.1425
-0.575
-0.635
-0.3925
-1.3625
-0.1025
-1.5325
0.197333
-1.52251
-0.428356
0.877866
-0.239455
1.08924
0.363757
1.07291
0.374991
0.872773
0.380609
0.772706
0.391842
0.57257
0.408695
0.272369
0.419929
0.0722356
0.425547
-0.0278318
0.436782
-0.227966
-0.160812
-0.311704
-0.266496
-0.217254
-0.372181
-0.122805
0.065
-1.39
0.430465
2
-0.445
-1.07
0.334246
1.5
-0.375
-0.45
0.402256
1.2
0
0.4
0.7
1
0.455
0.89
0.419952
0.5
0.735
0.08
0.454863
0.5
0
-0.955
0.12
0
0.4
-0.398008
1.41273
0.4875
1.04875
0.434208
1.33093
0.72
0.825
0.719624
1.13453
0.62375
0.44125
0.8325
0.27625
0.65375
0.01625
0.95625
-0.14625
-0.565
-0.6425
-0.38875
-1.37625
-0.11375
-1.54125
0.186083
-1.53126
-0.428356
0.877866
-0.239455
1.08924
0.363757
1.07291
0.374991
0.872773
0.380609
0.772706
0.391842
0.57257
0.408695
0.272369
0.419929
0.0722356
0.425547
-0.0278318
0.436782
-0.227966
-0.160812
-0.311704
-0.266496
-0.217254
-0.372181
-0.122805
0.065
-1.39
0.430465
2
-0.445
-1.07
0.334246
1.5
-0.375
-0.45
0.402256
1.2
0
0.4
0.7
1
0.455
0.89
0.419952
0.5
0.735
0.08
0.454863
0.5
0
-0.955
0.12
0
0.4
-0.398008
1.41273
0.485
1.05
0.43266
1.33139
0.725
0.83
0.725
1.14
0.625
0.45
0.835
0.29
0.645
0.03
0.935
-0.15
-0.555
-0.65
-0.385
-1.39
-0.125
-1.55
0.174833
-1.54001
-0.428356
0.877866
-0.239455
1.08924
0.363757
1.07291
0.374991
0.872773
0.380609
0.772706
0.391842
0.57257
0.408695
0.272369
0.419929
0.0722356
0.425547
-0.0278318
0.436782
-0.227966
-0.160812
-0.311704
-0.266496
-0.217254
-0.372181
-0.122805
0.065
-1.39
0.430465
2
-0.445
-1.07
0.334246
1.5
-0.375
-0.45
0.402256
1.2
0
0.4
0.7
1
0.455
0.89
0.419952
0.5
0.735
0.08
0.454863
0.5
0
-0.936134
0.080684
0
0.4
-0.44478
1.38183
0.45125
1.0625
0.407952
1.33372
0.6875
0.835
0.695
1.14
0.6425
0.425
0.865
0.24375
0.66125
0.01625
0.92125
-0.18375
-0.5425
-0.6625
-0.40375
-1.45125
-0.11125
-1.61125
0.187841
-1.61006
-0.44785
0.851164
-0.271624
1.06979
0.325953
1.08403
0.347152
0.886607
0.357752
0.787895
0.37895
0.590468
0.41075
0.294331
0.43195
0.0969063
0.44255
-0.00180654
0.46375
-0.199231
-0.123225
-0.312187
-0.232537
-0.224074
-0.341851
-0.135962
0.07125
-1.47375
0.430465
2
-0.43875
-1.11375
0.334246
1.5
-0.3525
-0.46875
0.402256
1.2
0
0.4
0.7
1
0.445499
0.946209
0.419952
0.5
0.73375
0.055
0.454863
0.5
0
-0.917269
0.041368
0
0.4
-0.491552
1.35093
0.4175
1.075
0.383245
1.33604
0.65
0.84
0.665
1.14
0.66
0.4
0.895
0.1975
0.6775
0.0025
0.9075
-0.2175
-0.53
-0.675
-0.4225
-1.5125
-0.0975
-1.6725
0.200848
-1.68011
-0.467344
0.824461
-0.303792
1.05034
0.288149
1.09516
0.319312
0.900441
0.334895
0.803084
0.366059
0.608366
0.412806
0.316292
0.44397
0.121577
0.459553
0.0242187
0.490718
-0.170497
-0.0856391
-0.31267
-0.198579
-0.230894
-0.31152
-0.149119
0.0775
-1.5575
0.430465
2
-0.4325
-1.1575
0.334246
1.5
-0.33
-0.4875
0.402256
1.2
0
0.4
0.7
1
0.435997
1.00242
0.419952
0.5
0.7325
0.03
0.454863
0.5
0
-0.898403
0.002052
0
0.4
-0.538324
1.32003
0.38375
1.0875
0.358537
1.33837
0.6125
0.845
0.635
1.14
0.6775
0.375
0.925
0.15125
0.69375
-0.01125
0.89375
-0.25125
-0.5175
-0.6875
-0.44125
-1.57375
-0.08375
-1.73375
0.213855
-1.75017
-0.486838
0.797758
-0.33596
1.0309
0.250345
1.10628
0.291473
0.914276
0.312038
0.818273
0.353167
0.626264
0.414861
0.338254
0.455991
0.146248
0.476556
0.0502439
0.517685
-0.141763
-0.0480529
-0.313153
-0.164621
-0.237714
-0.28119
-0.162276
0.08375
-1.64125
0.430465
2
-0.42625
-1.20125
0.362599
1.5
-0.3075
-0.50625
0.402256
1.2
0
0.4
0.7
1
0.426496
1.05863
0.419952
0.5
0.73125
0.005
0.454863
0.5
0
-0.879537
-0.037264
0
0.4
-0.585096
1.28913
0.35
1.1
0.33383
1.3407
0.575
0.85
0.605
1.14
0.695
0.35
0.955
0.105
0.71
-0.025
0.88
-0.285
-0.505
-0.7
-0.46
-1.635
-0.07
-1.795
0.226862
-1.82022
-0.506332
0.771056
-0.368128
1.01145
0.212541
1.11741
0.263634
0.92811
0.289181
0.833462
0.340275
0.644162
0.416917
0.360216
0.468011
0.170918
0.493558
0.0762691
0.544653
-0.113028
-0.0104668
-0.313636
-0.130663
-0.244534
-0.250859
-0.175433
0.09
-1.725
0.430465
2
-0.42
-1.245
0.355317
1.5
-0.285
-0.525
0.402256
1.2
0
0.4
0.7
1
0.416995
1.11484
0.419952
0.5
0.73
-0.02
0.454863
0.5
0
-0.860672
-0.07658
0
0.4
-0.631869
1.25823
0.31625
1.1125
0.309122
1.34302
0.5375
0.855
0.575
1.14
0.7125
0.325
0.985
0.05875
0.72625
-0.03875
0.86625
-0.31875
-0.4925
-0.7125
-0.47875
-1.69625
-0.05625
-1.85625
0.239869
-1.89028
-0.525827
0.744354
-0.400296
0.992003
0.174736
1.12853
0.235795
0.941944
0.266324
0.848651
0.327383
0.66206
0.418972
0.382177
0.480032
0.195589
0.510561
0.102294
0.571621
-0.084294
0.0271194
-0.314119
-0.0967043
-0.251355
-0.220529
-0.188591
0.09625
-1.80875
0.430465
2
-0.41375
-1.28875
0.368854
1.5
-0.2625
-0.54375
0.402256
1.2
0
0.4
0.7
1
0.407493
1.17104
0.419952
0.5
0.72875
-0.045
0.454863
0.5
0
-0.841806
-0.115896
0
0.4
-0.678641
1.22733
0.2825
1.125
0.284415
1.34535
0.5
0.86
0.545
1.14
0.73
0.3
1.015
0.0125
0.7425
-0.0525
0.8525
-0.3525
-0.48
-0.725
-0.4975
-1.7575
-0.0425
-1.9175
0.252877
-1.96033
-0.545321
0.717651
-0.432465
0.972556
0.136932
1.13966
0.207955
0.955778
0.243468
0.86384
0.314492
0.679958
0.421028
0.404139
0.492052
0.22026
0.527564
0.12832
0.598589
-0.0555597
0.0647056
-0.314603
-0.062746
-0.258175
-0.190199
-0.201748
0.1025
-1.8925
0.430465
2
-0.4075
-1.3325
0.373915
1.5
-0.24
-0.5625
0.402256
1.2
0
0.4
0.7
1
0.397992
1.22725
0.419952
0.5
0.7275
-0.07
0.454863
0.5
0
-0.822941
-0.155212
0
0.4
-0.725413
1.19643
0.24875
1.1375
0.259707
1.34767
0.4625
0.865
0.515
1.14
0.7475
0.275
1.045
-0.03375
0.75875
-0.06625
0.83875
-0.38625
-0.4675
-0.7375
-0.51625
-1.81875
-0.02875
-1.97875
0.265884
-2.03039
-0.564815
0.690948
-0.464633
0.953109
0.099128
1.15078
0.180116
0.969613
0.220611
0.879029
0.3016
0.697856
0.423083
0.4261
0.504073
0.24493
0.544567
0.154345
0.625556
-0.0268254
0.102292
-0.315086
-0.0287877
-0.264995
-0.159868
-0.214905
0.10875
-1.97625
0.430465
2
-0.40125
-1.37625
0.436295
1.5
-0.2175
-0.58125
0.402256
1.2
0
0.4
0.7
1
0.38849
1.28346
0.419952
0.5
0.72625
-0.095
0.454863
0.5
0
-0.804075
-0.194528
0
0.4
-0.772185
1.16553
0.215
1.15
0.235
1.35
0.425
0.87
0.485
1.14
0.765
0.25
1.075
-0.08
0.775
-0.08
0.825
-0.42
-0.455
-0.75
-0.535
-1.88
-0.015
-2.04
0.278891
-2.10044
-0.584309
0.664246
-0.496801
0.933662
0.0613238
1.16191
0.152277
0.983447
0.197754
0.894218
0.288708
0.715754
0.425139
0.448062
0.516093
0.269601
0.56157
0.18037
0.652524
0.00190893
0.139878
-0.315569
0.00517054
-0.271815
-0.129538
-0.228062
0.115
-2.06
0.393954
2
-0.395
-1.42
0.455412
1.5
-0.195
-0.6
0.460435
1.2
0
0.4
0.7
1
0.378989
1.33967
0.419952
0.5
0.725
-0.12
0.454863
0.5
0
