25
10
15
13
6
0.145
-0.27
0.475
0.48
-0.577206
0.761492
0.22244
1.28598
-0.021756
1.6276
0.828644
1.20765
1.105
1.63
1.2982
0.83915
1.975
0.69
1.50487
0.36102
1.965
0.48
0.852258
-0.566406
1.535
-0.86
2.095
-0.28
2.24135
-0.018117
-0.159305
0.384577
-0.23214
0.658398
0.112671
1.15326
0.285999
1.05276
0.372662
1.00252
0.545991
0.902025
0.805981
0.751285
0.979309
0.650793
1.06597
0.600546
1.2393
0.500054
0.981153
-0.0450526
0.844243
-0.0814694
0.707333
-0.117888
2.175
-0.19
0.495782
2
1.515
-0.61
0.380789
1.5
0.905
-0.3
0.400714
1.2
0.475
0.48
0.7
1
0.555
1.31
0.677422
0.5
1.595
0.55
0.505371
0.5
0
-0.035
-0.15
0.475
0.48
-0.451726
1.05284
0.465
1.27
0.515
1.63
0.865
1.04
1.225
1.3
1.36699
0.586783
1.97228
0.248885
1.42716
0.0692544
1.90218
0.0506203
0.534805
-0.631005
1.10416
-1.10897
1.80769
-0.7148
2.02333
-0.506132
-0.160061
0.571391
-0.150917
0.854656
0.321963
1.22929
0.459022
1.08308
0.527553
1.00998
0.664615
0.863774
0.870204
0.644467
1.00726
0.498263
1.07579
0.425161
1.21286
0.278957
0.808507
-0.168776
0.666874
-0.164204
0.525242
-0.159633
1.88058
-0.611386
0.495782
2
1.15704
-0.863746
0.380789
1.5
0.662095
-0.39103
0.400714
1.2
0.475
0.48
0.7
1
0.790812
1.25195
0.677422
0.5
1.535
0.26
0.505371
0.5
0
-0.115
-0.13
0.475
0.48
-0.383258
1.15185
0.552229
1.26662
0.64167
1.61906
0.92458
0.993788
1.31123
1.21259
1.37371
0.487751
1.93828
0.0849792
1.37644
-0.0334817
1.8467
-0.104426
0.411872
-0.631301
0.925251
-1.16938
1.66829
-0.855076
1.90573
-0.671389
-0.146373
0.640948
-0.106024
0.921597
0.405511
1.24192
0.525659
1.08142
0.585736
1.00117
0.705886
0.840674
0.88611
0.599925
1.00626
0.439427
1.06633
0.359178
1.18648
0.198679
0.735025
-0.201896
0.594701
-0.181722
0.454376
-0.161548
1.75218
-0.760293
0.495782
2
1.0049
-0.931383
0.380789
1.5
0.56492
-0.406733
0.400714
1.2
0.475
0.48
0.7
1
0.874201
1.21272
0.677422
0.5
1.53354
0.105143
0.505371
0.5
0
-0.205
0.00999999
0.475
0.48
-0.229487
1.31146
0.709734
1.23462
0.885
1.44
0.935
0.92
1.305
1.08
1.35657
0.305803
1.82791
-0.202778
1.2538
-0.205126
1.69992
-0.369715
0.125
-0.57
0.415
-1.3
1.175
-1.21
1.4642
-1.13022
-0.100878
0.763284
-0.00460145
1.02993
0.561076
1.24011
0.646255
1.05865
0.68885
0.967922
0.774034
0.786461
0.901807
0.514271
0.98699
0.332812
1.02958
0.242083
1.11476
0.0606225
0.591681
-0.240293
0.458359
-0.192154
0.325037
-0.144017
1.375
-1.17
0.495782
2
0.585
-1.04
0.380789
1.5
0.383684
-0.406456
0.400714
1.2
0.475
0.48
0.7
1
1.0141
1.11672
0.677422
0.5
1.43567
-0.101165
0.505371
0.5
0
-0.385
0.13
0.475
0.48
0.000412703
1.46135
0.890905
1.15224
1.11198
1.30737
1.005
0.76
1.365
0.86
1.28532
0.0910101
1.61477
-0.519352
1.05813
-0.378179
1.4491
-0.649063
-0.195
-0.39
-0.255
-1.24
0.485
-1.49
0.774198
-1.56978
-0.0119913
0.898268
0.147883
1.13247
0.748293
1.19471
0.785453
0.997663
0.80404
0.89915
0.841205
0.702109
0.896951
0.406551
0.934116
0.209513
0.952696
0.110995
0.989863
-0.0860452
0.408039
-0.246801
0.290937
-0.166864
0.173834
-0.0869285
0.635
-1.56
0.495782
2
0.015
-1.06
0.380789
1.5
-0.055
-0.38
0.400714
1.2
0.475
0.48
0.7
1
1.15624
0.961998
0.677422
0.5
1.265
-0.25
0.505371
0.5
0
-0.518151
0.363159
0.475
0.48
0.33763
1.56177
1.08356
0.984949
1.34262
1.06162
1.06678
0.576652
1.44002
0.556781
1.11946
-0.147035
1.2374
-0.830779
0.754537
-0.519561
1.03898
-0.900995
-0.405
0.06
-0.935
-0.73
-0.345
-1.3
-0.145
-1.49
0.146468
1.03178
0.372688
1.20293
0.96186
1.07065
0.934319
0.871966
0.920557
0.772629
0.893022
0.573942
0.851718
0.275916
0.824182
0.0772325
0.810412
-0.0221072
0.782879
-0.220794
0.179942
-0.187861
0.0943672
-0.0747505
0.00879139
0.0383583
-0.305
-1.36
0.495782
2
-0.575
-0.64
0.380789
1.5
-0.225
-0.13
0.400714
1.2
0.475
0.48
0.7
1
1.27456
0.720013
0.677422
0.5
0.963805
-0.531567
0.505371
0.5
0
-0.505216
0.677928
0.475
0.48
0.705936
1.54607
1.21725
0.753449
1.48714
0.739432
1.06536
0.373949
1.315
0.25
0.873877
-0.326165
0.757255
-1.01035
0.405549
-0.555909
0.54671
-1.01045
-0.505
0.45
-1.375
0.01
-0.891579
-0.925577
-0.755
-1.14
0.349019
1.1099
0.619417
1.19594
1.13102
0.874841
1.03884
0.696624
0.992753
0.607517
0.900571
0.429299
0.762298
0.161974
0.670116
-0.0162417
0.624024
-0.105347
0.531843
-0.283566
-0.0258528
-0.0515777
-0.06887
0.0836218
-0.111889
0.21882
-0.845
-0.94
0.495782
2
-1.025
-0.18
0.380789
1.5
-0.525
0.18
0.400714
1.2
0.475
0.48
0.7
1
1.3091
0.439922
0.677422
0.5
0.675
-0.54
0.505371
0.5
0
-0.387416
0.986201
0.475
0.48
1.07103
1.39407
1.26627
0.470886
1.51353
0.361538
0.988971
0.170345
1.1781
-0.0345319
0.560326
-0.415743
0.20733
-1.01364
0.0406632
-0.463465
0.0105038
-0.938654
-0.451674
0.801445
-1.42175
0.700447
-1.30355
-0.346404
-1.25236
-0.595524
0.581884
1.11368
0.865298
1.09766
1.22897
0.615096
1.07925
0.481398
1.0044
0.414547
0.854687
0.280845
0.630115
0.0802963
0.480401
-0.0534032
0.405544
-0.12025
0.255829
-0.253953
-0.182701
0.161764
-0.174694
0.303471
-0.166688
0.445178
-1.265
-0.42
0.495782
2
-1.205
0.3
0.380789
1.5
-0.515
0.51
0.400714
1.2
0.475
0.48
0.7
1
1.24031
0.145087
0.677422
0.5
0.295
-0.5
0.505371
0.5
0
-0.251468
1.1672
0.475
0.48
1.28747
1.20904
1.23725
0.266444
1.44788
0.0968008
0.891526
0.0477844
1.02127
-0.199127
0.32567
-0.40764
-0.170144
-0.894052
-0.188832
-0.319286
-0.340934
-0.77066
-0.337273
1.0304
-1.30079
1.18382
-1.45746
0.141658
-1.47246
-0.112315
0.742252
1.06467
1.01197
0.975857
1.23852
0.415447
1.05925
0.324996
0.969625
0.279765
0.790361
0.189308
0.521462
0.0536269
0.342196
-0.0368275
0.252564
-0.082052
0.0732973
-0.17251
-0.242886
0.342672
-0.198481
0.477533
-0.154077
0.612394
-1.495
0.09
0.495782
2
-1.105
0.79
0.424382
1.5
-0.455
0.78
0.394462
1.2
0.475
0.48
0.7
1
1.12786
-0.0416597
0.677422
0.5
-0.0795636
-0.498424
0.505371
0.5
0
-0.155249
1.25639
0.475
0.48
1.39281
1.0714
1.194
0.148424
1.37517
-0.0524617
0.817947
-0.0127988
0.906994
-0.27719
0.315
-0.38
0.175
-0.88
-0.307137
-0.204301
-0.528809
-0.626006
-0.240083
1.15216
-1.16738
1.45621
-1.48709
0.45176
-1.5421
0.203307
0.831495
1.01512
1.08382
0.884712
1.21885
0.295381
1.02748
0.234428
0.931801
0.203946
0.740438
0.142987
0.453391
0.051553
0.262026
-0.0094029
0.166346
-0.0398783
-0.0250203
-0.100838
-0.255734
0.458016
-0.190529
0.584176
-0.125327
0.710338
-1.565
0.43
0.495782
2
-1.005
1.06
0.458803
1.5
-0.355
0.91
0.400714
1.2
0.475
0.48
0.7
1
1.0372
-0.138547
0.677422
0.5
-0.045
-0.45
0.523927
0.5
1
2.605
-0.12
2.32562
-0.707107
-0.707107
0.4
0.3
1.3
0
-0.126577
1.27881
0.475
0.48
1.41628
1.03337
1.17986
0.119272
1.35267
-0.0888658
0.797512
-0.0264369
0.875671
-0.294261
0.275
-0.41
0.167506
-0.814048
-0.33451
-0.171756
-0.595
-0.53
-0.212013
1.18088
-1.12613
1.52263
-1.385
0.55
-1.45014
0.303996
0.853104
1.00011
1.09989
0.859481
1.2107
0.265095
1.01699
0.21202
0.920143
0.185477
0.726438
0.132396
0.435879
0.0527787
0.242173
-0.000299424
0.145322
-0.0268359
-0.0483855
-0.0799172
-0.25605
0.48793
-0.185737
0.611322
-0.115424
0.734715
-1.445
0.51
0.495782
2
-0.975
1.01
0.380789
1.5
-0.385
0.96
0.400714
1.2
0.475
0.48
0.7
1
1.01144
-0.161055
0.677422
0.5
-0.095
-0.44
0.526118
0.5
0
-0.005
1.34
0.475
0.48
1.49093
0.880614
1.11542
0.0141525
1.205
-0.17
0.715025
-0.0704505
0.735
-0.3
0.155
-0.33
-0.035
-0.66
-0.429047
0.011008
-0.725
-0.23
0.015
1.23
-0.785
1.81
-1.225
0.82
-1.305
0.59
0.929331
0.935181
1.15133
0.757923
1.16853
0.153443
0.968898
0.131079
0.869091
0.119889
0.669462
0.097517
0.370018
0.0639637
0.170389
0.0415949
0.0705763
0.0304126
-0.129055
0.00804093
-0.246073
0.601336
-0.157443
0.712335
-0.0688143
0.823335
-1.285
0.78
0.495782
2
-0.765
1.31
0.380789
1.5
-0.215
1.18
0.400714
1.2
0.475
0.48
0.7
1
0.935
-0.05
0.451774
0.5
-0.225
-0.22
0.542033
0.5
0
0.0669515
1.38981
0.435
0.46
1.50001
0.7023
0.997639
-0.0974795
1.00052
-0.274128
0.623229
-0.0949531
0.591446
-0.302566
0.0560709
-0.230724
-0.160428
-0.521357
-0.529752
0.133166
-0.783558
-0.0313593
0.158405
1.23084
-0.522724
2.0029
-1.05429
1.04213
-1.13168
0.801022
0.953058
0.841244
1.1457
0.632401
1.07122
0.0321902
0.870475
0.0402941
0.770108
0.0443372
0.569363
0.0524333
0.268245
0.0645821
0.0674993
0.0726812
-0.032871
0.0767324
-0.233619
0.0848292
-0.259512
0.68909
-0.15509
0.785414
-0.0506688
0.881738
-1.035
1.08
0.495782
2
-0.545
1.48
0.380789
1.5
-0.055
1.23
0.400714
1.2
0.435
0.46
0.7
1
0.805
-0.08
0.363125
0.5
-0.375
-0.16
0.505371
0.5
0
0.385601
1.45957
0.415
0.46
1.49203
0.275805
0.721314
-0.270767
0.656286
-0.435112
0.376289
-0.124961
0.267363
-0.304638
-0.188388
0.0495746
-0.562094
-0.120362
-0.575378
0.448305
-0.904678
0.411574
0.290602
1.2047
0.262001
2.18043
-0.633501
1.58789
-0.856418
1.44207
1.03983
0.613794
1.13782
0.346981
0.839001
-0.179135
0.656595
-0.0947218
0.565395
-0.0525256
0.382989
0.03188
0.10938
0.158493
-0.0730258
0.242901
-0.164226
0.285106
-0.346635
0.369513
-0.139015
0.937834
-0.00560769
0.986833
0.127799
1.03583
-0.735
1.56
0.495782
2
-0.085
1.78
0.380789
1.5
0.135
1.34
0.400714
1.2
0.415
0.46
0.7
1
0.485
-0.21
0.467737
0.5
-0.495
0.19
0.505371
0.5
0
0.776719
1.39008
0.385
0.47
1.2491
-0.199709
0.311355
-0.319361
0.176567
-0.433832
0.0754077
-0.0281927
-0.105352
-0.13553
-0.395
0.45
-0.735
0.57
-0.505
0.85
-0.735
1.01
0.625805
1.18601
1.05996
2.06087
-0.0095979
1.9594
-0.275053
1.93562
1.00902
0.311586
0.969913
0.0298974
0.458395
-0.293877
0.337107
-0.133473
0.276461
-0.0532822
0.155168
0.107116
-0.0267679
0.347717
-0.148058
0.508117
-0.208701
0.588316
-0.329994
0.748716
0.120879
1.15269
0.261725
1.13313
0.402571
1.11358
-0.205
1.98
0.495782
2
0.425
1.96
0.380789
1.5
0.585
1.45
0.400714
1.2
0.385
0.47
0.7
1
0.185
-0.15
0.496261
0.5
-0.475
0.65
0.505371
0.5
0
1.025
1.13
0.345
0.46
0.827624
-0.52157
-0.067913
-0.217244
-0.239358
-0.260945
-0.152127
0.148135
-0.361765
0.131039
-0.335
0.7
-0.635
0.99
-0.345
1.03
-0.475
1.34
0.795
1.14
1.395
1.67
0.885
2.01
0.635926
2.10522
0.83638
0.0435066
0.677498
-0.192538
0.075461
-0.258919
0.0368845
-0.0614526
0.0175885
0.0372724
-0.0209951
0.234737
-0.0788665
0.530934
-0.117447
0.728399
-0.136736
0.82713
-0.175319
1.0246
0.407427
1.18971
0.52545
1.11027
0.643475
1.03083
0.705
2
0.495782
2
1.045
1.78
0.380789
1.5
0.935
1.33
0.400714
1.2
0.345
0.46
0.78
1
-0.165
-0.05
0.351462
0.5
-0.415
1.04
0.408044
0.5
0
1.165
0.84
0.305
0.46
0.344961
-0.633599
-0.348695
0.0100629
-0.52313
0.0401611
-0.276403
0.378169
-0.474857
0.448164
-0.195
0.92
-0.345
1.28
-0.0924394
1.26238
-0.0845802
1.5986
0.925
0.96
1.585
1.22
1.625
1.66
1.575
1.93
0.583718
-0.121065
0.34221
-0.271773
-0.234764
-0.0865504
-0.189359
0.109558
-0.166667
0.207608
-0.12127
0.403717
-0.0531689
0.69788
-0.00776842
0.893989
0.0149322
0.992041
0.0603307
1.18815
0.660005
1.10098
0.73536
0.980226
0.810716
0.859472
1.615
1.79
0.495782
2
1.455
1.27
0.380789
1.5
0.985
0.99
0.400714
1.2
0.305
0.46
0.7
1
-0.325
0.21
0.413987
0.5
-0.145
1.34
0.422019
0.5
0
1.28378
0.509444
0.285
0.46
-0.143823
-0.547585
-0.498446
0.330408
-0.643652
0.431844
-0.276436
0.633102
-0.426434
0.78089
0.0276966
1.08928
0.085
1.49
0.305
1.34
0.515
1.61
1.05921
0.649268
1.735
0.67
2.125
0.87
2.25133
1.1421
0.290384
-0.184851
0.00754064
-0.218669
-0.436328
0.194448
-0.31181
0.352778
-0.249563
0.431943
-0.125052
0.590277
0.0617189
0.827775
0.186233
0.986106
0.248488
1.06527
0.373
1.2236
0.879123
0.889649
0.896034
0.748228
0.912944
0.606805
2.155
1.02
0.495782
2
1.715
0.68
0.380789
1.5
1.085
0.64
0.400714
1.2
0.285
0.46
0.7
1
-0.415
0.48
0.399631
0.5
0.265
1.41
0.401995
0.5
0
1.195
0.25
0.245
0.45
-0.450284
-0.396316
-0.555
0.61
-0.785
0.81
-0.265
0.82
-0.435
1.06
0.175233
1.12642
0.343063
1.49489
0.511979
1.28897
0.789557
1.48899
1.04136
0.41366
1.705
0.19
2.225
0.15
2.46593
0.328754
0.0685956
-0.170431
-0.212394
-0.123248
-0.522088
0.398235
-0.357997
0.515136
-0.275963
0.57359
-0.111877
0.690496
0.134254
0.865853
0.298342
0.982755
0.380383
1.0412
0.54447
1.15811
0.936204
0.69508
0.912614
0.554586
0.889024
0.414089
2.285
0.27
0.495782
2
1.675
0.24
0.380789
1.5
1.13796
0.519338
0.400714
1.2
0.245
0.45
0.7
1
-0.481655
0.868399
0.430232
0.5
0.495
1.32
0.443069
0.5
0
1.075
-0.05
0.215
0.45
-0.732252
-0.100591
-0.465
0.95
-0.635
1.25
-0.125
1.05
-0.245
1.38
0.415
1.12
0.795
1.39
0.805
1.14
1.135
1.17
0.948832
0.137889
1.595
-0.47
1.985
-0.63
2.27326
-0.546553
-0.166983
-0.0700082
-0.413913
0.072327
-0.52215
0.669299
-0.327514
0.721592
-0.230205
0.747745
-0.0355724
0.800045
0.256378
0.878491
0.451012
0.930786
0.548326
0.956933
0.742959
1.00923
0.948509
0.438411
0.877343
0.314947
0.806177
0.19148
2.095
-0.57
0.495782
2
1.445
-0.29
0.380789
1.5
0.995
0.09
0.400714
1.2
0.215
0.45
0.7
1
-0.320094
1.09592
0.409588
0.5
0.845
1.21
0.405702
0.5
0
0.911469
-0.2472
0.185
0.44
-0.875325
0.162443
-0.475
1.1
-0.761442
1.48539
-0.105
1.18
-0.293232
1.56425
0.556897
1.03241
0.995388
1.19111
0.9382
0.947443
1.26434
0.88815
0.808978
-0.0570341
1.26939
-0.815763
1.60257
-1.07425
1.90276
-1.07087
-0.322233
0.0408226
-0.522224
0.24404
-0.466988
0.848451
-0.265382
0.846833
-0.164585
0.846033
0.0370202
0.844422
0.339429
0.842003
0.541033
0.840387
0.641832
0.839579
0.843437
0.837968
0.889
0.232754
0.787393
0.132758
0.685785
0.0327604
1.765
-1.09
0.495782
2
1.245
-0.68
0.380789
1.5
0.895
-0.14
0.400714
1.2
0.185
0.44
0.7
1
-0.385
1.25
0.528388
0.5
0.945
1
0.422966
0.5
0
0.696246
-0.400864
0.155
0.44
-0.94118
0.459739
-0.355
1.26
-0.615
1.68
0.025
1.25
-0.115184
1.65434
0.673479
0.909802
1.13869
0.943931
1.01766
0.724766
1.31567
0.579388
0.621325
-0.207525
0.859303
-1.06278
1.11018
-1.40188
1.40017
-1.47988
-0.441497
0.19291
-0.579072
0.442734
-0.362276
1.0098
-0.168575
0.953675
-0.071729
0.925621
0.121973
0.869498
0.412526
0.785311
0.606225
0.729183
0.703071
0.70112
0.896772
0.644997
0.776824
0.0498676
0.651913
-0.0189206
0.527002
-0.0877106
1.215
-1.48
0.495782
2
0.875
-0.88
0.380789
1.5
0.764278
-0.217664
0.400714
1.2
0.155
0.44
0.7
1
-0.265
1.4
0.508923
0.5
1.025
0.75
0.405015
0.5
0
0.458982
-0.498976
0.115
0.44
-0.940092
0.739696
-0.215
1.34
-0.385
1.84
0.155
1.3
0.035
1.76
0.736696
0.761635
1.105
0.72
1.02219
0.494578
1.27319
0.277693
0.400238
-0.305611
0.411462
-1.19367
0.567284
-1.58584
0.827772
-1.73551
-0.525139
0.353726
-0.59424
0.630555
-0.23941
1.12349
-0.0664451
1.01962
0.0200359
0.967695
0.193004
0.863833
0.452454
0.708036
0.625417
0.60417
0.711895
0.552239
0.884862
0.448376
0.616514
-0.0964844
0.478101
-0.131036
0.339687
-0.165589
0.705
-1.69
0.43
2
0.505
-1.06
0.380789
1.5
0.535897
-0.352009
0.400714
1.2
0.115
0.44
0.7
1
-0.085
1.48
0.553263
0.5
1.065
0.48
0.471262
0.5
0
0.245
-0.52
0.045
0.42
-0.944345
0.894751
-0.153633
1.33654
-0.323979
1.8038
0.265
1.3
0.295
1.79
0.712607
0.631486
1.06866
0.527858
0.948718
0.319673
1.15934
0.0631894
0.00500002
-0.69
-0.015
-1.66
0.215
-1.82
0.497728
-1.92032
-0.600802
0.443702
-0.621897
0.728382
-0.188301
1.1541
-0.0354145
1.0223
0.0410293
0.956414
0.19392
0.824624
0.423253
0.626935
0.576136
0.49514
0.652577
0.429245
0.805465
0.297454
0.448314
-0.194156
0.305976
-0.204705
0.163636
-0.215255
0.305
-1.83
0.495782
2
0.085
-1.12
0.380789
1.5
0.325415
-0.432393
0.400714
1.2
0.045
0.42
0.7
1
-0.005
1.43
0.60407
0.5
0.945
0.37
0.450999
0.5
0
-0.7048
-0.309406
0
0.4
-0.856164
1.07263
0.085
1.24
-0.005
1.65
0.445
1.17
0.445
1.68
0.715
0.56
1.08782
0.444612
0.815
0.25
1.055
-0.02
-0.065
-0.71
-0.085
-1.66
0.135
-2.03
0.434833
-2.03999
-0.620426
0.56186
-0.57963
0.842138
-0.0680835
1.16123
0.051657
1.00069
0.111527
0.920423
0.231268
0.759884
0.410879
0.519079
0.53062
0.358543
0.590491
0.278274
0.710231
0.117738
0.258556
-0.281619
0.118418
-0.261221
-0.0217212
-0.240824
0.285
-2.01
0.378021
2
0.005
-1.33
0.380789
1.5
0.005
-0.6
0.400714
1.2
0
0.4
0.7
1
0.215
1.39
0.419952
0.5
0.855
0.29
0.403113
0.5
0
