39
10
15
13
6
-0.698405
-0.299962
0
0.4
-0.881123
1.00807
0.085
1.155
0.1
1.34
0.305
0.905
0.345
1.16
0.745
0.44
1.105
0.21
0.82
0.045
0.935
-0.225
-0.31
-0.795
-0.215
-1.855
0.355
-1.875
0.650318
-1.88263
-0.612124
0.554803
-0.574022
0.831093
-0.0726599
1.14907
0.0464325
0.991877
0.105979
0.913281
0.225072
0.756083
0.403711
0.520289
0.522804
0.363094
0.582351
0.284496
0.701444
0.127301
0.25963
-0.269277
0.121486
-0.250225
-0.0166589
-0.231175
0.505
-1.89
0.430116
2
-0.0672942
-1.43242
0.455412
1.5
-0.0156205
-0.603007
0.460435
1.2
0
0.4
0.7
1
0.204402
1.37643
0.419952
0.5
0.792823
0.0217124
0.454863
0.5
0
-0.592736
-0.405397
0
0.4
-0.990061
0.85062
-0.045
1.16
-0.035
1.33
0.185
0.94
0.205
1.18
0.725
0.63
1.155
0.49
0.865
0.17
1.045
-0.06
-0.165
-0.84
0.105
-1.83
0.725
-1.71
1.02174
-1.66481
-0.63994
0.44536
-0.651242
0.728523
-0.206644
1.13624
-0.0594121
1.00031
0.0142032
0.932345
0.161436
0.796411
0.382284
0.592517
0.529515
0.456587
0.603131
0.388622
0.750363
0.252693
0.379382
-0.222986
0.237801
-0.228636
0.0962202
-0.234288
0.915
-1.64
0.393954
2
0.255
-1.46
0.364006
1.5
0.135
-0.68
0.460435
1.2
0
0.4
0.7
1
0.0298148
1.4132
0.419952
0.5
0.925
0.29
0.454863
0.5
0
-0.537639
-0.440635
0
0.4
-1.02448
0.727949
-0.123204
1.13295
-0.126382
1.29269
0.118482
0.938748
0.137382
1.15176
0.680859
0.739098
1.13256
0.680607
0.88556
0.207899
1.08866
-0.0292669
-0.068463
-0.857537
0.261207
-1.64818
0.897346
-1.47953
1.13746
-1.34415
-0.639079
0.389117
-0.675031
0.669158
-0.2694
1.11264
-0.111404
0.990593
-0.0324068
0.929573
0.125591
0.807525
0.362585
0.62446
0.520581
0.502417
0.599579
0.441395
0.757576
0.319351
0.430943
-0.185149
0.290923
-0.203124
0.150903
-0.221102
1.085
-1.38
0.393954
2
0.355
-1.25
0.43909
1.5
0.185
-0.51
0.361248
1.2
0
0.4
0.7
1
-0.035
1.04
0.419952
0.5
0.935
0.38
0.478539
0.5
0
-0.397156
-0.513015
0
0.4
-1.06513
0.469528
-0.279571
1.07362
-0.309717
1.21211
-0.0102332
0.936424
-0.00757229
1.10633
0.53825
0.901875
0.9686
1.05139
0.898299
0.319645
1.17205
0.0605343
0.230002
-0.839354
0.69272
-1.3135
1.25407
-0.959442
1.37672
-0.699811
-0.622199
0.260702
-0.713706
0.527068
-0.406683
1.04202
-0.227747
0.954592
-0.13828
0.910878
0.0406578
0.823444
0.309061
0.6923
0.487997
0.60487
0.577465
0.561156
0.756401
0.473727
0.538846
-0.084939
0.405663
-0.130691
0.27248
-0.176445
1.345
-0.82
0.393954
2
0.745
-1.02
0.455412
1.5
0.445
-0.5
0.460435
1.2
0
0.4
0.7
1
-0.185
0.97
0.419952
0.5
0.885
0.56
0.642573
0.5
0
-0.31177
-0.550158
0
0.4
-1.07135
0.333777
-0.357734
1.04135
-0.40167
1.16884
-0.0724313
0.935352
-0.084908
1.08915
0.439782
0.955554
0.827085
1.23157
0.890477
0.393494
1.21178
0.119602
0.43193
-0.803635
0.968025
-1.16064
1.43844
-0.669823
1.50026
-0.376132
-0.606181
0.188531
-0.728591
0.444345
-0.481209
0.995007
-0.292098
0.928304
-0.197544
0.894954
-0.00842998
0.828248
0.275236
0.728197
0.464347
0.661495
0.558902
0.628144
0.748014
0.561444
0.595187
-0.0225655
0.467281
-0.0837696
0.339375
-0.144975
1.515
-0.51
0.393954
2
0.985
-0.88
0.455412
1.5
0.455
-0.35
0.460435
1.2
0
0.4
0.7
1
-0.205
0.93
0.419952
0.5
0.885
0.67
0.661287
0.5
0
-0.31177
-0.550158
0
0.4
-1.05894
0.301283
-0.345
1.06
-0.405
1.23
-0.025
0.96
-0.075
1.16
0.345
0.97
0.535
1.33
0.911543
0.273681
1.225
0.14
0.455
-0.75
1.185
-0.93
1.475
-0.38
1.49371
-0.0805842
-0.606181
0.188531
-0.728591
0.444345
-0.481209
0.995007
-0.292098
0.928304
-0.197544
0.894954
-0.00842998
0.828248
0.275236
0.728197
0.464347
0.661495
0.558902
0.628144
0.748014
0.561444
0.595187
-0.0225655
0.467281
-0.0837696
0.339375
-0.144975
1.195
-0.24
0.565685
2
0.565
-0.37
0.455412
1.5
1.015
0.3
0.380526
1.2
0
0.4
0.7
1
-0.245
1.05
0.321454
0.5
0.465
1.17
0.290689
0.5
0
-0.213385
-0.565079
0
0.4
-1.03454
0.183874
-0.412978
1.03842
-0.548516
1.19597
-0.0758911
0.966182
-0.197902
1.15941
0.223453
0.984496
0.25446
1.35538
0.934083
0.416156
1.24893
0.446555
0.585464
-0.720553
1.32414
-0.778411
1.47525
-0.242265
1.41515
0.0404062
-0.574846
0.123275
-0.724377
0.362148
-0.541814
0.933589
-0.347612
0.888917
-0.250513
0.866581
-0.0563083
0.821906
0.234993
0.7549
0.429194
0.710229
0.526295
0.687893
0.720497
0.643223
0.635033
0.0494501
0.515597
-0.0253142
0.396161
-0.10008
1.255
-0.15
0.451221
2
0.805
-0.27
0.490917
1.5
1.025
0.44
0.351283
1.2
0
0.4
0.7
1
-0.355
0.97
0.419952
0.5
0.295
1.18
0.320156
0.5
0
-0.115
-0.58
0
0.4
-1.01013
0.0664654
-0.486968
1.03263
-0.720274
1.14646
-0.136337
0.986772
-0.341854
1.17411
0.0926795
1.00174
-0.0508095
1.38557
0.961004
0.571278
1.2359
0.789833
0.738196
-0.660829
1.44872
-0.597616
1.48288
-0.065897
1.36602
0.207469
-0.543511
0.0580183
-0.720163
0.279952
-0.602419
0.872171
-0.403127
0.849529
-0.303482
0.838209
-0.104187
0.815564
0.19475
0.781603
0.394042
0.758962
0.493688
0.747642
0.692979
0.725002
0.67488
0.121466
0.563913
0.0331412
0.452947
-0.0551849
1.375
0.04
0.45
2
1.175
-0.42
0.361718
1.5
0.695
-0.2
0.339559
1.2
0
0.4
0.7
1
-0.305
1.07
0.496488
0.5
0.995
0.72
0.308641
0.5
0
-0.115
-0.58
0
0.4
-1.01013
0.0664654
-0.492978
1.04842
-0.748516
1.13097
-0.145891
1.00118
-0.362902
1.18941
0.083453
1.0045
-0.0755397
1.39038
0.965385
0.583926
1.19893
0.826555
0.760464
-0.630553
1.43414
-0.568411
1.49025
-0.0272646
1.39545
0.253542
-0.543511
0.0580183
-0.720163
0.279952
-0.602419
0.872171
-0.403127
0.849529
-0.303482
0.838209
-0.104187
0.815564
0.19475
0.781603
0.394042
0.758962
0.493688
0.747642
0.692979
0.725002
0.67488
0.121466
0.563913
0.0331412
0.452947
-0.0551849
1.435
0.12
0.393954
2
1.245
-0.33
0.334216
1.5
0.735
-0.23
0.375745
1.2
0
0.4
0.7
1
-0.325
1.03
0.522015
0.5
1.015
0.7
0.333663
0.5
0
-0.115
-0.58
0
0.4
-1.01013
0.0664654
-0.498989
1.06421
-0.776758
1.11549
-0.155446
1.01559
-0.383951
1.2047
0.0742265
1.00725
-0.10027
1.39519
0.969765
0.596575
1.16197
0.863277
0.782732
-0.600276
1.41957
-0.539205
1.49763
0.0113677
1.42488
0.299614
-0.543511
0.0580183
-0.720163
0.279952
-0.602419
0.872171
-0.403127
0.849529
-0.303482
0.838209
-0.104187
0.815564
0.19475
0.781603
0.394042
0.758962
0.493688
0.747642
0.692979
0.725002
0.67488
0.121466
0.563913
0.0331412
0.452947
-0.0551849
1.425
0.18
0.393954
2
1.235
-0.34
0.347201
1.5
0.745
-0.21
0.354071
1.2
0
0.4
0.7
1
-0.325
1.08
0.496588
0.5
0.945
0.71
0.335253
0.5
0
-0.115
-0.58
0
0.4
-1.01013
0.0664654
-0.505
1.08
-0.805
1.1
-0.165
1.03
-0.405
1.22
0.065
1.01
-0.125
1.4
0.974146
0.609223
1.115
0.91
0.805
-0.57
1.405
-0.51
1.505
0.05
1.45431
0.345687
-0.543511
0.0580183
-0.720163
0.279952
-0.602419
0.872171
-0.403127
0.849529
-0.303482
0.838209
-0.104187
0.815564
0.19475
0.781603
0.394042
0.758962
0.493688
0.747642
0.692979
0.725002
0.67488
0.121466
0.563913
0.0331412
0.452947
-0.0551849
1.425
0.15
0.442832
2
1.185
-0.32
0.319459
1.5
0.705
-0.18
0.339447
1.2
0
0.4
0.7
1
-0.345
1.11
0.500899
0.5
0.975
0.76
0.322457
0.5
0
0.015
-0.49
0
0.4
-0.963071
-0.0524781
-0.645
0.95
-0.945
0.87
-0.345
0.98
-0.715
1.16
-0.055
1
-0.331746
1.3075
0.939458
0.899276
0.965
1.38
0.985
-0.37
1.535
-0.16
1.605
0.39
1.59501
0.689833
-0.498681
-0.00485128
-0.700747
0.194334
-0.654915
0.796572
-0.454289
0.798012
-0.353978
0.798732
-0.153349
0.800169
0.147587
0.80233
0.348212
0.803771
0.448524
0.804491
0.649149
0.805932
0.703627
0.204418
0.604034
0.103386
0.504442
0.00235245
1.595
0.56
0.442832
2
1.375
-0.07
0.319459
1.5
0.769727
-0.0913374
0.339447
1.2
0
0.4
0.7
1
-0.495
0.93
0.500899
0.5
0.845
1.05
0.322457
0.5
2
0.895
2.17
0.494975
0
1
1.6
0.4
1
0
0.755
0.84
1.08462
0.287348
0.957826
1.6
0.4
1
0
0.015
-0.49
0
0.4
-0.963071
-0.0524781
-0.645
0.95
-0.945
0.87
-0.345
0.98
-0.715
1.16
-0.055
1
-0.331746
1.3075
0.925973
0.945074
0.945
1.47
0.985
-0.37
1.535
-0.16
1.605
0.39
1.59501
0.689833
-0.498681
-0.00485128
-0.700747
0.194334
-0.654915
0.796572
-0.454289
0.798012
-0.353978
0.798732
-0.153349
0.800169
0.147587
0.80233
0.348212
0.803771
0.448524
0.804491
0.649149
0.805932
0.703627
0.204418
0.604034
0.103386
0.504442
0.00235245
1.605
0.545
0.442832
2
1.375
-0.07
0.319459
1.5
0.769727
-0.0913374
0.339447
1.2
0
0.4
0.7
1
-0.495
0.93
0.500899
0.5
0.825
1.14
0.374833
0.5
2
0.885
1.81
0.5004
0
1
1.6
0.4
1
0
0.715
0.39
1.26321
0.287348
0.957826
1.6
0.4
1
0
0.015
-0.49
0
0.4
-0.963071
-0.0524781
-0.645
0.95
-0.945
0.87
-0.345
0.98
-0.715
1.16
-0.055
1
-0.331746
1.3075
0.912488
0.990871
0.925
1.56
0.985
-0.37
1.535
-0.16
1.605
0.39
1.59501
0.689833
-0.498681
-0.00485128
-0.700747
0.194334
-0.654915
0.796572
-0.454289
0.798012
-0.353978
0.798732
-0.153349
0.800169
0.147587
0.80233
0.348212
0.803771
0.448524
0.804491
0.649149
0.805932
0.703627
0.204418
0.604034
0.103386
0.504442
0.00235245
1.615
0.53
0.442832
2
1.375
-0.07
0.319459
1.5
0.769727
-0.0913374
0.339447
1.2
0
0.4
0.7
1
-0.495
0.93
0.500899
0.5
0.805
1.23
0.431856
0.5
2
0.905
1.77
0.534509
0
1
1.6
0.4
1
0
0.555
0.33
1.40513
0.287348
0.957826
1.6
0.4
1
0
0.03
-0.45
0
0.4
-0.952489
-0.0738331
-0.657015
0.9353
-0.955084
0.848619
-0.357827
0.972004
-0.731685
1.14363
-0.0684101
0.998488
-0.351912
1.29965
0.887744
1.03254
0.905
1.66
1.00178
-0.347584
1.54682
-0.125365
1.60448
0.425945
1.58777
0.725415
-0.489382
-0.0158293
-0.695814
0.178738
-0.663489
0.781721
-0.46299
0.787653
-0.362742
0.790619
-0.162239
0.796548
0.138509
0.805447
0.339008
0.81138
0.439257
0.814346
0.639756
0.820279
0.707678
0.220265
0.610395
0.11705
0.513112
0.013834
1.61134
0.566104
0.442832
2
1.38488
-0.0389903
0.319459
1.5
0.78037
-0.0738716
0.339447
1.2
0
0.4
0.7
1
-0.506637
0.918668
0.500899
0.5
0.795
1.285
0.436492
0.5
2
0.865
1.78
0.436807
0
1
1.6
0.4
1
0
0.575
0.36
1.37004
0.287348
0.957826
1.6
0.4
1
0
0.045
-0.41
0
0.4
-0.941908
-0.0951881
-0.66903
0.9206
-0.965167
0.827239
-0.370654
0.964008
-0.74837
1.12727
-0.0818203
0.996977
-0.372079
1.2918
0.863001
1.0742
0.885
1.76
1.01857
-0.325167
1.55865
-0.0907308
1.60395
0.461891
1.58054
0.760997
-0.480083
-0.0268074
-0.690882
0.163142
-0.672064
0.766871
-0.471691
0.777295
-0.371505
0.782507
-0.171128
0.792928
0.129431
0.808565
0.329803
0.818989
0.42999
0.824201
0.630363
0.834626
0.711729
0.236113
0.616755
0.130715
0.521781
0.0253156
1.60767
0.602208
0.442832
2
1.39477
-0.00798053
0.319459
1.5
0.791014
-0.0564058
0.339447
1.2
0
0.4
0.7
1
-0.518275
0.907336
0.500899
0.5
0.785
1.34
0.451774
0.5
2
0.855
1.94
0.4
0
1
1.6
0.4
1
0
0.655
0.41
1.45169
0.287348
0.957826
1.6
0.4
1
0
0.065
-0.4
0
0.4
-0.926905
-0.120293
-0.698023
0.89795
-0.971931
0.769486
-0.40674
0.960506
-0.802528
1.09045
-0.110115
0.992733
-0.430309
1.27385
0.828966
1.1131
0.84061
1.82739
1.04267
-0.258875
1.54024
-0.0205481
1.58921
0.551418
1.5638
0.850336
-0.46765
-0.0393415
-0.683345
0.144538
-0.681124
0.747877
-0.481337
0.763784
-0.381445
0.771738
-0.181654
0.787642
0.118025
0.811503
0.31781
0.827411
0.417704
0.835364
0.61749
0.851273
0.715159
0.25589
0.623219
0.148044
0.53128
0.0401967
1.59971
0.646023
0.465307
2
1.40387
0.0309073
0.319459
1.5
0.802352
-0.0340137
0.339447
1.2
0
0.4
0.7
1
-0.531419
0.892352
0.512054
0.5
0.758026
1.36013
0.535629
0.5
0
0.075
-0.395
0
0.4
-0.919404
-0.132846
-0.745
0.86
-0.965192
0.662126
-0.495
0.99
-0.925
1.04
-0.195
1.05
-0.585
1.31
0.811949
1.13255
0.818415
1.86108
1.035
-0.14
1.505
0.05
1.575
0.69
1.54859
0.988823
-0.461434
-0.0456085
-0.679577
0.135236
-0.685653
0.73838
-0.48616
0.757029
-0.386414
0.766353
-0.186917
0.784999
0.112322
0.812973
0.311814
0.831621
0.41156
0.840946
0.611053
0.859596
0.716874
0.265779
0.626451
0.156709
0.536029
0.0476372
1.555
0.79
0.520096
2
1.305
0.13
0.319459
1.5
0.815
0.11
0.339447
1.2
0
0.4
0.7
1
-0.537992
0.88486
0.555907
0.5
0.744539
1.3702
0.590755
0.5
0
0.085
-0.39
0
0.4
-0.911903
-0.145398
-0.805
0.8
-1.045
0.58
-0.535
1
-1.035
0.98
-0.225
1.07
-0.685
1.35
0.776166
1.18201
0.775
1.91
1.06678
-0.192584
1.52182
0.0496346
1.57447
0.640945
1.54707
0.939674
-0.455217
-0.0518756
-0.675809
0.125934
-0.690183
0.728884
-0.490983
0.750274
-0.391384
0.760969
-0.19218
0.782356
0.106619
0.814442
0.305818
0.835832
0.405417
0.846528
0.604617
0.867919
0.718588
0.275668
0.629683
0.165373
0.540779
0.0550778
1.565
0.79
0.455412
2
1.385
0.21
0.319459
1.5
0.825
0.04
0.339447
1.2
0
0.4
0.7
1
-0.544564
0.877368
0.594689
0.5
0.755
1.45
0.539868
0.5
0
0.095
-0.385
0
0.4
-0.904401
-0.157951
-0.795
0.77
-1.045
0.52
-0.555
1.02
-1.075
0.94
-0.255
1.11
-0.845
1.33
0.777914
1.17144
0.774025
1.92847
1.105
-0.08
1.475
0.2
1.555
0.82
1.52659
1.11863
-0.449001
-0.0581426
-0.67204
0.116632
-0.694712
0.719387
-0.495806
0.743519
-0.396354
0.755584
-0.197443
0.779713
0.100915
0.815912
0.299821
0.840043
0.399274
0.852109
0.59818
0.876242
0.720303
0.285556
0.632915
0.174038
0.545529
0.0625184
1.545
0.98
0.530094
2
1.395
0.27
0.319459
1.5
0.885
0.14
0.339447
1.2
0
0.4
0.7
1
-0.615
0.84
0.588022
0.5
0.717566
1.39033
0.551102
0.5
0
0.105
-0.38
0
0.4
-0.8969
-0.170503
-0.815
0.73
-1.035
0.46
-0.545
0.97
-1.115
0.85
-0.280511
1.14728
-1.035
1.18
0.760897
1.19089
0.75183
1.96216
1.085
0.09
1.545
0.35
1.565
1.11
1.52868
1.40779
-0.442784
-0.0644097
-0.668272
0.10733
-0.699242
0.70989
-0.500629
0.736763
-0.401323
0.7502
-0.202706
0.77707
0.0952123
0.817381
0.293825
0.844254
0.393131
0.857691
0.591744
0.884565
0.722018
0.295445
0.636148
0.182703
0.550278
0.0699589
1.555
1.26
0.460977
2
1.395
0.52
0.423792
1.5
0.905
0.15
0.339447
1.2
0
0.4
0.7
1
-0.635
0.75
0.620081
0.5
0.665
1.52
0.541978
0.5
0
0.115
-0.375
0
0.4
-0.889399
-0.183055
-0.795
0.68
-1.025
0.36
-0.645
0.96
-1.195
0.66
-0.324286
1.09952
-1.12402
1.11998
0.743879
1.21034
0.729635
1.99586
1.075
0.2
1.555
0.56
1.545
1.26
1.51459
1.55845
-0.436568
-0.0706767
-0.664504
0.0980283
-0.703772
0.700393
-0.505452
0.730008
-0.406293
0.744815
-0.207969
0.774428
0.0895092
0.81885
0.287828
0.848465
0.386988
0.863273
0.585307
0.892888
0.723732
0.305334
0.63938
0.191367
0.555028
0.0773995
1.505
1.35
0.471275
2
1.425
0.63
0.319459
1.5
0.965
0.28
0.339447
1.2
0
0.4
0.7
1
-0.735
0.78
0.519412
0.5
0.690592
1.41046
0.56335
0.5
0
0.125
-0.37
0
0.4
-0.881897
-0.195608
-0.845
0.7
-1.005
0.26
-0.765
0.97
-1.175
0.59
-0.340985
1.08405
-1.14089
1.07148
0.726862
1.22979
0.707439
2.02955
1.175
0.25
1.595
0.57
1.525
1.52
1.49359
1.81835
-0.430351
-0.0769438
-0.660735
0.0887264
-0.708301
0.690897
-0.510275
0.723253
-0.411263
0.739431
-0.213232
0.771785
0.0838062
0.82032
0.281832
0.852676
0.380845
0.868854
0.578871
0.901212
0.725447
0.315222
0.642612
0.200032
0.559777
0.08484
1.505
1.61
0.460435
2
1.445
0.82
0.453982
1.5
1.005
0.27
0.462709
1.2
0
0.4
0.866098
1
-0.835
0.77
0.500899
0.5
0.625
1.5
0.492443
0.5
0
0.09
-0.36
0
0.4
-0.925925
-0.132922
-0.82
0.745
-1.03
0.37
-0.715
1.005
-1.1576
0.731619
-0.287992
1.11702
-1.02294
1.20074
0.745931
1.16989
0.74122
1.94978
1.16529
0.194614
1.59954
0.493991
1.57474
1.44521
1.55755
1.74439
-0.452017
-0.0554837
-0.674036
0.120745
-0.692943
0.723841
-0.493819
0.746736
-0.394259
0.758183
-0.195132
0.781075
0.103552
0.815417
0.302675
0.838312
0.402236
0.84976
0.601359
0.872655
0.719825
0.28101
0.63171
0.170002
0.543597
0.058992
1.55905
1.53596
0.460435
2
1.46172
0.750552
0.453982
1.5
0.996616
0.222631
0.462709
1.2
0
0.4
0.866098
1
-0.815611
0.808778
0.500899
0.5
0.675781
1.46793
0.492443
0.5
0
0.055
-0.35
0
0.4
-0.969952
-0.0702359
-0.795
0.79
-1.055
0.48
-0.665
1.04
-1.14021
0.873239
-0.235
1.15
-0.905
1.33
0.765
1.11
0.775
1.87
1.15558
0.139228
1.60408
0.417983
1.62448
1.37043
1.62151
1.67044
-0.473683
-0.0340236
-0.687337
0.152764
-0.677585
0.756786
-0.477364
0.770218
-0.377255
0.776935
-0.177031
0.790365
0.123298
0.810515
0.323518
0.823948
0.423628
0.830665
0.623848
0.844099
0.714203
0.246797
0.620809
0.139971
0.527416
0.0331439
1.61311
1.46193
0.460435
2
1.47845
0.681104
0.453982
1.5
0.988232
0.175262
0.462709
1.2
-0.015
0.39
0.866098
1
-0.655
0.94
0.500899
0.5
0.765
1.42
0.492443
0.5
0
0.015
-0.35
0
0.4
-0.992644
-0.0162481
-0.755
0.84
-1.07
0.61
-0.565
1.045
-1.0426
0.996619
-0.145
1.145
-0.76
1.385
0.78
1.035
0.795
1.755
1.11029
0.00961405
1.60954
0.253991
1.65474
1.20021
1.66805
1.49951
-0.495852
-0.00706425
-0.698753
0.190771
-0.656259
0.792508
-0.455892
0.79504
-0.35571
0.796306
-0.155339
0.798835
0.145211
0.802633
0.345577
0.805165
0.44576
0.806431
0.646127
0.808964
0.703815
0.208496
0.604898
0.107047
0.505981
0.00559731
1.66603
1.37133
0.460435
2
1.4894
0.60008
0.453982
1.5
0.973168
0.122303
0.462709
1.2
0
0.4
0.866098
1
-0.605
0.96
0.500899
0.5
0.780646
1.39344
0.492443
0.5
0
-0.025
-0.35
0
0.4
-1.01534
0.0377396
-0.715
0.89
-1.085
0.74
-0.465
1.05
-0.945
1.12
-0.055
1.14
-0.615
1.44
0.795
0.96
0.815
1.64
1.065
-0.12
1.615
0.09
1.685
1.03
1.7146
1.32859
-0.518022
0.0198951
-0.710168
0.228779
-0.634934
0.828231
-0.43442
0.819861
-0.334164
0.815677
-0.133647
0.807304
0.167123
0.794751
0.367636
0.786381
0.467893
0.782197
0.668407
0.773829
0.693428
0.170195
0.588987
0.0741237
0.484545
-0.0219493
1.705
1.2
0.460435
2
1.555
0.4
0.371214
1.5
0.958103
0.0693432
0.350377
1.2
0
0.4
0.866098
1
-0.525
0.99
0.500899
0.5
0.834732
1.35101
0.492443
0.5
0
-0.075
-0.35
0
0.4
-1.04504
0.136599
-0.655
0.94
-1.02
0.9
-0.37
1.045
-0.815
1.2
0.05
1.125
-0.45
1.45
0.83
0.885
0.86
1.525
0.99
-0.235
1.565
-0.075
1.755
0.795
1.8052
1.0901
-0.541933
0.0577046
-0.718646
0.27893
-0.602136
0.870275
-0.403167
0.848018
-0.303684
0.83689
-0.104712
0.814629
0.193739
0.781244
0.392707
0.758988
0.492191
0.747859
0.691159
0.725603
0.674132
0.123134
0.563519
0.0347791
0.452907
-0.0535774
1.785
0.94
0.460435
2
1.475
0.23
0.341414
1.5
0.930529
0.00438266
0.404681
1.2
0
0.4
0.866098
1
-0.445
0.99
0.500899
0.5
0.896776
1.28846
0.492443
0.5
0
-0.125
-0.35
0
0.4
-1.07474
0.235457
-0.595
0.99
-0.955
1.06
-0.275
1.04
-0.685
1.28
0.155
1.11
-0.285
1.46
0.865
0.81
0.905
1.41
0.915
-0.35
1.515
-0.24
1.825
0.56
1.89579
0.851608
-0.565845
0.0955142
-0.727125
0.329082
-0.569338
0.912319
-0.371915
0.876174
-0.273205
0.858102
-0.0757784
0.821954
0.220355
0.767738
0.417778
0.731594
0.516489
0.713522
0.713912
0.677378
0.654836
0.0760731
0.538052
-0.00456542
0.421269
-0.0852056
1.865
0.67
0.460435
2
1.465
0
0.376563
1.5
0.902955
-0.0605779
0.31787
1.2
0
0.4
0.866098
1
-0.345
1
0.500899
0.5
0.958821
1.22591
0.492443
0.5
0
-0.19
-0.35
0
0.4
-1.07927
0.314498
-0.52
1.05
-0.795
1.195
-0.2
1.035
-0.51
1.32
0.235
1.045
-0.11
1.45
0.875
0.715
0.965
1.27
0.86
-0.395
1.445
-0.33
1.865
0.265
1.9599
0.548552
-0.587507
0.145444
-0.727923
0.390958
-0.522037
0.956716
-0.329072
0.904167
-0.232592
0.877892
-0.0396247
0.825339
0.249821
0.746516
0.442784
0.693968
0.539266
0.667693
0.73223
0.615145
0.622824
0.0231157
0.500068
-0.0470909
0.377312
-0.117299
1.935
0.42
0.460435
2
1.405
-0.04
0.453982
1.5
0.85764
-0.133502
0.462709
1.2
0
0.4
0.816471
1
-0.205
0.94
0.567274
0.5
1.02169
1.13909
0.492443
0.5
0
-0.255
-0.35
0
0.4
-1.0838
0.393539
-0.445
1.11
-0.635
1.33
-0.125
1.03
-0.335
1.36
0.315
0.98
0.065
1.44
0.885
0.62
1.025
1.13
0.805
-0.44
1.375
-0.42
1.905
-0.03
2.02401
0.245497
-0.609169
0.195374
-0.728721
0.452833
-0.474735
1.00111
-0.28623
0.93216
-0.191979
0.897683
-0.00347102
0.828725
0.279286
0.725295
0.46779
0.656341
0.562042
0.621865
0.750547
0.552912
0.590813
-0.0298417
0.462084
-0.0896163
0.333355
-0.149393
1.955
0.11
0.460435
2
1.415
-0.33
0.362353
1.5
0.775
-0.3
0.334614
1.2
0.045
0.37
0.751665
1
-0.095
1
0.573847
0.5
0.945
0.79
0.329848
0.5
0
-0.305
-0.3
0
0.4
-1.07919
0.501745
-0.335
1.13
-0.465
1.35
-0.035
1.03
-0.125
1.34
0.395
0.85
0.235
1.34
0.855
0.5
1.015
0.9
0.695
-0.54
1.395
-0.72
1.905
-0.48
2.05093
-0.217718
-0.626636
0.257168
-0.719911
0.52531
-0.412434
1.04558
-0.231726
0.958146
-0.141373
0.914429
0.0393367
0.826991
0.310398
0.695841
0.491105
0.608407
0.581459
0.564691
0.762167
0.477258
0.545044
-0.0867248
0.410973
-0.133361
0.276902
-0.179999
1.875
-0.38
0.510392
2
1.285
-0.58
0.298726
1.5
0.715
-0.4
0.314223
1.2
0
0.4
0.749016
1
-0.015
0.86
0.65146
0.5
0.935
0.7
0.263328
0.5
0
-0.385
-0.28
0
0.4
-1.05628
0.61476
-0.245
1.145
-0.345
1.38
0.035
1.01
-0.01
1.305
0.45
0.78
0.445
1.235
0.86
0.39
1.03
0.735
0.56
-0.59
1.315
-0.9
1.78
-0.75
1.97137
-0.526768
-0.634692
0.325063
-0.698552
0.600054
-0.3395
1.08194
-0.170075
0.976376
-0.0853641
0.923594
0.0840623
0.818023
0.338199
0.659676
0.507623
0.554111
0.592335
0.501328
0.76176
0.395764
0.487421
-0.138902
0.349926
-0.170831
0.212431
-0.202762
1.945
-0.64
0.460435
2
1.255
-0.73
0.453982
1.5
0.667023
-0.355965
0.462709
1.2
0
0.4
0.742041
1
0.015
0.89
0.618439
0.5
0.885
0.58
0.306297
0.5
0
-0.465
-0.26
0
0.4
-1.03337
0.727774
-0.155
1.16
-0.225
1.41
0.105
0.99
0.105
1.27
0.505
0.71
0.655
1.13
0.865
0.28
1.045
0.57
0.425
-0.64
1.235
-1.08
1.655
-1.02
1.89181
-0.835818
-0.642747
0.392958
-0.677192
0.674798
-0.266566
1.1183
-0.108424
0.994606
-0.0293547
0.932758
0.128788
0.809056
0.366
0.623511
0.524141
0.499814
0.603212
0.437966
0.761354
0.31427
0.429799
-0.19108
0.28888
-0.208301
0.14796
-0.225524
1.755
-0.95
0.460435
2
1.105
-0.96
0.344094
1.5
0.575
-0.6
0.382667
1.2
0
0.4
0.765914
1
0.085
0.84
0.686586
0.5
0.925
0.43
0.261965
0.5
0
-0.55
-0.235
0
0.4
-0.989223
0.829625
-0.045
1.17
-0.14
1.415
0.195
0.97
0.195
1.25
0.55
0.645
0.795
0.985
0.885
0.195
1.12
0.45
0.325
-0.695
1.05
-1.29
1.43
-1.28
1.6831
-1.12186
-0.636774
0.458504
-0.642151
0.740918
-0.190622
1.13798
-0.0467269
0.999462
0.0252193
0.930203
0.169115
0.791679
0.384958
0.583902
0.528852
0.445384
0.6008
0.376126
0.744696
0.237608
0.365115
-0.228708
0.223909
-0.231395
0.0827022
-0.234085
1.575
-1.22
0.460435
2
0.895
-1.05
0.316527
1.5
0.425
-0.62
0.365658
1.2
-0.005
0.32
0.700446
1
-0.065
0.93
0.500899
0.5
0.795
0.53
0.492443
0.5
0
-0.635
-0.21
0
0.4
-0.945078
0.931475
0.065
1.18
-0.055
1.42
0.285
0.95
0.285
1.23
0.595
0.58
0.935
0.84
0.905
0.11
1.195
0.33
0.225
-0.75
0.865
-1.5
1.205
-1.54
1.4744
-1.4079
-0.6308
0.524049
-0.60711
0.807039
-0.114679
1.15766
0.0149703
1.00432
0.0797933
0.927648
0.209442
0.774302
0.403915
0.544294
0.533564
0.390955
0.598388
0.314285
0.728038
0.160947
0.300432
-0.266336
0.158939
-0.254489
0.0174441
-0.242645
1.295
-1.47
0.460435
2
0.635
-1.13
0.378759
1.5
0.275
-0.6
0.366404
1.2
0
0.4
0.742243
1
0.085
1.09
0.374263
0.5
0.895
0.48
0.424937
0.5
0
-0.675
-0.13
0
0.4
-0.879027
1.03501
0.155
1.08
0.125
1.39
0.415
0.87
0.415
1.2
0.655
0.44
1.095
0.45
0.875
-0.05
1.235
0.05
0.125
-0.83
0.575
-1.79
0.875
-1.88
1.15764
-1.77919
-0.612802
0.594603
-0.557259
0.873133
-0.0282767
1.16586
0.0832159
0.998821
0.138961
0.915303
0.250452
0.748261
0.417691
0.497708
0.529183
0.330673
0.584929
0.247155
0.696422
0.0801203
0.223188
-0.296116
0.0839247
-0.268344
-0.0553399
-0.240573
0.995
-1.79
0.460435
2
0.385
-1.26
0.39
1.5
0.155
-0.6
0.359525
1.2
0
0.4
0.730154
1
0.205
1.03
0.377394
0.5
0.885
0.24
0.425406
0.5
0
-0.707269
-0.146132
0
0.4
-0.852317
1.06764
0.17
1.0975
0.1525
1.38
0.4175
0.87
0.4325
1.185
0.6825
0.3925
1.0875
0.3175
0.85
-0.0575
1.1325
-0.0675
-0.02
-0.81
0.2975
-1.8125
0.6525
-1.92
0.937955
-1.8595
-0.605679
0.612014
-0.542144
0.888265
-0.0058766
1.16487
0.100481
0.994977
0.153659
0.910032
0.260016
0.740135
0.419553
0.485297
0.52591
0.315405
0.579089
0.230459
0.685447
0.0605674
0.202361
-0.300979
0.0642361
-0.269212
-0.0738894
-0.237445
0.785
-1.92
0.460435
2
0.225
-1.35
0.367696
1.5
0.085
-0.71
0.324276
1.2
0
0.4
0.746877
1
0.225
1.08
0.359043
0.5
0.945
0.13
0.349707
0.5
0
-0.739537
-0.162264
0
0.4
-0.825606
1.10027
0.185
1.115
0.18
1.37
0.42
0.87
0.45
1.17
0.71
0.345
1.08
0.185
0.825
-0.065
1.03
-0.185
-0.165
-0.79
0.02
-1.835
0.43
-1.96
0.718267
-1.93982
-0.598556
0.629425
-0.52703
0.903397
0.0165235
1.16388
0.117746
0.991134
0.168357
0.904761
0.26958
0.732008
0.421415
0.472885
0.522638
0.300137
0.573249
0.213763
0.674473
0.0410146
0.181533
-0.305843
0.0445476
-0.270079
-0.092439
-0.234318
0.555
-1.99
0.457056
2
0.075
-1.45
0.376431
1.5
-0.005
-0.65
0.430465
1.2
0
0.4
0.689366
1
0.235
1.05
0.350871
0.5
0.845
0.15
0.356715
0.5
0
