58
10
15
13
6
-0.804075
-0.194528
0
0.4
-0.772185
1.16553
0.215
1.15
0.235
1.35
0.425
0.87
0.485
1.14
0.765
0.25
1.055
-0.07
0.775
-0.08
0.825
-0.42
-0.455
-0.75
-0.535
-1.88
-0.015
-2.04
0.278891
-2.10044
-0.584309
0.664246
-0.496801
0.933662
0.0613238
1.16191
0.152277
0.983447
0.197754
0.894218
0.288708
0.715754
0.425139
0.448062
0.516093
0.269601
0.56157
0.18037
0.652524
0.00190893
0.139878
-0.315569
0.00517054
-0.271815
-0.129538
-0.228062
0.115
-2.06
0.393954
2
-0.395
-1.42
0.455412
1.5
-0.195
-0.6
0.460435
1.2
0
0.4
0.7
1
0.378989
1.33967
0.419952
0.5
0.725
-0.12
0.454863
0.5
0
-0.789646
-0.212282
0
0.4
-0.792139
1.14311
0.2
1.1625
0.199413
1.36065
0.41
0.9025
0.4525
1.1875
0.72
0.3025
1.0075
0.0575
0.84968
-0.0223637
0.8975
-0.4225
-0.465
-0.7625
-0.4775
-1.8775
0.0525
-2
0.346309
-2.02988
-0.590725
0.647749
-0.510773
0.919177
0.0402327
1.16247
0.13597
0.986779
0.183839
0.898935
0.279577
0.723243
0.423184
0.459709
0.518921
0.284019
0.56679
0.196174
0.662528
0.0204848
0.159393
-0.310652
0.0236797
-0.270676
-0.112035
-0.2307
0.182633
-2.05318
0.393954
2
-0.34425
-1.42819
0.455412
1.5
-0.167148
-0.603891
0.460435
1.2
0
0.4
0.7
1
0.352527
1.34872
0.419952
0.5
0.738257
-0.0992456
0.454863
0.5
0
-0.775217
-0.230036
0
0.4
-0.812093
1.12069
0.185
1.175
0.163825
1.3713
0.395
0.935
0.42
1.235
0.675
0.355
0.94
0.185
0.924359
0.0352726
0.97
-0.425
-0.475
-0.775
-0.42
-1.875
0.12
-1.96
0.413728
-1.95932
-0.597142
0.631252
-0.524745
0.904692
0.0191416
1.16303
0.119663
0.99011
0.169923
0.903653
0.270445
0.730732
0.421228
0.471355
0.52175
0.298437
0.572011
0.211978
0.672532
0.0390606
0.178909
-0.305735
0.0421889
-0.269536
-0.0945318
-0.233339
0.275
-1.95
0.437379
2
-0.293501
-1.43637
0.455412
1.5
-0.139296
-0.607782
0.460435
1.2
0
0.4
0.7
1
0.326065
1.35777
0.419952
0.5
0.765
-0.05
0.454863
0.5
0
-0.760788
-0.247789
0
0.4
-0.832048
1.09827
0.17
1.1875
0.128238
1.38195
0.38
0.9675
0.3875
1.2825
0.63
0.4075
0.8725
0.3125
0.999039
0.0929089
1.0425
-0.4275
-0.485
-0.7875
-0.3625
-1.8725
0.1875
-1.92
0.481146
-1.88876
-0.603558
0.614755
-0.538717
0.890208
-0.0019495
1.16359
0.103355
0.993442
0.156008
0.90837
0.261314
0.738221
0.419273
0.483002
0.524578
0.312856
0.577231
0.227782
0.682537
0.0576364
0.198424
-0.300818
0.0606981
-0.268397
-0.0770286
-0.235977
0.315
-1.93
0.437379
2
-0.242751
-1.44456
0.455412
1.5
-0.111445
-0.611673
0.460435
1.2
0
0.4
0.7
1
0.299603
1.36683
0.419952
0.5
0.885
0
0.492544
0.5
0
-0.746359
-0.265543
0
0.4
-0.852002
1.07585
0.155
1.2
0.0926503
1.39259
0.365
1
0.355
1.33
0.585
0.46
0.805
0.44
1.07372
0.150545
1.125
-0.43
-0.495
-0.8
-0.305
-1.87
0.255
-1.88
0.548565
-1.8182
-0.609974
0.598258
-0.552689
0.875723
-0.0230406
1.16415
0.0870483
0.996773
0.142093
0.913088
0.252183
0.74571
0.417317
0.494648
0.527407
0.327274
0.582451
0.243586
0.692541
0.0762123
0.217939
-0.295901
0.0792073
-0.267258
-0.0595255
-0.238616
0.395
-1.86
0.431741
2
-0.192001
-1.45275
0.432345
1.5
-0.105
-0.59
0.460435
1.2
0
0.4
0.7
1
0.273141
1.37588
0.419952
0.5
0.778027
-0.0369826
0.57978
0.5
0
-0.746359
-0.265543
0
0.4
-0.852002
1.07585
0.155
1.2
0.0926503
1.39259
0.365
1
0.355
1.33
0.585
0.46
0.805
0.44
1.07372
0.150545
1.125
-0.43
-0.495
-0.8
-0.305
-1.87
0.255
-1.88
0.548565
-1.8182
-0.609974
0.598258
-0.552689
0.875723
-0.0230406
1.16415
0.0870483
0.996773
0.142093
0.913088
0.252183
0.74571
0.417317
0.494648
0.527407
0.327274
0.582451
0.243586
0.692541
0.0762123
0.217939
-0.295901
0.0792073
-0.267258
-0.0595255
-0.238616
0.395
-1.86
0.431741
2
-0.192001
-1.45275
0.432345
1.5
-0.105
-0.59
0.460435
1.2
0
0.4
0.7
1
0.273141
1.37588
0.419952
0.5
0.778027
-0.0369826
0.57978
0.5
0
-0.746359
-0.265543
0
0.4
-0.852002
1.07585
0.155
1.2
0.0926503
1.39259
0.365
1
0.355
1.33
0.585
0.46
0.805
0.44
1.07372
0.150545
1.125
-0.43
-0.495
-0.8
-0.305
-1.87
0.255
-1.88
0.548565
-1.8182
-0.609974
0.598258
-0.552689
0.875723
-0.0230406
1.16415
0.0870483
0.996773
0.142093
0.913088
0.252183
0.74571
0.417317
0.494648
0.527407
0.327274
0.582451
0.243586
0.692541
0.0762123
0.217939
-0.295901
0.0792073
-0.267258
-0.0595255
-0.238616
0.395
-1.86
0.431741
2
-0.192001
-1.45275
0.432345
1.5
-0.105
-0.59
0.460435
1.2
0
0.4
0.7
1
0.273141
1.37588
0.419952
0.5
0.778027
-0.0369826
0.57978
0.5
0
-0.746359
-0.265543
0
0.4
-0.852002
1.07585
0.155
1.2
0.0926503
1.39259
0.365
1
0.355
1.33
0.585
0.46
0.805
0.44
1.07372
0.150545
1.125
-0.43
-0.495
-0.8
-0.305
-1.87
0.255
-1.88
0.548565
-1.8182
-0.609974
0.598258
-0.552689
0.875723
-0.0230406
1.16415
0.0870483
0.996773
0.142093
0.913088
0.252183
0.74571
0.417317
0.494648
0.527407
0.327274
0.582451
0.243586
0.692541
0.0762123
0.217939
-0.295901
0.0792073
-0.267258
-0.0595255
-0.238616
0.395
-1.86
0.431741
2
-0.192001
-1.45275
0.432345
1.5
-0.105
-0.59
0.460435
1.2
0
0.4
0.7
1
0.273141
1.37588
0.419952
0.5
0.778027
-0.0369826
0.57978
0.5
0
-0.746359
-0.265543
0
0.4
-0.852002
1.07585
0.155
1.2
0.0926503
1.39259
0.365
1
0.355
1.33
0.585
0.46
0.805
0.44
1.07372
0.150545
1.125
-0.43
-0.495
-0.8
-0.305
-1.87
0.255
-1.88
0.548565
-1.8182
-0.609974
0.598258
-0.552689
0.875723
-0.0230406
1.16415
0.0870483
0.996773
0.142093
0.913088
0.252183
0.74571
0.417317
0.494648
0.527407
0.327274
0.582451
0.243586
0.692541
0.0762123
0.217939
-0.295901
0.0792073
-0.267258
-0.0595255
-0.238616
0.395
-1.86
0.431741
2
-0.192001
-1.45275
0.432345
1.5
-0.105
-0.59
0.460435
1.2
0
0.4
0.7
1
0.273141
1.37588
0.419952
0.5
0.778027
-0.0369826
0.57978
0.5
0
-0.746359
-0.265543
0
0.4
-0.852002
1.07585
0.155
1.2
0.0926503
1.39259
0.365
1
0.355
1.33
0.585
0.46
0.805
0.44
1.07372
0.150545
1.125
-0.43
-0.495
-0.8
-0.305
-1.87
0.255
-1.88
0.548565
-1.8182
-0.609974
0.598258
-0.552689
0.875723
-0.0230406
1.16415
0.0870483
0.996773
0.142093
0.913088
0.252183
0.74571
0.417317
0.494648
0.527407
0.327274
0.582451
0.243586
0.692541
0.0762123
0.217939
-0.295901
0.0792073
-0.267258
-0.0595255
-0.238616
0.395
-1.86
0.431741
2
-0.192001
-1.45275
0.432345
1.5
-0.105
-0.59
0.460435
1.2
0
0.4
0.7
1
0.273141
1.37588
0.419952
0.5
0.778027
-0.0369826
0.57978
0.5
0
-0.746359
-0.265543
0
0.4
-0.852002
1.07585
0.155
1.2
0.0926503
1.39259
0.365
1
0.355
1.33
0.585
0.46
0.805
0.44
1.07372
0.150545
1.125
-0.43
-0.495
-0.8
-0.305
-1.87
0.255
-1.88
0.548565
-1.8182
-0.609974
0.598258
-0.552689
0.875723
-0.0230406
1.16415
0.0870483
0.996773
0.142093
0.913088
0.252183
0.74571
0.417317
0.494648
0.527407
0.327274
0.582451
0.243586
0.692541
0.0762123
0.217939
-0.295901
0.0792073
-0.267258
-0.0595255
-0.238616
0.395
-1.86
0.431741
2
-0.192001
-1.45275
0.432345
1.5
-0.105
-0.59
0.460435
1.2
0
0.4
0.7
1
0.273141
1.37588
0.419952
0.5
0.778027
-0.0369826
0.57978
0.5
0
-0.746359
-0.265543
0
0.4
-0.852002
1.07585
0.155
1.2
0.0926503
1.39259
0.365
1
0.355
1.33
0.585
0.46
0.805
0.44
1.07372
0.150545
1.125
-0.43
-0.495
-0.8
-0.305
-1.87
0.255
-1.88
0.548565
-1.8182
-0.609974
0.598258
-0.552689
0.875723
-0.0230406
1.16415
0.0870483
0.996773
0.142093
0.913088
0.252183
0.74571
0.417317
0.494648
0.527407
0.327274
0.582451
0.243586
0.692541
0.0762123
0.217939
-0.295901
0.0792073
-0.267258
-0.0595255
-0.238616
0.395
-1.86
0.431741
2
-0.192001
-1.45275
0.432345
1.5
-0.105
-0.59
0.460435
1.2
0
0.4
0.7
1
0.273141
1.37588
0.419952
0.5
0.778027
-0.0369826
0.57978
0.5
0
-0.746359
-0.265543
0
0.4
-0.852002
1.07585
0.155
1.2
0.0926503
1.39259
0.365
1
0.355
1.33
0.585
0.46
0.805
0.44
1.07372
0.150545
1.125
-0.43
-0.495
-0.8
-0.305
-1.87
0.255
-1.88
0.548565
-1.8182
-0.609974
0.598258
-0.552689
0.875723
-0.0230406
1.16415
0.0870483
0.996773
0.142093
0.913088
0.252183
0.74571
0.417317
0.494648
0.527407
0.327274
0.582451
0.243586
0.692541
0.0762123
0.217939
-0.295901
0.0792073
-0.267258
-0.0595255
-0.238616
0.395
-1.86
0.431741
2
-0.192001
-1.45275
0.432345
1.5
-0.105
-0.59
0.460435
1.2
0
0.4
0.7
1
0.273141
1.37588
0.419952
0.5
0.778027
-0.0369826
0.57978
0.5
0
-0.746359
-0.265543
0
0.4
-0.852002
1.07585
0.155
1.2
0.0926503
1.39259
0.365
1
0.355
1.33
0.585
0.46
0.805
0.44
1.07372
0.150545
1.125
-0.43
-0.495
-0.8
-0.305
-1.87
0.255
-1.88
0.548565
-1.8182
-0.609974
0.598258
-0.552689
0.875723
-0.0230406
1.16415
0.0870483
0.996773
0.142093
0.913088
0.252183
0.74571
0.417317
0.494648
0.527407
0.327274
0.582451
0.243586
0.692541
0.0762123
0.217939
-0.295901
0.0792073
-0.267258
-0.0595255
-0.238616
0.395
-1.86
0.431741
2
-0.192001
-1.45275
0.432345
1.5
-0.105
-0.59
0.460435
1.2
0
0.4
0.7
1
0.273141
1.37588
0.419952
0.5
0.778027
-0.0369826
0.57978
0.5
0
-0.746359
-0.265543
0
0.4
-0.852002
1.07585
0.155
1.2
0.0926503
1.39259
0.365
1
0.355
1.33
0.585
0.46
0.805
0.44
1.07372
0.150545
1.125
-0.43
-0.495
-0.8
-0.305
-1.87
0.255
-1.88
0.548565
-1.8182
-0.609974
0.598258
-0.552689
0.875723
-0.0230406
1.16415
0.0870483
0.996773
0.142093
0.913088
0.252183
0.74571
0.417317
0.494648
0.527407
0.327274
0.582451
0.243586
0.692541
0.0762123
0.217939
-0.295901
0.0792073
-0.267258
-0.0595255
-0.238616
0.395
-1.86
0.431741
2
-0.192001
-1.45275
0.432345
1.5
-0.105
-0.59
0.460435
1.2
0
0.4
0.7
1
0.273141
1.37588
0.419952
0.5
0.778027
-0.0369826
0.57978
0.5
0
-0.746359
-0.265543
0
0.4
-0.852002
1.07585
0.155
1.2
0.0926503
1.39259
0.365
1
0.355
1.33
0.585
0.46
0.805
0.44
1.07372
0.150545
1.125
-0.43
-0.495
-0.8
-0.305
-1.87
0.255
-1.88
0.548565
-1.8182
-0.609974
0.598258
-0.552689
0.875723
-0.0230406
1.16415
0.0870483
0.996773
0.142093
0.913088
0.252183
0.74571
0.417317
0.494648
0.527407
0.327274
0.582451
0.243586
0.692541
0.0762123
0.217939
-0.295901
0.0792073
-0.267258
-0.0595255
-0.238616
0.395
-1.86
0.431741
2
-0.192001
-1.45275
0.432345
1.5
-0.105
-0.59
0.460435
1.2
0
0.4
0.7
1
0.273141
1.37588
0.419952
0.5
0.778027
-0.0369826
0.57978
0.5
0
-0.746359
-0.265543
0
0.4
-0.852002
1.07585
0.155
1.2
0.0926503
1.39259
0.365
1
0.355
1.33
0.585
0.46
0.805
0.44
1.07372
0.150545
1.125
-0.43
-0.495
-0.8
-0.305
-1.87
0.255
-1.88
0.548565
-1.8182
-0.609974
0.598258
-0.552689
0.875723
-0.0230406
1.16415
0.0870483
0.996773
0.142093
0.913088
0.252183
0.74571
0.417317
0.494648
0.527407
0.327274
0.582451
0.243586
0.692541
0.0762123
0.217939
-0.295901
0.0792073
-0.267258
-0.0595255
-0.238616
0.395
-1.86
0.431741
2
-0.192001
-1.45275
0.432345
1.5
-0.105
-0.59
0.460435
1.2
0
0.4
0.7
1
0.273141
1.37588
0.419952
0.5
0.778027
-0.0369826
0.57978
0.5
0
-0.746359
-0.265543
0
0.4
-0.852002
1.07585
0.155
1.2
0.0926503
1.39259
0.365
1
0.355
1.33
0.585
0.46
0.805
0.44
1.07372
0.150545
1.125
-0.43
-0.495
-0.8
-0.305
-1.87
0.255
-1.88
0.548565
-1.8182
-0.609974
0.598258
-0.552689
0.875723
-0.0230406
1.16415
0.0870483
0.996773
0.142093
0.913088
0.252183
0.74571
0.417317
0.494648
0.527407
0.327274
0.582451
0.243586
0.692541
0.0762123
0.217939
-0.295901
0.0792073
-0.267258
-0.0595255
-0.238616
0.395
-1.86
0.431741
2
-0.192001
-1.45275
0.432345
1.5
-0.105
-0.59
0.460435
1.2
0
0.4
0.7
1
0.273141
1.37588
0.419952
0.5
0.778027
-0.0369826
0.57978
0.5
0
-0.746359
-0.265543
0
0.4
-0.852002
1.07585
0.155
1.2
0.0926503
1.39259
0.365
1
0.355
1.33
0.585
0.46
0.805
0.44
1.07372
0.150545
1.125
-0.43
-0.495
-0.8
-0.305
-1.87
0.255
-1.88
0.548565
-1.8182
-0.609974
0.598258
-0.552689
0.875723
-0.0230406
1.16415
0.0870483
0.996773
0.142093
0.913088
0.252183
0.74571
0.417317
0.494648
0.527407
0.327274
0.582451
0.243586
0.692541
0.0762123
0.217939
-0.295901
0.0792073
-0.267258
-0.0595255
-0.238616
0.395
-1.86
0.431741
2
-0.192001
-1.45275
0.432345
1.5
-0.105
-0.59
0.460435
1.2
0
0.4
0.7
1
0.273141
1.37588
0.419952
0.5
0.778027
-0.0369826
0.57978
0.5
0
-0.746359
-0.265543
0
0.4
-0.852002
1.07585
0.155
1.2
0.0926503
1.39259
0.365
1
0.355
1.33
0.585
0.46
0.805
0.44
1.07372
0.150545
1.125
-0.43
-0.495
-0.8
-0.305
-1.87
0.255
-1.88
0.548565
-1.8182
-0.609974
0.598258
-0.552689
0.875723
-0.0230406
1.16415
0.0870483
0.996773
0.142093
0.913088
0.252183
0.74571
0.417317
0.494648
0.527407
0.327274
0.582451
0.243586
0.692541
0.0762123
0.217939
-0.295901
0.0792073
-0.267258
-0.0595255
-0.238616
0.395
-1.86
0.431741
2
-0.192001
-1.45275
0.432345
1.5
-0.105
-0.59
0.460435
1.2
0
0.4
0.7
1
0.273141
1.37588
0.419952
0.5
0.778027
-0.0369826
0.57978
0.5
0
-0.746359
-0.265543
0
0.4
-0.852002
1.07585
0.155
1.2
0.0926503
1.39259
0.365
1
0.355
1.33
0.585
0.46
0.805
0.44
1.07372
0.150545
1.125
-0.43
-0.495
-0.8
-0.305
-1.87
0.255
-1.88
0.548565
-1.8182
-0.609974
0.598258
-0.552689
0.875723
-0.0230406
1.16415
0.0870483
0.996773
0.142093
0.913088
0.252183
0.74571
0.417317
0.494648
0.527407
0.327274
0.582451
0.243586
0.692541
0.0762123
0.217939
-0.295901
0.0792073
-0.267258
-0.0595255
-0.238616
0.395
-1.86
0.431741
2
-0.192001
-1.45275
0.432345
1.5
-0.105
-0.59
0.460435
1.2
0
0.4
0.7
1
0.273141
1.37588
0.419952
0.5
0.778027
-0.0369826
0.57978
0.5
0
-0.746359
-0.265543
0
0.4
-0.852002
1.07585
0.155
1.2
0.0926503
1.39259
0.365
1
0.355
1.33
0.585
0.46
0.805
0.44
1.07372
0.150545
1.125
-0.43
-0.495
-0.8
-0.305
-1.87
0.255
-1.88
0.548565
-1.8182
-0.609974
0.598258
-0.552689
0.875723
-0.0230406
1.16415
0.0870483
0.996773
0.142093
0.913088
0.252183
0.74571
0.417317
0.494648
0.527407
0.327274
0.582451
0.243586
0.692541
0.0762123
0.217939
-0.295901
0.0792073
-0.267258
-0.0595255
-0.238616
0.395
-1.86
0.431741
2
-0.192001
-1.45275
0.432345
1.5
-0.105
-0.59
0.460435
1.2
0
0.4
0.7
1
0.273141
1.37588
0.419952
0.5
0.778027
-0.0369826
0.57978
0.5
0
-0.746359
-0.265543
0
0.4
-0.852002
1.07585
0.155
1.2
0.0926503
1.39259
0.365
1
0.355
1.33
0.585
0.46
0.805
0.44
1.07372
0.150545
1.125
-0.43
-0.495
-0.8
-0.305
-1.87
0.255
-1.88
0.548565
-1.8182
-0.609974
0.598258
-0.552689
0.875723
-0.0230406
1.16415
0.0870483
0.996773
0.142093
0.913088
0.252183
0.74571
0.417317
0.494648
0.527407
0.327274
0.582451
0.243586
0.692541
0.0762123
0.217939
-0.295901
0.0792073
-0.267258
-0.0595255
-0.238616
0.395
-1.86
0.431741
2
-0.192001
-1.45275
0.432345
1.5
-0.105
-0.59
0.460435
1.2
0
0.4
0.7
1
0.273141
1.37588
0.419952
0.5
0.778027
-0.0369826
0.57978
0.5
0
-0.746359
-0.265543
0
0.4
-0.852002
1.07585
0.155
1.2
0.0926503
1.39259
0.365
1
0.355
1.33
0.585
0.46
0.805
0.44
1.07372
0.150545
1.125
-0.43
-0.495
-0.8
-0.305
-1.87
0.255
-1.88
0.548565
-1.8182
-0.609974
0.598258
-0.552689
0.875723
-0.0230406
1.16415
0.0870483
0.996773
0.142093
0.913088
0.252183
0.74571
0.417317
0.494648
0.527407
0.327274
0.582451
0.243586
0.692541
0.0762123
0.217939
-0.295901
0.0792073
-0.267258
-0.0595255
-0.238616
0.395
-1.86
0.431741
2
-0.192001
-1.45275
0.432345
1.5
-0.105
-0.59
0.460435
1.2
0
0.4
0.7
1
0.273141
1.37588
0.419952
0.5
0.778027
-0.0369826
0.57978
0.5
0
-0.746359
-0.265543
0
0.4
-0.852002
1.07585
0.155
1.2
0.0926503
1.39259
0.365
1
0.355
1.33
0.585
0.46
0.805
0.44
1.07372
0.150545
1.125
-0.43
-0.495
-0.8
-0.305
-1.87
0.255
-1.88
0.548565
-1.8182
-0.609974
0.598258
-0.552689
0.875723
-0.0230406
1.16415
0.0870483
0.996773
0.142093
0.913088
0.252183
0.74571
0.417317
0.494648
0.527407
0.327274
0.582451
0.243586
0.692541
0.0762123
0.217939
-0.295901
0.0792073
-0.267258
-0.0595255
-0.238616
0.395
-1.86
0.431741
2
-0.192001
-1.45275
0.432345
1.5
-0.105
-0.59
0.460435
1.2
0
0.4
0.7
1
0.273141
1.37588
0.419952
0.5
0.778027
-0.0369826
0.57978
0.5
0
-0.746359
-0.265543
0
0.4
-0.852002
1.07585
0.155
1.2
0.0926503
1.39259
0.365
1
0.355
1.33
0.585
0.46
0.805
0.44
1.07372
0.150545
1.125
-0.43
-0.495
-0.8
-0.305
-1.87
0.255
-1.88
0.548565
-1.8182
-0.609974
0.598258
-0.552689
0.875723
-0.0230406
1.16415
0.0870483
0.996773
0.142093
0.913088
0.252183
0.74571
0.417317
0.494648
0.527407
0.327274
0.582451
0.243586
0.692541
0.0762123
0.217939
-0.295901
0.0792073
-0.267258
-0.0595255
-0.238616
0.395
-1.86
0.431741
2
-0.192001
-1.45275
0.432345
1.5
-0.105
-0.59
0.460435
1.2
0
0.4
0.7
1
0.273141
1.37588
0.419952
0.5
0.778027
-0.0369826
0.57978
0.5
0
-0.746359
-0.265543
0
0.4
-0.852002
1.07585
0.155
1.2
0.0926503
1.39259
0.365
1
0.355
1.33
0.585
0.46
0.805
0.44
1.07372
0.150545
1.125
-0.43
-0.495
-0.8
-0.305
-1.87
0.255
-1.88
0.548565
-1.8182
-0.609974
0.598258
-0.552689
0.875723
-0.0230406
1.16415
0.0870483
0.996773
0.142093
0.913088
0.252183
0.74571
0.417317
0.494648
0.527407
0.327274
0.582451
0.243586
0.692541
0.0762123
0.217939
-0.295901
0.0792073
-0.267258
-0.0595255
-0.238616
0.395
-1.86
0.431741
2
-0.192001
-1.45275
0.432345
1.5
-0.105
-0.59
0.460435
1.2
0
0.4
0.7
1
0.273141
1.37588
0.419952
0.5
0.778027
-0.0369826
0.57978
0.5
0
-0.746359
-0.265543
0
0.4
-0.852002
1.07585
0.155
1.2
0.0926503
1.39259
0.365
1
0.355
1.33
0.585
0.46
0.805
0.44
1.07372
0.150545
1.125
-0.43
-0.495
-0.8
-0.305
-1.87
0.255
-1.88
0.548565
-1.8182
-0.609974
0.598258
-0.552689
0.875723
-0.0230406
1.16415
0.0870483
0.996773
0.142093
0.913088
0.252183
0.74571
0.417317
0.494648
0.527407
0.327274
0.582451
0.243586
0.692541
0.0762123
0.217939
-0.295901
0.0792073
-0.267258
-0.0595255
-0.238616
0.395
-1.86
0.431741
2
-0.192001
-1.45275
0.432345
1.5
-0.105
-0.59
0.460435
1.2
0
0.4
0.7
1
0.273141
1.37588
0.419952
0.5
0.778027
-0.0369826
0.57978
0.5
0
-0.746359
-0.265543
0
0.4
-0.852002
1.07585
0.155
1.2
0.0926503
1.39259
0.425
0.87
0.534452
1.16862
0.912199
0.423288
1.305
0.35
0.895
0.17
1.045
-0.31
-0.495
-0.8
-0.305
-1.87
0.255
-1.88
0.548565
-1.8182
-0.609974
0.598258
-0.552689
0.875723
-0.0230406
1.16415
0.0870483
0.996773
0.142093
0.913088
0.252183
0.74571
0.417317
0.494648
0.527407
0.327274
0.582451
0.243586
0.692541
0.0762123
0.217939
-0.295901
0.0792073
-0.267258
-0.0595255
-0.238616
0.355
-1.84
0.431741
2
-0.192001
-1.45275
0.432345
1.5
-0.105
-0.59
0.460435
1.2
0
0.4
0.7
1
0.273141
1.37588
0.419952
0.5
0.975
0.13
0.57978
0.5
1
1.565
0.3
0.943398
0.707107
-0.707107
0.7
0.9
0.35
0
-0.746359
-0.265543
0
0.4
-0.852002
1.07585
0.155
1.2
0.0926503
1.39259
0.525
0.98
0.615
1.3
0.911224
0.416832
1.455
0.31
0.765
0.17
0.885
-0.18
-0.665
-0.94
-0.345
-1.84
0.195
-1.78
0.488565
-1.7182
-0.609974
0.598258
-0.552689
0.875723
-0.0230406
1.16415
0.0870483
0.996773
0.142093
0.913088
0.252183
0.74571
0.417317
0.494648
0.527407
0.327274
0.582451
0.243586
0.692541
0.0762123
0.217939
-0.295901
0.0792073
-0.267258
-0.0595255
-0.238616
0.315
-1.76
0.457056
2
-0.315
-1.26
0.432345
1.5
-0.105
-0.59
0.460435
1.2
0
0.4
0.7
1
0.305
1.15
0.419952
0.5
1.005
0.09
0.57978
0.5
1
1.565
0.3
0.790759
0.707107
-0.707107
0.7
0.9
0.35
0
-0.746359
-0.265543
0
0.4
-0.852002
1.07585
0.155
1.2
0.0926503
1.39259
0.630731
1.01907
0.705
1.33
0.910685
0.413483
1.645
0.3
0.725
0.18
0.825
-0.1
-0.665
-0.94
-0.515
-1.39
0.095
-1.47
0.388565
-1.4082
-0.609974
0.598258
-0.552689
0.875723
-0.0230406
1.16415
0.0870483
0.996773
0.142093
0.913088
0.252183
0.74571
0.417317
0.494648
0.527407
0.327274
0.582451
0.243586
0.692541
0.0762123
0.217939
-0.295901
0.0792073
-0.267258
-0.0595255
-0.238616
0.195
-1.45
0.431741
2
-0.425
-1.15
0.432345
1.5
-0.105
-0.59
0.460435
1.2
0
0.4
0.7
1
0.355
1.14
0.419952
0.5
1.145
0.14
0.57978
0.5
1
1.635
0.31
0.810247
0.707107
-0.707107
0.7
0.9
0.35
0
-0.746359
-0.265543
0
0.4
-0.852002
1.07585
0.155
1.2
0.0926503
1.39259
0.601264
1.00294
0.675
1.30375
0.874975
0.418048
1.545
0.31375
0.73375
0.1775
0.826878
-0.0986198
-0.665
-0.94
-0.515
-1.39
0.11
-1.40125
0.397003
-1.32485
-0.609974
0.598258
-0.552689
0.875723
-0.0230406
1.16415
0.0870483
0.996773
0.142093
0.913088
0.252183
0.74571
0.417317
0.494648
0.527407
0.327274
0.582451
0.243586
0.692541
0.0762123
0.217939
-0.295901
0.0792073
-0.267258
-0.0595255
-0.238616
0.21
-1.37125
0.431741
2
-0.415
-1.13
0.432345
1.5
-0.11625
-0.55625
0.460435
1.2
0
0.4
0.7
1
0.3375
1.13875
0.419952
0.5
1.07375
0.145
0.57978
0.5
0
-0.746359
-0.265543
0
0.4
-0.852002
1.07585
0.155
1.2
0.0926503
1.39259
0.601264
1.00294
0.675
1.30375
0.874975
0.418048
1.545
0.31375
0.73375
0.1775
0.826878
-0.0986198
-0.665
-0.94
-0.515
-1.39
0.11
-1.40125
0.397003
-1.32485
-0.609974
0.598258
-0.552689
0.875723
-0.0230406
1.16415
0.0870483
0.996773
0.142093
0.913088
0.252183
0.74571
0.417317
0.494648
0.527407
0.327274
0.582451
0.243586
0.692541
0.0762123
0.217939
-0.295901
0.0792073
-0.267258
-0.0595255
-0.238616
0.21
-1.37125
0.431741
2
-0.415
-1.13
0.432345
1.5
-0.11625
-0.55625
0.460435
1.2
0
0.4
0.7
1
0.3375
1.13875
0.419952
0.5
1.07375
0.145
0.57978
0.5
0
-0.746359
-0.265543
0
0.4
-0.852002
1.07585
0.155
1.2
0.0926503
1.39259
0.601264
1.00294
0.675
1.30375
0.874975
0.418048
1.545
0.31375
0.73375
0.1775
0.826878
-0.0986198
-0.665
-0.94
-0.515
-1.39
0.11
-1.40125
0.397003
-1.32485
-0.609974
0.598258
-0.552689
0.875723
-0.0230406
1.16415
0.0870483
0.996773
0.142093
0.913088
0.252183
0.74571
0.417317
0.494648
0.527407
0.327274
0.582451
0.243586
0.692541
0.0762123
0.217939
-0.295901
0.0792073
-0.267258
-0.0595255
-0.238616
0.21
-1.37125
0.431741
2
-0.415
-1.13
0.432345
1.5
-0.11625
-0.55625
0.460435
1.2
0
0.4
0.7
1
0.3375
1.13875
0.419952
0.5
1.07375
0.145
0.57978
0.5
0
-0.746359
-0.265543
0
0.4
-0.852002
1.07585
0.155
1.2
0.0926503
1.39259
0.601264
1.00294
0.675
1.30375
0.874975
0.418048
1.545
0.31375
0.73375
0.1775
0.826878
-0.0986198
-0.665
-0.94
-0.515
-1.39
0.11
-1.40125
0.397003
-1.32485
-0.609974
0.598258
-0.552689
0.875723
-0.0230406
1.16415
0.0870483
0.996773
0.142093
0.913088
0.252183
0.74571
0.417317
0.494648
0.527407
0.327274
0.582451
0.243586
0.692541
0.0762123
0.217939
-0.295901
0.0792073
-0.267258
-0.0595255
-0.238616
0.21
-1.37125
0.431741
2
-0.415
-1.13
0.432345
1.5
-0.11625
-0.55625
0.460435
1.2
0
0.4
0.7
1
0.3375
1.13875
0.419952
0.5
1.07375
0.145
0.57978
0.5
0
-0.746359
-0.265543
0
0.4
-0.852002
1.07585
0.155
1.2
0.0926503
1.39259
0.586531
0.994873
0.66
1.29063
0.857119
0.42033
1.495
0.320625
0.738125
0.17625
0.827817
-0.0979297
-0.665
-0.94
-0.515
-1.39
0.1175
-1.36687
0.401222
-1.28318
-0.609974
0.598258
-0.552689
0.875723
-0.0230406
1.16415
0.0870483
0.996773
0.142093
0.913088
0.252183
0.74571
0.417317
0.494648
0.527407
0.327274
0.582451
0.243586
0.692541
0.0762123
0.217939
-0.295901
0.0792073
-0.267258
-0.0595255
-0.238616
0.2175
-1.33188
0.431741
2
-0.41
-1.12
0.432345
1.5
-0.121875
-0.539375
0.460435
1.2
0
0.4
0.7
1
0.32875
1.13813
0.419952
0.5
1.03813
0.1475
0.57978
0.5
0
-0.746359
-0.265543
0
0.4
-0.852002
1.07585
0.155
1.2
0.0926503
1.39259
0.571798
0.986805
0.645
1.2775
0.839264
0.422612
1.445
0.3275
0.7425
0.175
0.828757
-0.0972395
-0.665
-0.94
-0.515
-1.39
0.125
-1.3325
0.405441
-1.24151
-0.609974
0.598258
-0.552689
0.875723
-0.0230406
1.16415
0.0870483
0.996773
0.142093
0.913088
0.252183
0.74571
0.417317
0.494648
0.527407
0.327274
0.582451
0.243586
0.692541
0.0762123
0.217939
-0.295901
0.0792073
-0.267258
-0.0595255
-0.238616
0.225
-1.2925
0.431741
2
-0.405
-1.11
0.432345
1.5
-0.1275
-0.5225
0.460435
1.2
0
0.4
0.7
1
0.32
1.1375
0.419952
0.5
1.0025
0.15
0.57978
0.5
0
-0.746359
-0.265543
0
0.4
-0.852002
1.07585
0.155
1.2
0.0926503
1.39259
0.557065
0.978738
0.63
1.26437
0.821409
0.424895
1.395
0.334375
0.746875
0.17375
0.829696
-0.0965494
-0.665
-0.94
-0.515
-1.39
0.1325
-1.29813
0.40966
-1.19983
-0.609974
0.598258
-0.552689
0.875723
-0.0230406
1.16415
0.0870483
0.996773
0.142093
0.913088
0.252183
0.74571
0.417317
0.494648
0.527407
0.327274
0.582451
0.243586
0.692541
0.0762123
0.217939
-0.295901
0.0792073
-0.267258
-0.0595255
-0.238616
0.2325
-1.25312
0.431741
2
-0.4
-1.1
0.432345
1.5
-0.133125
-0.505625
0.460435
1.2
0
0.4
0.7
1
0.31125
1.13688
0.419952
0.5
0.966875
0.1525
0.57978
0.5
0
-0.746359
-0.265543
0
0.4
-0.852002
1.07585
0.155
1.2
0.0926503
1.39259
0.542332
0.970671
0.615
1.25125
0.803553
0.427177
1.345
0.34125
0.75125
0.1725
0.830635
-0.0958593
-0.665
-0.94
-0.515
-1.39
0.14
-1.26375
0.413878
-1.15816
-0.609974
0.598258
-0.552689
0.875723
-0.0230406
1.16415
0.0870483
0.996773
0.142093
0.913088
0.252183
0.74571
0.417317
0.494648
0.527407
0.327274
0.582451
0.243586
0.692541
0.0762123
0.217939
-0.295901
0.0792073
-0.267258
-0.0595255
-0.238616
0.24
-1.21375
0.431741
2
-0.395
-1.09
0.432345
1.5
-0.13875
-0.48875
0.460435
1.2
0
0.4
0.7
1
0.3025
1.13625
0.419952
0.5
0.93125
0.155
0.57978
0.5
0
-0.746359
-0.265543
0
0.4
-0.852002
1.07585
0.155
1.2
0.0926503
1.39259
0.527599
0.962604
0.6
1.23813
0.785698
0.429459
1.295
0.348125
0.755625
0.17125
0.831574
-0.0951692
-0.665
-0.94
-0.515
-1.39
0.1475
-1.22938
0.418097
-1.11649
-0.609974
0.598258
-0.552689
0.875723
-0.0230406
1.16415
0.0870483
0.996773
0.142093
0.913088
0.252183
0.74571
0.417317
0.494648
0.527407
0.327274
0.582451
0.243586
0.692541
0.0762123
0.217939
-0.295901
0.0792073
-0.267258
-0.0595255
-0.238616
0.2475
-1.17438
0.431741
2
-0.39
-1.08
0.432345
1.5
-0.144375
-0.471875
0.460435
1.2
0
0.4
0.7
1
0.29375
1.13563
0.419952
0.5
0.895625
0.1575
0.57978
0.5
0
-0.746359
-0.265543
0
0.4
-0.852002
1.07585
0.155
1.2
0.0926503
1.39259
0.512865
0.954537
0.585
1.225
0.767843
0.431741
1.245
0.355
0.76
0.17
0.832513
-0.0944791
-0.665
-0.94
-0.515
-1.39
0.155
-1.195
0.422316
-1.07482
-0.609974
0.598258
-0.552689
0.875723
-0.0230406
1.16415
0.0870483
0.996773
0.142093
0.913088
0.252183
0.74571
0.417317
0.494648
0.527407
0.327274
0.582451
0.243586
0.692541
0.0762123
0.217939
-0.295901
0.0792073
-0.267258
-0.0595255
-0.238616
0.255
-1.135
0.431741
2
-0.385
-1.07
0.432345
1.5
-0.15
-0.455
0.460435
1.2
0
0.4
0.7
1
0.285
1.135
0.419952
0.5
0.86
0.16
0.57978
0.5
0
-0.746359
-0.265543
0
0.4
-0.852002
1.07585
0.155
1.2
0.0926503
1.39259
0.498132
0.94647
0.57
1.21187
0.749987
0.434024
1.195
0.361875
0.764375
0.16875
0.833453
-0.093789
-0.665
-0.94
-0.515
-1.39
0.1625
-1.16062
0.426535
-1.03314
-0.609974
0.598258
-0.552689
0.875723
-0.0230406
1.16415
0.0870483
0.996773
0.142093
0.913088
0.252183
0.74571
0.417317
0.494648
0.527407
0.327274
0.582451
0.243586
0.692541
0.0762123
0.217939
-0.295901
0.0792073
-0.267258
-0.0595255
-0.238616
0.2625
-1.09562
0.431741
2
-0.38
-1.06
0.432345
1.5
-0.155625
-0.438125
0.460435
1.2
0
0.4
0.7
1
0.27625
1.13437
0.419952
0.5
0.824375
0.1625
0.57978
0.5
0
-0.746359
-0.265543
0
0.4
-0.852002
1.07585
0.155
1.2
0.0926503
1.39259
0.483399
0.938403
0.555
1.19875
0.732132
0.436306
1.145
0.36875
0.76875
0.1675
0.834392
-0.0930989
-0.665
-0.94
-0.515
-1.39
0.17
-1.12625
0.430754
-0.99147
-0.609974
0.598258
-0.552689
0.875723
-0.0230406
1.16415
0.0870483
0.996773
0.142093
0.913088
0.252183
0.74571
0.417317
0.494648
0.527407
0.327274
0.582451
0.243586
0.692541
0.0762123
0.217939
-0.295901
0.0792073
-0.267258
-0.0595255
-0.238616
0.27
-1.05625
0.431741
2
-0.375
-1.05
0.432345
1.5
-0.16125
-0.42125
0.460435
1.2
0
0.4
0.7
1
0.2675
1.13375
0.419952
0.5
0.78875
0.165
0.57978
0.5
0
-0.746359
-0.265543
0
0.4
-0.852002
1.07585
0.155
1.2
0.0926503
1.39259
0.468666
0.930336
0.54
1.18563
0.714277
0.438588
1.095
0.375625
0.773125
0.16625
0.835331
-0.0924088
-0.665
-0.94
-0.515
-1.39
0.1775
-1.09188
0.434973
-0.949797
-0.609974
0.598258
-0.552689
0.875723
-0.0230406
1.16415
0.0870483
0.996773
0.142093
0.913088
0.252183
0.74571
0.417317
0.494648
0.527407
0.327274
0.582451
0.243586
0.692541
0.0762123
0.217939
-0.295901
0.0792073
-0.267258
-0.0595255
-0.238616
0.2775
-1.01688
0.431741
2
-0.37
-1.04
0.432345
1.5
-0.166875
-0.404375
0.460435
1.2
0
0.4
0.7
1
0.25875
1.13312
0.419952
0.5
0.753125
0.1675
0.57978
0.5
0
-0.746359
-0.265543
0
0.4
-0.852002
1.07585
0.155
1.2
0.0926503
1.39259
0.453933
0.922269
0.525
1.1725
0.696421
0.440871
1.045
0.3825
0.7775
0.165
0.83627
-0.0917187
-0.665
-0.94
-0.515
-1.39
0.185
-1.0575
0.439192
-0.908124
-0.609974
0.598258
-0.552689
0.875723
-0.0230406
1.16415
0.0870483
0.996773
0.142093
0.913088
0.252183
0.74571
0.417317
0.494648
0.527407
0.327274
0.582451
0.243586
0.692541
0.0762123
0.217939
-0.295901
0.0792073
-0.267258
-0.0595255
-0.238616
0.285
-0.9775
0.431741
2
-0.365
-1.03
0.432345
1.5
-0.1725
-0.3875
0.460435
1.2
0
0.4
0.7
1
0.25
1.1325
0.419952
0.5
0.7175
0.17
0.57978
0.5
0
-0.746359
-0.265543
0
0.4
-0.852002
1.07585
0.155
1.2
0.0926503
1.39259
0.4392
0.914201
0.51
1.15937
0.678566
0.443153
0.995
0.389375
0.781875
0.16375
0.837209
-0.0910285
-0.665
-0.94
-0.515
-1.39
0.1925
-1.02312
0.443411
-0.866451
-0.609974
0.598258
-0.552689
0.875723
-0.0230406
1.16415
0.0870483
0.996773
0.142093
0.913088
0.252183
0.74571
0.417317
0.494648
0.527407
0.327274
0.582451
0.243586
0.692541
0.0762123
0.217939
-0.295901
0.0792073
-0.267258
-0.0595255
-0.238616
0.2925
-0.938125
0.431741
2
-0.36
-1.02
0.432345
1.5
-0.178125
-0.370625
0.460435
1.2
0
0.4
0.7
1
0.24125
1.13187
0.419952
0.5
0.681875
0.1725
0.57978
0.5
0
-0.746359
-0.265543
0
0.4
-0.852002
1.07585
0.155
1.2
0.0926503
1.39259
0.424466
0.906134
0.495
1.14625
0.660711
0.445435
0.945
0.39625
0.78625
0.1625
0.838148
-0.0903384
-0.665
-0.94
-0.515
-1.39
0.2
-0.98875
0.447629
-0.824778
-0.609974
0.598258
-0.552689
0.875723
-0.0230406
1.16415
0.0870483
0.996773
0.142093
0.913088
0.252183
0.74571
0.417317
0.494648
0.527407
0.327274
0.582451
0.243586
0.692541
0.0762123
0.217939
-0.295901
0.0792073
-0.267258
-0.0595255
-0.238616
0.3
-0.89875
0.431741
2
-0.355
-1.01
0.432345
1.5
-0.18375
-0.35375
0.460435
1.2
0
0.4
0.7
1
0.2325
1.13125
0.419952
0.5
0.64625
0.175
0.57978
0.5
0
-0.746359
-0.265543
0
0.4
-0.852002
1.07585
0.155
1.2
0.0926503
1.39259
0.409733
0.898067
0.48
1.13313
0.642855
0.447718
0.895
0.403125
0.790625
0.16125
0.839088
-0.0896483
-0.665
-0.94
-0.515
-1.39
0.2075
-0.954375
0.451848
-0.783105
-0.609974
0.598258
-0.552689
0.875723
-0.0230406
1.16415
0.0870483
0.996773
0.142093
0.913088
0.252183
0.74571
0.417317
0.494648
0.527407
0.327274
0.582451
0.243586
0.692541
0.0762123
0.217939
-0.295901
0.0792073
-0.267258
-0.0595255
-0.238616
0.3075
-0.859375
0.431741
2
-0.35
-1
0.432345
1.5
-0.189375
-0.336875
0.460435
1.2
0
0.4
0.7
1
0.22375
1.13063
0.419952
0.5
0.610625
0.1775
0.57978
0.5
0
-0.746359
-0.265543
0
0.4
-0.852002
1.07585
0.155
1.2
0.0926503
1.39259
0.395
0.89
0.465
1.12
0.625
0.45
0.845
0.41
0.795
0.16
0.840027
-0.0889582
-0.665
-0.94
-0.515
-1.39
0.215
-0.92
0.456067
-0.741432
-0.609974
0.598258
-0.552689
0.875723
-0.0230406
1.16415
0.0870483
0.996773
0.142093
0.913088
0.252183
0.74571
0.417317
0.494648
0.527407
0.327274
0.582451
0.243586
0.692541
0.0762123
0.217939
-0.295901
0.0792073
-0.267258
-0.0595255
-0.238616
0.315
-0.82
0.431741
2
-0.345
-0.99
0.432345
1.5
-0.195
-0.32
0.460435
1.2
0
0.4
0.7
1
0.215
1.13
0.419952
0.5
0.575
0.18
0.430465
0.5
0
-0.749966
-0.261105
0
0.4
-0.847013
1.08145
0.15875
1.19688
0.101547
1.38993
0.396875
0.88875
0.46625
1.12125
0.63375
0.4375
0.858125
0.37875
0.79375
0.145
0.839088
-0.109648
-0.651875
-0.928125
-0.51625
-1.42062
0.200625
-0.99
0.444994
-0.82637
-0.60837
0.602382
-0.549196
0.879344
-0.0177678
1.16401
0.0911251
0.99594
0.145572
0.911909
0.254466
0.743838
0.417806
0.491736
0.5267
0.323669
0.581146
0.239635
0.69004
0.0715683
0.21306
-0.29713
0.07458
-0.267543
-0.0639013
-0.237956
0.3025
-0.8975
0.431741
2
-0.348125
-1.01688
0.432345
1.5
-0.195
-0.3375
0.460435
1.2
0
0.4
0.7
1
0.225249
1.1431
0.419952
0.5
0.584375
0.16125
0.430465
0.5
0
-0.753573
-0.256666
0
0.4
-0.842025
1.08706
0.1625
1.19375
0.110444
1.38727
0.39875
0.8875
0.4675
1.1225
0.6425
0.425
0.87125
0.3475
0.7925
0.13
0.838148
-0.130338
-0.63875
-0.91625
-0.5175
-1.45125
0.18625
-1.06
0.43392
-0.911308
-0.606766
0.606507
-0.545703
0.882965
-0.0124951
1.16387
0.0952019
0.995107
0.149051
0.910729
0.256749
0.741966
0.418295
0.488825
0.525993
0.320065
0.579841
0.235684
0.687539
0.0669244
0.208181
-0.29836
0.0699527
-0.267828
-0.0682771
-0.237297
0.29
-0.975
0.431741
2
-0.35125
-1.04375
0.432345
1.5
-0.195
-0.355
0.460435
1.2
0
0.4
0.7
1
0.235499
1.15621
0.419952
0.5
0.59375
0.1425
0.430465
0.5
0
-0.760788
-0.247789
0
0.4
-0.832048
1.09827
0.17
1.1875
0.128238
1.38194
0.4025
0.885
0.47
1.125
0.66
0.4
0.8975
0.285
0.79
0.1
0.83627
-0.171719
-0.6125
-0.8925
-0.52
-1.5125
0.1575
-1.2
0.411773
-1.08118
-0.603558
0.614755
-0.538717
0.890208
-0.0019495
1.16359
0.103355
0.993442
0.156008
0.90837
0.261314
0.738221
0.419272
0.483002
0.524578
0.312856
0.577231
0.227782
0.682537
0.0576365
0.198424
-0.300818
0.0606981
-0.268397
-0.0770286
-0.235978
0.265
-1.13
0.431741
2
-0.3575
-1.0975
0.432345
1.5
-0.195
-0.39
0.460435
1.2
0
0.4
0.7
1
0.255997
1.18242
0.419952
0.5
0.6125
0.105
0.430465
0.5
0
-0.768003
-0.238912
0
0.4
-0.822071
1.10948
0.1775
1.18125
0.146031
1.37662
0.40625
0.8825
0.4725
1.1275
0.6775
0.375
0.92375
0.2225
0.7875
0.07
0.834392
-0.213099
-0.58625
-0.86875
-0.5225
-1.57375
0.12875
-1.34
0.389626
-1.25106
-0.60035
0.623004
-0.531731
0.89745
0.00859605
1.16331
0.111509
0.991776
0.162966
0.906012
0.26588
0.734476
0.42025
0.477178
0.523164
0.305647
0.574621
0.21988
0.677535
0.0483485
0.188666
-0.303276
0.0514435
-0.268967
-0.0857802
-0.234658
0.24
-1.285
0.431741
2
-0.36375
-1.15125
0.432345
1.5
-0.195
-0.425
0.460435
1.2
0
0.4
0.7
1
0.276496
1.20863
0.419952
0.5
0.63125
0.0675
0.430465
0.5
0
-0.775217
-0.230036
0
0.4
-0.812093
1.12069
0.185
1.175
0.163825
1.37129
0.41
0.88
0.475
1.13
0.695
0.35
0.95
0.16
0.785
0.04
0.832513
-0.254479
-0.56
-0.845
-0.525
-1.635
0.1
-1.48
0.367479
-1.42094
-0.597142
0.631252
-0.524745
0.904693
0.0191416
1.16303
0.119663
0.99011
0.169923
0.903653
0.270445
0.730732
0.421228
0.471355
0.52175
0.298437
0.572011
0.211978
0.672532
0.0390606
0.178908
-0.305735
0.0421889
-0.269536
-0.0945318
-0.233339
0.215
-1.44
0.431741
2
-0.37
-1.205
0.432345
1.5
-0.195
-0.46
0.460435
1.2
0
0.4
0.7
1
0.296995
1.23483
0.419952
0.5
0.65
0.03
0.430465
0.5
0
-0.782431
-0.221159
0
0.4
-0.802116
1.1319
0.1925
1.16875
0.181619
1.36597
0.41375
0.8775
0.4775
1.1325
0.7125
0.325
0.97625
0.0975
0.7825
0.01
0.830635
-0.295859
-0.53375
-0.82125
-0.5275
-1.69625
0.07125
-1.62
0.345332
-1.59081
-0.593933
0.639501
-0.517759
0.911935
0.0296871
1.16275
0.127816
0.988444
0.176881
0.901294
0.275011
0.726987
0.422206
0.465532
0.520336
0.291228
0.5694
0.204076
0.66753
0.0297727
0.169151
-0.308194
0.0329343
-0.270106
-0.103283
-0.23202
0.19
-1.595
0.431741
2
-0.37625
-1.25875
0.432345
1.5
-0.195
-0.495
0.460435
1.2
0
0.4
0.7
1
0.317493
1.26104
0.419952
0.5
0.66875
-0.00749999
0.430465
0.5
0
-0.789646
-0.212282
0
0.4
-0.792139
1.14311
0.2
1.1625
0.199413
1.36065
0.4175
0.875
0.48
1.135
0.73
0.3
1.0025
0.035
0.78
-0.02
0.828757
-0.33724
-0.5075
-0.7975
-0.53
-1.7575
0.0425
-1.76
0.323185
-1.76069
-0.590725
0.647749
-0.510773
0.919177
0.0402327
1.16247
0.13597
0.986778
0.183839
0.898936
0.279577
0.723243
0.423184
0.459709
0.518921
0.284019
0.56679
0.196174
0.662528
0.0204848
0.159393
-0.310652
0.0236797
-0.270676
-0.112035
-0.230701
0.165
-1.75
0.431741
2
-0.3825
-1.3125
0.432345
1.5
-0.195
-0.53
0.460435
1.2
0
0.4
0.7
1
0.337992
1.28725
0.419952
0.5
0.6875
-0.045
0.430465
0.5
0
-0.796861
-0.203405
0
0.4
-0.782162
1.15432
0.2075
1.15625
0.217206
1.35532
0.42125
0.8725
0.4825
1.1375
0.7475
0.275
1.02875
-0.0275
0.7775
-0.05
0.826878
-0.37862
-0.48125
-0.77375
-0.5325
-1.81875
0.01375
-1.9
0.301038
-1.93056
-0.587517
0.655998
-0.503787
0.92642
0.0507782
1.16219
0.144123
0.985113
0.190796
0.896577
0.284142
0.719499
0.424161
0.453885
0.517507
0.27681
0.56418
0.188272
0.657526
0.0111969
0.149636
-0.313111
0.0144251
-0.271245
-0.120786
-0.229381
0.14
-1.905
0.431741
2
-0.38875
-1.36625
0.432345
1.5
-0.195
-0.565
0.460435
1.2
0
0.4
0.7
1
0.35849
1.31346
0.419952
0.5
0.70625
-0.0825
0.430465
0.5
0
-0.804075
-0.194528
0
0.4
-0.772185
1.16553
0.215
1.15
0.235
1.35
0.425
0.87
0.485
1.14
0.765
0.25
1.055
-0.09
0.775
-0.08
0.825
-0.42
-0.455
-0.75
-0.535
-1.88
-0.015
-2.04
0.278891
-2.10044
-0.584309
0.664246
-0.496801
0.933662
0.0613238
1.16191
0.152277
0.983447
0.197754
0.894218
0.288708
0.715754
0.425139
0.448062
0.516093
0.269601
0.56157
0.18037
0.652524
0.00190893
0.139878
-0.315569
0.00517054
-0.271815
-0.129538
-0.228062
0.115
-2.06
0.393954
2
-0.395
-1.42
0.455412
1.5
-0.195
-0.6
0.460435
1.2
0
0.4
0.7
1
0.378989
1.33967
0.419952
0.5
0.725
-0.12
0.454863
0.5
0
