52
10
15
13
6
-0.7048
-0.309406
0
0.4
-0.856164
1.07263
0.085
1.24
-0.005
1.65
0.445
1.17
0.385
1.68
0.715
0.56
1.08782
0.444612
0.815
0.25
1.055
-0.02
-0.065
-0.71
-0.085
-1.66
0.135
-2.03
0.434833
-2.03999
-0.620426
0.56186
-0.57963
0.842138
-0.0680835
1.16123
0.051657
1.00069
0.111527
0.920423
0.231268
0.759884
0.410879
0.519079
0.53062
0.358543
0.590491
0.278274
0.710231
0.117738
0.258556
-0.281619
0.118418
-0.261221
-0.0217212
-0.240824
0.285
-2.01
0.378021
2
0.005
-1.33
0.380789
1.5
0.005
-0.6
0.400714
1.2
0
0.4
0.7
1
0.215
1.39
0.419952
0.5
0.855
0.29
0.403113
0.5
0
-0.592264
-0.360645
0.045
0.41
-0.876649
0.98989
0.045
1.25
-0.115
1.58
0.407445
1.22224
0.255
1.63
0.73953
0.643606
1.165
0.65
0.895
0.37
1.245
0.28
0.0959379
-0.700856
0.174974
-1.64788
0.525
-1.93
0.824276
-1.90871
-0.588977
0.506389
-0.577586
0.789422
-0.101993
1.16009
0.033828
1.01287
0.101738
0.939265
0.237559
0.792051
0.44129
0.571232
0.577111
0.424021
0.645022
0.350414
0.780842
0.203203
0.37316
-0.241063
0.231645
-0.235367
0.0901278
-0.229673
0.579451
-1.95749
0.378021
2
0.23013
-1.31026
0.380789
1.5
0.15411
-0.584153
0.400714
1.2
0.045
0.41
0.7
1
0.15576
1.41712
0.419952
0.5
0.965
0.47
0.403113
0.5
0
-0.506598
-0.411609
0.065
0.405
-0.9053
0.887343
-0.025
1.215
-0.2
1.52
0.316222
1.18112
0.17
1.565
0.722265
0.711803
1.125
0.81
0.915
0.46
1.27
0.49
0.190469
-0.720428
0.359987
-1.61894
0.78
-1.77
1.05464
-1.70436
-0.572308
0.437281
-0.589224
0.71865
-0.15526
1.13302
-0.00611739
1.00079
0.068453
0.934683
0.217596
0.802454
0.441309
0.604115
0.590451
0.471889
0.665023
0.405776
0.814164
0.27355
0.454771
-0.206934
0.314088
-0.215391
0.173403
-0.22385
0.925
-1.7
0.378021
2
0.419665
-1.27981
0.380789
1.5
0.272065
-0.56845
0.400714
1.2
0.065
0.405
0.7
1
0.0743385
1.41319
0.419952
0.5
0.920406
0.470684
0.403113
0.5
0
-0.420932
-0.462573
0.085
0.4
-0.93395
0.784796
-0.095
1.18
-0.285
1.46
0.225
1.14
0.085
1.5
0.705
0.78
1.085
0.97
0.935
0.55
1.295
0.7
0.285
-0.74
0.545
-1.59
1.035
-1.61
1.285
-1.5
-0.555639
0.368173
-0.600863
0.647877
-0.208527
1.10596
-0.0460628
0.988719
0.0351682
0.9301
0.197633
0.812857
0.441327
0.636997
0.603791
0.519758
0.685024
0.461137
0.847486
0.343897
0.536381
-0.172804
0.396531
-0.195415
0.256679
-0.218028
1.195
-1.51
0.378021
2
0.609201
-1.24935
0.380789
1.5
0.390019
-0.552747
0.400714
1.2
0.085
0.4
0.7
1
-0.00708247
1.40926
0.419952
0.5
0.93391
0.551745
0.403113
0.5
0
-0.32133
-0.492384
0.125
0.4
-0.917333
0.70532
-0.115
1.16
-0.275
1.42
0.195
1.12
0.08
1.445
0.712647
0.824861
1.055
1.05
0.958782
0.613616
1.3
0.82
0.38
-0.735
0.645
-1.53
1.19
-1.475
1.43
-1.33
-0.509577
0.319763
-0.575758
0.594444
-0.220401
1.07968
-0.049969
0.975426
0.0352454
0.923302
0.205677
0.819049
0.461322
0.662674
0.631753
0.558425
0.716969
0.506299
0.887399
0.402049
0.617256
-0.135305
0.479917
-0.168395
0.342577
-0.201486
1.325
-1.35
0.378021
2
0.771314
-1.2002
0.380789
1.5
0.500545
-0.524186
0.400714
1.2
0.125
0.4
0.7
1
-0.0431077
1.39653
0.419952
0.5
0.957566
0.615268
0.403113
0.5
0
-0.221727
-0.522194
0.165
0.4
-0.900716
0.625844
-0.135
1.14
-0.265
1.38
0.165
1.1
0.075
1.39
0.720294
0.869722
1.025
1.13
0.982564
0.677232
1.305
0.94
0.475
-0.73
0.745
-1.47
1.345
-1.34
1.575
-1.16
-0.463514
0.271354
-0.550653
0.541012
-0.232274
1.0534
-0.0538753
0.962132
0.0353225
0.916504
0.213722
0.82524
0.481317
0.68835
0.659715
0.597091
0.748915
0.551461
0.927312
0.460201
0.698131
-0.0978073
0.563303
-0.141375
0.428475
-0.184945
1.505
-1.18
0.378021
2
0.933427
-1.15105
0.380789
1.5
0.611071
-0.495625
0.400714
1.2
0.165
0.4
0.7
1
-0.0791329
1.3838
0.419952
0.5
1.045
0.86
0.403113
0.5
0
-0.142501
-0.543337
0.2
0.395
-0.874815
0.563026
-0.125
1.115
-0.22
1.335
0.16
1.06
0.09
1.35
0.762647
0.899861
1.015
1.2
1.02378
0.733616
1.295
1.04
0.47
-0.805
0.865
-1.47
1.44
-1.21
1.63086
-0.990595
-0.419832
0.232997
-0.521192
0.497216
-0.231206
1.02523
-0.0484155
0.943797
0.0429778
0.903084
0.225769
0.82165
0.499951
0.699505
0.68274
0.618076
0.774135
0.577361
0.956923
0.495931
0.75833
-0.0727937
0.626222
-0.123472
0.494112
-0.174153
1.605
-1.05
0.378021
2
0.905
-1.1
0.380789
1.5
0.692861
-0.474156
0.400714
1.2
0.2
0.395
0.7
1
-0.0962252
1.36291
0.419952
0.5
0.985
0.91
0.403113
0.5
0
-0.063275
-0.56448
0.235
0.39
-0.848915
0.500208
-0.115
1.09
-0.175
1.29
0.155
1.02
0.105
1.31
0.805
0.93
1.005
1.27
1.065
0.79
1.285
1.14
0.465
-0.88
0.985
-1.47
1.535
-1.08
1.68672
-0.821191
-0.37615
0.194639
-0.491731
0.45342
-0.230138
0.997066
-0.0429558
0.925462
0.0506331
0.889664
0.237815
0.81806
0.518584
0.71066
0.705764
0.639061
0.799356
0.603261
0.986534
0.531661
0.818529
-0.0477802
0.68914
-0.105569
0.55975
-0.16336
1.675
-0.91
0.378021
2
1.005
-1.12
0.380789
1.5
0.575
-0.5
0.400714
1.2
0.235
0.39
0.7
1
-0.113317
1.34203
0.419952
0.5
0.965
0.98
0.403113
0.5
0
0.0102693
-0.573695
0.275
0.39
-0.811656
0.455622
-0.095
1.07
-0.145
1.265
0.17
0.995
0.125
1.265
0.82
0.96
1.005
1.325
1.095
0.83
1.3
1.2
0.56
-0.83
1.075
-1.33
1.62
-0.93
1.73707
-0.656367
-0.327147
0.169922
-0.45314
0.423544
-0.214247
0.977018
-0.0244374
0.913199
0.0704649
0.881294
0.260274
0.817475
0.544984
0.721753
0.734791
0.657939
0.829696
0.626032
1.0195
0.562217
0.875509
-0.0231585
0.748699
-0.0861537
0.621889
-0.149151
1.725
-0.73
0.378021
2
1.115
-1
0.380789
1.5
0.675
-0.49
0.400714
1.2
0.275
0.39
0.7
1
-0.111749
1.3262
0.419952
0.5
1.04046
0.786224
0.403113
0.5
0
0.0838136
-0.582909
0.315
0.39
-0.774398
0.411037
-0.075
1.05
-0.115
1.24
0.185
0.97
0.145
1.22
0.835
0.99
1.005
1.38
1.125
0.87
1.315
1.26
0.655
-0.78
1.165
-1.19
1.705
-0.78
1.78742
-0.491543
-0.278144
0.145204
-0.41455
0.393668
-0.198355
0.956969
-0.00591901
0.900936
0.0902967
0.872923
0.282733
0.81689
0.571383
0.732846
0.763817
0.676818
0.860036
0.648803
1.05247
0.592773
0.932489
0.0014632
0.808258
-0.0667381
0.684027
-0.134942
1.775
-0.61
0.378021
2
1.245
-0.9
0.380789
1.5
0.92193
-0.405714
0.400714
1.2
0.315
0.39
0.7
1
-0.110182
1.31038
0.419952
0.5
0.995
1.03
0.403113
0.5
0
0.195164
-0.570867
0.335
0.415
-0.745158
0.324419
-0.118412
1.02822
-0.165
1.21
0.16
0.98
0.115
1.2
0.788209
1.0619
0.915
1.465
1.11
0.985
1.255
1.39
0.83
-0.655
1.375
-0.915
1.82
-0.5
1.84676
-0.206469
-0.22691
0.112111
-0.387297
0.344028
-0.230965
0.923547
-0.0348105
0.887778
0.0632637
0.869897
0.259418
0.834128
0.553644
0.780478
0.749795
0.744714
0.847872
0.726831
1.04402
0.691065
0.985764
0.0936684
0.869806
0.0134766
0.753847
-0.0667174
1.845
-0.26
0.378021
2
1.445
-0.65
0.380789
1.5
1.01695
-0.310331
0.400714
1.2
0.335
0.415
0.7
1
-0.015
0.97
0.419952
0.5
1.015
1.14
0.403113
0.5
0
0.306513
-0.558824
0.355
0.44
-0.715919
0.2378
-0.161824
1.00644
-0.215
1.18
0.135
0.99
0.085
1.18
0.741417
1.1338
0.825
1.55
1.095
1.1
1.195
1.52
1.005
-0.53
1.585
-0.64
1.935
-0.22
1.9061
0.078605
-0.175677
0.0790168
-0.360044
0.294388
-0.263574
0.890125
-0.0637019
0.874619
0.0362307
0.86687
0.236103
0.851365
0.535905
0.828111
0.735774
0.81261
0.835709
0.804858
1.03558
0.789356
1.03904
0.185874
0.931353
0.0936912
0.823668
0.00150684
1.905
-0.01
0.378021
2
1.605
-0.47
0.380789
1.5
1.11197
-0.214949
0.400714
1.2
0.355
0.44
0.7
1
0.015
0.95
0.419952
0.5
0.975
1.23
0.403113
0.5
0
0.485757
-0.534412
0.425
0.435
-0.604963
0.104759
-0.143412
0.928219
-0.23
1.075
0.165
0.945
0.08
1.115
0.748209
1.1469
0.815
1.555
1.09
1.115
1.195
1.525
1.205
-0.375
1.76
-0.435
1.96
0.04
1.85346
0.307705
-0.0534565
0.0145139
-0.261399
0.204057
-0.239318
0.802589
-0.0405724
0.811787
0.058797
0.816388
0.257543
0.825585
0.555656
0.839385
0.754398
0.848586
0.85377
0.853186
1.05251
0.862385
1.1298
0.268457
1.03503
0.164487
0.940256
0.0605149
1.885
0.29
0.378021
2
1.715
-0.14
0.380789
1.5
1.2507
-0.117372
0.400714
1.2
0.425
0.435
0.7
1
0.035
0.82
0.419952
0.5
0.975
1.28
0.403113
0.5
0
0.665
-0.51
0.495
0.43
-0.494007
-0.0282821
-0.125
0.85
-0.245
0.97
0.195
0.9
0.075
1.05
0.755
1.16
0.805
1.56
1.085
1.13
1.195
1.53
1.405
-0.22
1.935
-0.23
1.985
0.3
1.80082
0.536806
0.0687637
-0.0499891
-0.162755
0.113725
-0.215063
0.715054
-0.0174428
0.748954
0.0813633
0.765906
0.278983
0.799806
0.575407
0.850659
0.773022
0.884562
0.871832
0.901513
1.06945
0.935415
1.22056
0.351041
1.1387
0.235283
1.05684
0.119523
1.825
0.5
0.378021
2
1.945
0.09
0.380789
1.5
1.38942
-0.0197947
0.400714
1.2
0.495
0.43
0.7
1
0.065
0.77
0.419952
0.5
0.955
1.26
0.403113
0.5
0
0.8
-0.43
0.575
0.47
-0.371762
-0.0634581
-0.095
0.855
-0.23
0.94
0.215
0.915
0.065
1.05
0.8
1.19
0.81
1.56
1.105
1.175
1.2
1.545
1.525
-0.045
2.015
0.015
2.055
0.53
1.85328
0.750818
0.18925
-0.0406455
-0.0537533
0.103799
-0.153165
0.697293
0.0405623
0.74657
0.137422
0.771211
0.331149
0.820488
0.621734
0.894406
0.815456
0.943686
0.912319
0.968325
1.10604
1.0176
1.30231
0.448753
1.23009
0.327253
1.15787
0.205751
1.905
0.76
0.378021
2
1.995
0.32
0.380789
1.5
1.49938
0.0935226
0.400714
1.2
0.575
0.47
0.7
1
0.095
0.82
0.419952
0.5
0.955
1.28
0.403113
0.5
0
0.935
-0.35
0.655
0.51
-0.249517
-0.098634
-0.065
0.86
-0.215
0.91
0.235
0.93
0.055
1.05
0.845
1.22
0.815
1.56
1.125
1.22
1.205
1.56
1.645
0.13
2.095
0.26
2.125
0.76
1.90574
0.964831
0.309735
-0.031302
0.0552484
0.0938731
-0.0912674
0.679532
0.0985675
0.744187
0.193481
0.776515
0.383315
0.84117
0.66806
0.938153
0.85789
1.00281
0.952807
1.03514
1.14264
1.09979
1.38406
0.546465
1.32147
0.419222
1.25889
0.291978
1.995
0.93
0.378021
2
2.005
0.44
0.380789
1.5
1.425
0.33
0.400714
1.2
0.655
0.51
0.7
1
0.115
0.85
0.419952
0.5
0.955
1.28
0.403113
0.5
0
1.12
-0.34
0.74
0.485
-0.0726555
-0.228452
-0.015
0.77
-0.16
0.79
0.28
0.87
0.065
0.96
0.86
1.23
0.815
1.55
1.13
1.235
1.18
1.55
1.775
0.235
2.145
0.5
2.075
0.925
1.84037
1.08242
0.46898
-0.0912966
0.202752
-0.000423893
-0.0156508
0.557149
0.162904
0.644826
0.252177
0.688666
0.430731
0.776343
0.698556
0.907858
0.877105
0.995537
0.966382
1.03938
1.14493
1.12705
1.4526
0.613322
1.40717
0.480209
1.36173
0.347094
1.945
1
0.378021
2
2.075
0.66
0.380789
1.5
1.635
0.4
0.400714
1.2
0.74
0.485
0.7
1
0.185
0.73
0.419952
0.5
0.975
1.34
0.403113
0.5
0
1.305
-0.33
0.825
0.46
0.104206
-0.35827
0.035
0.68
-0.105
0.67
0.325
0.81
0.075
0.87
0.875
1.24
0.815
1.54
1.135
1.25
1.125
1.54
1.905
0.34
2.195
0.74
2.025
1.09
1.775
1.2
0.628225
-0.151291
0.350255
-0.0947209
0.0599657
0.434766
0.227241
0.545466
0.310873
0.600816
0.478147
0.711516
0.729052
0.877564
0.896321
0.988265
0.979957
1.04362
1.14723
1.15431
1.52114
0.680179
1.49286
0.541195
1.46457
0.40221
1.805
1.27
0.378021
2
2.135
0.85
0.380789
1.5
1.685
0.58
0.400714
1.2
0.825
0.46
0.7
1
0.155
0.63
0.419952
0.5
0.98312
1.30877
0.403113
0.5
0
1.485
-0.22
0.935
0.49
0.319084
-0.409971
0.105
0.61
-0.255
0.59
0.285
0.83
-0.115
0.85
0.895
1.25
0.835
1.54
1.14658
1.31192
1.155
1.55
1.915
0.54
2.215
0.96
1.905
1.23
1.64345
1.30877
0.814062
-0.140744
0.531251
-0.118417
0.178661
0.371851
0.331234
0.502093
0.407516
0.567214
0.560089
0.697456
0.788942
0.892818
0.94151
1.02306
1.0178
1.08818
1.17036
1.21842
1.59923
0.793277
1.58807
0.651873
1.57691
0.510467
1.775
1.27
0.378021
2
2.105
1.06
0.380789
1.5
1.93413
0.560814
0.400714
1.2
0.935
0.49
0.7
1
0.105
0.62
0.419952
0.5
0.988666
1.35178
0.403113
0.5
1
-0.245
0.74
0.334216
-0.995037
0.0995037
1.8
0.3
1
0
1.615
-0.15
1.035
0.48
0.501156
-0.471003
0.065
0.53
-0.395
0.47
0.155
0.78
-0.405
0.7
0.935
1.21
0.845
1.55
1.155
1.31
1.135
1.53
1.945
0.65
2.205
0.95
1.945
1.2
1.64516
1.19033
0.970375
-0.158999
0.686686
-0.161798
0.292061
0.295349
0.43251
0.438592
0.50273
0.510214
0.643179
0.653458
0.853846
0.868321
0.99429
1.01156
1.06451
1.08319
1.20496
1.22643
1.6698
0.840906
1.6712
0.699063
1.6726
0.557218
1.735
1.27
0.378021
2
2.085
1.07
0.380789
1.5
2.02397
0.638995
0.400714
1.2
1.035
0.48
0.7
1
-0.035
0.57
0.419952
0.5
1.01216
1.34318
0.403113
0.5
1
-0.355
0.62
0.334216
-0.995037
0.0995037
1.8
0.3
1
0
1.615
-0.185
1.035
0.445
0.501156
-0.506003
-0.0575369
0.459968
-0.665
0.385
0.103063
0.717408
-0.5761
0.651548
0.94
1.205
0.84
1.545
1.17
1.3
1.14
1.535
1.945
0.615
2.205
0.915
1.945
1.165
1.64516
1.15533
0.970375
-0.193999
0.686686
-0.196798
0.292061
0.260349
0.43251
0.403592
0.50273
0.475214
0.643179
0.618458
0.853846
0.833321
0.99429
0.976565
1.06451
1.04819
1.20496
1.19143
1.6698
0.805906
1.6712
0.664063
1.6726
0.522218
1.685
1.14
0.378021
2
2.175
1.06
0.380789
1.5
1.785
0.61
0.400714
1.2
1.035
0.445
0.7
1
-0.135
0.47
0.529245
0.5
1.01216
1.30818
0.403113
0.5
1
-0.595
0.52
0.334216
-0.995037
0.0995037
1.8
0.3
1
0
1.615
-0.22
1.035
0.41
0.501156
-0.541003
-0.180074
0.389936
-0.935
0.3
0.0511268
0.654816
-0.7472
0.603097
0.945
1.2
0.835
1.54
1.185
1.29
1.145
1.54
1.945
0.58
2.205
0.88
1.945
1.13
1.64516
1.12033
0.970375
-0.228999
0.686686
-0.231798
0.292061
0.225349
0.43251
0.368592
0.50273
0.440214
0.643179
0.583458
0.853846
0.798321
0.99429
0.941565
1.06451
1.01319
1.20496
1.15643
1.6698
0.770906
1.6712
0.629063
1.6726
0.487218
1.665
1.11
0.378021
2
2.225
1.03
0.380789
1.5
1.835
0.69
0.400714
1.2
1.035
0.41
0.7
1
-0.215
0.4
0.588218
0.5
1.01216
1.27318
0.403113
0.5
1
-0.845
0.47
0.334216
-0.995037
0.0995037
1.8
0.3
1
0
1.49
-0.235
0.975
0.39
0.382959
-0.523345
-0.137537
0.414968
-0.85
0.4
0.0930634
0.657408
-0.6461
0.661548
0.945
1.21
0.84
1.535
1.175
1.28
1.145
1.535
1.905
0.455
2.245
0.655
2.055
1.025
1.78302
1.10735
0.870098
-0.24235
0.587364
-0.227142
0.223311
0.253213
0.372288
0.386976
0.44677
0.453858
0.595746
0.58762
0.819202
0.788263
0.968172
0.922027
1.04265
0.988911
1.19163
1.12267
1.63016
0.709198
1.62256
0.567832
1.61495
0.426464
1.85
1.07
0.378021
2
2.145
0.82
0.380789
1.5
1.715
0.6
0.400714
1.2
0.975
0.39
0.7
1
-0.205
0.455
0.588218
0.5
1.007
1.25118
0.403113
0.5
0
1.365
-0.25
0.915
0.37
0.264763
-0.505686
-0.0949999
0.44
-0.765
0.5
0.135
0.66
-0.545
0.72
0.945
1.22
0.845
1.53
1.165
1.27
1.145
1.53
1.865
0.33
2.285
0.43
2.165
0.92
1.92088
1.09437
0.769822
-0.255701
0.488042
-0.222486
0.154562
0.281078
0.312065
0.40536
0.390811
0.467501
0.548312
0.591783
0.784558
0.778206
0.942054
0.902488
1.0208
0.964631
1.1783
1.08891
1.59052
0.64749
1.57391
0.506601
1.55731
0.365711
2.035
1.03
0.378021
2
2.065
0.61
0.380789
1.5
1.595
0.51
0.400714
1.2
0.915
0.37
0.7
1
-0.195
0.51
0.532541
0.5
1.00185
1.22919
0.403113
0.5
0
1.2
-0.28
0.83
0.315
0.111056
-0.50032
-0.11
0.455
-0.655
0.6
0.14
0.68
-0.395
0.82
0.925779
1.17621
0.845
1.52
1.17
1.23
1.15
1.53
1.77
0.145
2.195
0.205
2.2
0.7
2.05328
0.935144
0.633531
-0.294263
0.356465
-0.237728
0.0673636
0.29024
0.234169
0.400504
0.317566
0.455637
0.48437
0.565902
0.734569
0.731298
0.901368
0.841563
0.984767
0.896697
1.15157
1.00696
1.52406
0.534127
1.4958
0.395595
1.46753
0.257062
2.14
0.865
0.378021
2
2.05
0.38
0.380789
1.5
1.51
0.35
0.400714
1.2
0.83
0.315
0.7
1
-0.18
0.56
0.532541
0.5
1.01342
1.2146
0.403113
0.5
0
0.7625
-0.355
0.5425
0.2475
-0.321863
-0.367079
-0.2475
0.5925
-0.635
0.84
0.0225
0.755
-0.33
0.965
0.76539
0.993105
0.77
1.28
1.0325
1.01
1.0825
1.28
1.3875
-0.2325
1.725
-0.2675
1.9275
0.17
1.92414
0.397572
0.220313
-0.28757
-0.0303115
-0.172223
-0.187488
0.393647
-0.0044975
0.461285
0.086993
0.495105
0.269982
0.562743
0.54446
0.664201
0.727445
0.73184
0.818938
0.765661
1.00193
0.833299
1.25059
0.30125
1.19292
0.175939
1.13524
0.0506255
1.9375
0.2975
0.378021
2
1.6025
-0.105
0.380789
1.5
1.1875
0.1
0.400714
1.2
0.5425
0.2475
0.7
1
-0.2375
0.68
0.532541
0.5
0.893551
1.04282
0.403113
0.5
0
0.325
-0.43
0.255
0.18
-0.754782
-0.233838
-0.385
0.73
-0.615
1.08
-0.095
0.83
-0.265
1.11
0.605
0.81
0.695
1.04
0.895
0.79
1.015
1.03
1.005
-0.61
1.255
-0.74
1.655
-0.36
1.795
-0.14
-0.192904
-0.280877
-0.417088
-0.106718
-0.44234
0.497055
-0.243164
0.522066
-0.14358
0.534573
0.0555949
0.559584
0.354351
0.597103
0.553523
0.622117
0.65311
0.634624
0.852282
0.659637
0.977113
0.068374
0.890034
-0.0437173
0.802955
-0.155811
1.735
-0.27
0.378021
2
1.155
-0.59
0.380789
1.5
0.865
-0.15
0.400714
1.2
0.255
0.18
0.7
1
-0.295
0.8
0.419952
0.5
0.773681
0.871032
0.403113
0.5
0
0.075
-0.3325
0.1
0.2525
-0.916676
0.027264
-0.4125
0.8625
-0.6075
1.17
-0.135
0.9225
-0.2725
1.1975
0.5075
0.7975
0.6225
0.995
0.7775
0.7325
0.9225
0.935
0.575
-0.5975
0.74
-0.8
1.1575
-0.5325
1.32367
-0.358955
-0.395973
-0.108167
-0.578508
0.091984
-0.504253
0.663816
-0.312907
0.655005
-0.217237
0.650603
-0.0258915
0.641792
0.261122
0.628579
0.452465
0.619772
0.548138
0.615369
0.73948
0.606561
0.760891
0.0303297
0.660816
-0.060937
0.560741
-0.152205
1.2375
-0.455
0.378021
2
0.7175
-0.585
0.380789
1.5
0.625
-0.1425
0.400714
1.2
0.1
0.2525
0.7
1
-0.346646
0.969175
0.419952
0.5
0.67151
0.818274
0.403113
0.5
0
-0.175
-0.235
-0.055
0.325
-1.07857
0.288366
-0.44
0.995
-0.6
1.26
-0.175
1.015
-0.28
1.285
0.41
0.785
0.55
0.95
0.66
0.675
0.83
0.84
0.145
-0.585
0.225
-0.86
0.66
-0.705
0.852342
-0.57791
-0.599042
0.064543
-0.739929
0.290686
-0.566166
0.830577
-0.38265
0.787943
-0.290894
0.766632
-0.107378
0.724
0.167892
0.660056
0.351407
0.617428
0.443165
0.596114
0.626679
0.553485
0.54467
-0.0077147
0.431599
-0.0781567
0.318527
-0.1486
0.74
-0.64
0.378021
2
0.28
-0.58
0.380789
1.5
0.385
-0.135
0.400714
1.2
-0.055
0.325
0.7
1
-0.398292
1.13835
0.419952
0.5
0.56934
0.765516
0.403113
0.5
0
-0.425
-0.1375
-0.21
0.3975
-1.24046
0.549468
-0.4675
1.1275
-0.5925
1.35
-0.215
1.1075
-0.2875
1.3725
0.3125
0.7725
0.4775
0.905
0.5425
0.6175
0.7375
0.745
-0.285
-0.5725
-0.29
-0.92
0.1625
-0.8775
0.381013
-0.796865
-0.802111
0.237253
-0.90135
0.489388
-0.628079
0.997339
-0.452393
0.920882
-0.364551
0.882662
-0.188864
0.806208
0.0746624
0.691533
0.250349
0.615084
0.338192
0.576859
0.513878
0.500409
0.328448
-0.0457591
0.202381
-0.0953763
0.076313
-0.144994
0.2425
-0.825
0.378021
2
-0.1575
-0.575
0.380789
1.5
0.145
-0.1275
0.400714
1.2
-0.21
0.3975
0.7
1
-0.449938
1.30752
0.419952
0.5
0.46717
0.712758
0.403113
0.5
0
-0.675
-0.04
-0.365
0.47
-1.40236
0.81057
-0.495
1.26
-0.585
1.44
-0.255
1.2
-0.295
1.46
0.215
0.76
0.405
0.86
0.425
0.56
0.645
0.65
-0.715
-0.56
-0.805
-0.98
-0.335
-1.05
-0.0903165
-1.01582
-1.00518
0.409963
-1.06277
0.688091
-0.689992
1.1641
-0.522135
1.05382
-0.438208
0.998691
-0.270351
0.888416
-0.0185671
0.72301
0.14929
0.61274
0.23322
0.557604
0.401076
0.447333
0.112226
-0.0838034
-0.0268363
-0.112596
-0.165901
-0.141389
-0.255
-1.01
0.415933
2
-0.595
-0.57
0.380789
1.5
-0.095
-0.12
0.400714
1.2
-0.365
0.47
0.7
1
-0.501584
1.4767
0.419952
0.5
0.365
0.66
0.403113
0.5
0
-0.665
0.02
-0.355
0.53
-1.39236
0.870569
-0.505
1.27
-0.575
1.46
-0.245
1.22
-0.295
1.44
0.345
0.89
0.745
1.11
0.535
0.67
0.875
0.85
-1.065
-0.54
-1.035
-0.95
-0.525
-1.03
-0.280317
-0.995815
-0.995183
0.469963
-1.05277
0.748091
-0.679992
1.2241
-0.512135
1.11382
-0.428208
1.05869
-0.26035
0.948416
-0.00856709
0.78301
0.15929
0.67274
0.24322
0.617604
0.411076
0.507333
0.122226
-0.0238034
-0.0168363
-0.0525959
-0.155901
-0.0813891
-0.395
-1.03
0.378021
2
-0.825
-0.78
0.380789
1.5
-0.465
-0.29
0.400714
1.2
-0.355
0.53
0.7
1
-0.491584
1.5367
0.419952
0.5
0.535
0.83
0.403113
0.5
1
0.955
1.02
0.458912
0.995037
0.0995037
1.8
0.3
1
0
-0.805
0.05
-0.435
0.53
-1.427
0.986252
-0.499954
1.28229
-0.547915
1.47902
-0.235
1.23
-0.275
1.45
0.375
0.87
0.975
1.2
0.657259
0.658268
1.095
0.89
-1.26202
-0.45245
-1.2788
-0.863225
-0.781163
-1.00066
-0.534167
-0.994496
-1.07789
0.54309
-1.1035
0.825973
-0.679037
1.25657
-0.524789
1.12793
-0.447665
1.06361
-0.293416
0.934973
-0.0620449
0.742021
0.0922037
0.613386
0.16933
0.549068
0.323578
0.420433
-0.023767
-0.0744695
-0.165207
-0.0872762
-0.306649
-0.100083
-0.705
-0.98
0.378021
2
-0.975
-0.58
0.380789
1.5
-0.435
-0.19
0.400714
1.2
-0.435
0.53
0.7
1
-0.45632
1.54575
0.419952
0.5
0.635
0.82
0.566039
0.5
1
1.215
1.03
0.458912
0.995037
0.0995037
1.8
0.3
1
0
-0.805
0.05
-0.435
0.53
-1.427
0.986252
-0.499954
1.28229
-0.547915
1.47902
-0.235
1.23
-0.275
1.45
0.409084
0.909465
1.1436
1.22645
0.66454
0.61811
1.39977
0.933446
-1.445
-0.42
-1.175
-0.92
-0.425
-0.84
-0.178005
-0.833837
-1.07789
0.54309
-1.1035
0.825973
-0.679037
1.25657
-0.524789
1.12793
-0.447665
1.06361
-0.293416
0.934973
-0.0620449
0.742021
0.0922037
0.613386
0.16933
0.549068
0.323578
0.420433
-0.023767
-0.0744695
-0.165207
-0.0872762
-0.306649
-0.100083
-0.375
-0.85
0.442832
2
-1.075
-0.64
0.380789
1.5
-0.565
-0.17
0.400714
1.2
-0.435
0.53
0.7
1
-0.45632
1.54575
0.419952
0.5
0.705
0.84
0.606383
0.5
1
1.295
1.09
0.458912
0.995037
0.0995037
1.8
0.3
1
0
-0.80625
0.0275
-0.43625
0.5075
-1.42825
0.963752
-0.500584
1.2695
-0.550051
1.47914
-0.23375
1.21625
-0.2725
1.45375
0.386074
0.875782
1.06378
1.16689
0.633347
0.588346
1.31417
0.878015
-1.395
-0.46375
-1.1525
-0.96125
-0.4425
-0.9225
-0.195505
-0.916337
-1.07914
0.52059
-1.10475
0.803473
-0.680287
1.23407
-0.526039
1.10543
-0.448915
1.04111
-0.294666
0.912473
-0.0632949
0.719521
0.0909537
0.590886
0.16808
0.526568
0.322328
0.397933
-0.025017
-0.0969695
-0.166457
-0.109776
-0.307899
-0.122583
-0.39
-0.935
0.442832
2
-1.01
-0.68
0.380789
1.5
-0.52
-0.185
0.400714
1.2
-0.43625
0.5075
0.7
1
-0.45757
1.52325
0.419952
0.5
0.695
0.815
0.606383
0.5
0
-0.8075
0.00500002
-0.4375
0.485
-1.4295
0.941252
-0.501215
1.25672
-0.552186
1.47927
-0.2325
1.2025
-0.27
1.4575
0.363063
0.842098
0.983953
1.10734
0.602155
0.558583
1.22858
0.822584
-1.345
-0.5075
-1.13
-1.0025
-0.46
-1.005
-0.213005
-0.998837
-1.08039
0.49809
-1.106
0.780973
-0.681537
1.21157
-0.527289
1.08293
-0.450165
1.01861
-0.295916
0.889973
-0.0645449
0.697021
0.0897037
0.568386
0.16683
0.504068
0.321078
0.375433
-0.026267
-0.11947
-0.167707
-0.132276
-0.309149
-0.145083
-0.405
-1.02
0.415933
2
-0.945
-0.72
0.380789
1.5
-0.475
-0.2
0.400714
1.2
-0.4375
0.485
0.7
1
-0.45882
1.50075
0.419952
0.5
0.685
0.79
0.572713
0.5
0
-0.80875
-0.0175
-0.43875
0.4625
-1.43075
0.918752
-0.501846
1.24393
-0.554322
1.47939
-0.23125
1.18875
-0.2675
1.46125
0.340053
0.808415
0.904128
1.04778
0.570962
0.528819
1.14298
0.767154
-1.295
-0.55125
-1.1075
-1.04375
-0.4775
-1.0875
-0.230505
-1.08134
-1.08164
0.47559
-1.10725
0.758473
-0.682787
1.18907
-0.528539
1.06043
-0.451415
0.996112
-0.297166
0.867473
-0.0657949
0.674521
0.0884537
0.545886
0.16558
0.481568
0.319828
0.352933
-0.027517
-0.14197
-0.168957
-0.154776
-0.310399
-0.167583
-0.41
-1.1
0.415933
2
-0.93
-0.785
0.380789
1.5
-0.525
-0.3
0.400714
1.2
-0.43875
0.4625
0.7
1
-0.46007
1.47825
0.419952
0.5
0.63
0.74
0.572713
0.5
0
-0.81
-0.04
-0.44
0.44
-1.432
0.896252
-0.502477
1.23114
-0.556458
1.47951
-0.23
1.175
-0.265
1.465
0.317042
0.774732
0.824302
0.988225
0.53977
0.499055
1.05739
0.711723
-1.245
-0.595
-1.085
-1.085
-0.495
-1.17
-0.248005
-1.16384
-1.08289
0.45309
-1.1085
0.735973
-0.684037
1.16657
-0.529789
1.03793
-0.452665
0.973612
-0.298416
0.844973
-0.0670449
0.652021
0.0872037
0.523386
0.16433
0.459068
0.318578
0.330433
-0.028767
-0.164469
-0.170207
-0.177276
-0.311649
-0.190083
-0.415
-1.18
0.378021
2
-0.915
-0.85
0.380789
1.5
-0.575
-0.4
0.400714
1.2
-0.44
0.44
0.7
1
-0.46132
1.45575
0.419952
0.5
0.575
0.69
0.471275
0.5
0
-0.81125
-0.0625
-0.44125
0.4175
-1.43325
0.873752
-0.503108
1.21836
-0.558593
1.47963
-0.22875
1.16125
-0.2625
1.46875
0.294032
0.741049
0.744477
0.928669
0.508577
0.469291
0.971789
0.656292
-1.195
-0.63875
-1.0625
-1.12625
-0.5125
-1.2525
-0.265505
-1.24634
-1.08414
0.43059
-1.10975
0.713473
-0.685287
1.14407
-0.531039
1.01543
-0.453915
0.951112
-0.299666
0.822473
-0.0682949
0.629521
0.0859537
0.500886
0.16308
0.436568
0.317328
0.307933
-0.030017
-0.186969
-0.171457
-0.199776
-0.312899
-0.212583
-0.425
-1.275
0.378021
2
-0.89
-0.875
0.380789
1.5
-0.49
-0.385
0.400714
1.2
-0.44125
0.4175
0.7
1
-0.46257
1.43325
0.419952
0.5
0.56
0.635
0.471275
0.5
0
-0.8125
-0.085
-0.4425
0.395
-1.4345
0.851252
-0.503738
1.20557
-0.560729
1.47976
-0.2275
1.1475
-0.26
1.4725
0.271021
0.707366
0.664651
0.869113
0.477385
0.439528
0.886193
0.600861
-1.145
-0.6825
-1.04
-1.1675
-0.53
-1.335
-0.283005
-1.32884
-1.08539
0.40809
-1.111
0.690973
-0.686537
1.12157
-0.532289
0.992927
-0.455165
0.928612
-0.300916
0.799973
-0.0695449
0.607021
0.0847037
0.478386
0.16183
0.414068
0.316078
0.285433
-0.031267
-0.209469
-0.172707
-0.222276
-0.314149
-0.235083
-0.435
-1.37
0.378021
2
-0.865
-0.9
0.380789
1.5
-0.405
-0.37
0.400714
1.2
-0.4425
0.395
0.7
1
-0.46382
1.41075
0.419952
0.5
0.545
0.58
0.403113
0.5
0
-0.81375
-0.1075
-0.44375
0.3725
-1.43575
0.828752
-0.504369
1.19279
-0.562864
1.47988
-0.22625
1.13375
-0.2575
1.47625
0.248011
0.673683
0.584826
0.809556
0.446193
0.409764
0.800596
0.545431
-1.095
-0.72625
-1.0175
-1.20875
-0.5475
-1.4175
-0.300505
-1.41134
-1.08664
0.38559
-1.11225
0.668473
-0.687787
1.09907
-0.533539
0.970427
-0.456415
0.906112
-0.302166
0.777473
-0.0707949
0.584521
0.0834537
0.455886
0.16058
0.391568
0.314828
0.262933
-0.032517
-0.231969
-0.173957
-0.244776
-0.315399
-0.257583
-0.47
-1.405
0.378021
2
-0.86
-0.93
0.380789
1.5
-0.415
-0.405
0.400714
1.2
-0.44375
0.3725
0.7
1
-0.46507
1.38825
0.419952
0.5
0.485
0.54
0.403113
0.5
0
-0.815
-0.13
-0.445
0.35
-1.437
0.806252
-0.505
1.18
-0.565
1.48
-0.225
1.12
-0.255
1.48
0.225
0.64
0.505
0.75
0.415
0.38
0.715
0.49
-1.045
-0.77
-0.995
-1.25
-0.565
-1.5
-0.318005
-1.49384
-1.08789
0.36309
-1.1135
0.645973
-0.689037
1.07657
-0.534789
0.947927
-0.457665
0.883612
-0.303416
0.754973
-0.0720449
0.562021
0.0822037
0.433386
0.15933
0.369068
0.313578
0.240433
-0.033767
-0.254469
-0.175207
-0.267276
-0.316649
-0.280083
-0.505
-1.44
0.378021
2
-0.855
-0.96
0.380789
1.5
-0.425
-0.44
0.400714
1.2
-0.445
0.35
0.7
1
-0.46632
1.36575
0.419952
0.5
0.425
0.5
0.403113
0.5
0
-0.815
-0.145
-0.445
0.335
-1.437
0.791252
-0.505
1.18
-0.5675
1.485
-0.22375
1.1175
-0.25875
1.47375
0.225
0.625
0.5125
0.72
0.41
0.36625
0.71125
0.46
-1.01375
-0.80125
-0.9625
-1.31125
-0.55875
-1.55125
-0.305372
-1.55012
-1.08789
0.34809
-1.1135
0.630973
-0.689037
1.06157
-0.534789
0.932927
-0.457665
0.868612
-0.303416
0.739973
-0.0720449
0.547021
0.0822037
0.418386
0.15933
0.354068
0.313578
0.225433
-0.033767
-0.269469
-0.175207
-0.282276
-0.316649
-0.295083
-0.445
-1.55
0.378021
2
-0.755
-1.14
0.380789
1.5
-0.445
-0.55
0.400714
1.2
-0.445
0.335
0.7
1
-0.46632
1.35075
0.419952
0.5
0.414578
0.427229
0.403113
0.5
0
-0.815
-0.175
-0.445
0.305
-1.437
0.761252
-0.505
1.18
-0.5725
1.495
-0.22125
1.1125
-0.26625
1.46125
0.225
0.595
0.5275
0.66
0.4
0.33875
0.70375
0.4
-0.95125
-0.86375
-0.8975
-1.43375
-0.54625
-1.65375
-0.280105
-1.66267
-1.08789
0.31809
-1.1135
0.600973
-0.689037
1.03157
-0.534789
0.902927
-0.457665
0.838612
-0.303416
0.709973
-0.0720449
0.517021
0.0822037
0.388386
0.15933
0.324068
0.313578
0.195433
-0.033767
-0.299469
-0.175207
-0.312276
-0.316649
-0.325083
-0.425
-1.64
0.378021
2
-0.755
-1.17
0.380789
1.5
-0.445
-0.58
0.400714
1.2
-0.445
0.305
0.7
1
-0.46632
1.32075
0.419952
0.5
0.414578
0.397228
0.403113
0.5
0
-0.815
-0.19
-0.445
0.29
-1.437
0.746252
-0.505
1.18
-0.575
1.5
-0.225
1.02
-0.155
1.36
0.225
0.58
0.535
0.63
0.395
0.325
0.7
0.37
-0.92
-0.895
-0.865
-1.495
-0.54
-1.705
-0.267472
-1.71895
-1.08789
0.30309
-1.1135
0.585974
-0.689037
1.01657
-0.534789
0.887927
-0.457665
0.823612
-0.303416
0.694973
-0.0720449
0.502021
0.0822037
0.373386
0.15933
0.309068
0.313578
0.180433
-0.033767
-0.314469
-0.175207
-0.327276
-0.316649
-0.340083
-0.425
-1.69
0.378021
2
-0.745
-1.19
0.380789
1.5
-0.435
-0.59
0.400714
1.2
-0.445
0.29
0.7
1
-0.46632
1.30575
0.419952
0.5
0.414578
0.382228
0.403113
0.5
0
-0.815
-0.22
-0.445
0.26
-1.437
0.716252
-0.505
1.18
-0.58
1.51
-0.175
0.99
-0.085
1.3
0.225
0.55
0.55
0.57
0.385
0.2975
0.6925
0.31
-0.8575
-0.9575
-0.8
-1.6175
-0.5275
-1.8075
-0.242206
-1.83151
-1.08789
0.27309
-1.1135
0.555974
-0.689037
0.986566
-0.534789
0.857927
-0.457665
0.793612
-0.303416
0.664973
-0.0720449
0.472021
0.0822037
0.343386
0.15933
0.279068
0.313578
0.150433
-0.033767
-0.344469
-0.175207
-0.357276
-0.316649
-0.370083
-0.355
-1.79
0.382099
2
-0.625
-1.21
0.380789
1.5
-0.395
-0.59
0.400714
1.2
-0.445
0.26
0.7
1
-0.46632
1.27575
0.419952
0.5
0.414578
0.352228
0.403113
0.5
0
-0.815
-0.235
-0.445
0.245
-1.437
0.701252
-0.505
1.18
-0.5825
1.515
-0.105
0.9
-0.005
1.23
0.225
0.535
0.5575
0.54
0.38
0.28375
0.68875
0.28
-0.82625
-0.98875
-0.7675
-1.67875
-0.52125
-1.85875
-0.229573
-1.88779
-1.08789
0.25809
-1.1135
0.540974
-0.689037
0.971566
-0.534789
0.842927
-0.457665
0.778612
-0.303416
0.649973
-0.0720449
0.457021
0.0822037
0.328386
0.15933
0.264068
0.313578
0.135433
-0.033767
-0.359469
-0.175207
-0.372276
-0.316649
-0.385083
-0.405
-1.87
0.431045
2
-0.665
-1.2
0.380789
1.5
-0.365
-0.66
0.400714
1.2
-0.445
0.245
0.7
1
-0.46632
1.26075
0.419952
0.5
0.414578
0.337228
0.403113
0.5
0
-0.801225
-0.257426
-0.389375
0.25125
-1.3644
0.734549
-0.43125
1.1875
-0.5125
1.53625
-0.005
0.9
0.195
1.24
0.28625
0.525
0.630352
0.501827
0.43
0.2675
0.73125
0.21625
-0.70375
-0.98125
-0.65375
-1.73
-0.43375
-1.925
-0.135469
-1.95605
-1.02946
0.282936
-1.04677
0.565494
-0.611418
0.982149
-0.461483
0.849522
-0.386516
0.783213
-0.236581
0.650587
-0.0116794
0.451653
0.138256
0.319031
0.213225
0.252719
0.36316
0.120096
0.00277342
-0.362863
-0.138504
-0.371519
-0.279783
-0.380176
-0.245
-1.94
0.390512
2
-0.545
-1.39
0.380789
1.5
-0.345
-0.73
0.400714
1.2
-0.389375
0.25125
0.7
1
-0.381155
1.26378
0.419952
0.5
0.46963
0.3182
0.403113
0.5
0
-0.78745
-0.264851
-0.33375
0.2725
-1.29179
0.782847
-0.3575
1.195
-0.44
1.5525
0.135
1
0.265
1.37
0.3475
0.53
0.695705
0.493653
0.485
0.265
0.7775
0.1825
-0.6125
-0.9425
-0.5725
-1.72
-0.3525
-1.94
-0.0539969
-1.96805
-0.971024
0.322783
-0.980035
0.605015
-0.533799
1.00773
-0.388177
0.871118
-0.315367
0.802815
-0.169745
0.666201
0.048686
0.461285
0.194308
0.324675
0.26712
0.25637
0.412741
0.119759
0.0393138
-0.351257
-0.101801
-0.355762
-0.242917
-0.360268
-0.235
-1.95
0.439318
2
-0.495
-1.36
0.380789
1.5
-0.285
-0.68
0.400714
1.2
-0.33375
0.2725
0.7
1
-0.29599
1.28181
0.419952
0.5
0.524683
0.314171
0.403113
0.5
0
-0.7599
-0.279703
-0.2225
0.315
-1.14658
0.879441
-0.21
1.21
-0.295
1.585
0.243249
1.11893
0.345
1.54
0.47
0.54
0.82641
0.477306
0.595
0.26
0.87
0.115
-0.43
-0.865
-0.41
-1.7
-0.19
-1.97
0.108946
-1.99203
-0.854158
0.402475
-0.846567
0.684056
-0.37856
1.0589
-0.241566
0.914308
-0.173069
0.842017
-0.0360741
0.697429
0.169417
0.48055
0.306412
0.335965
0.37491
0.263671
0.511904
0.119085
0.112395
-0.328044
-0.0283944
-0.324249
-0.169185
-0.320454
-0.075
-2.01
0.430465
2
-0.225
-1.35
0.380789
1.5
-0.195
-0.64
0.400714
1.2
-0.2225
0.315
0.7
1
-0.12566
1.31787
0.419952
0.5
0.634789
0.306114
0.403113
0.5
0
-0.73235
-0.294555
-0.11125
0.3575
-1.00137
0.976036
-0.085
1.2
-0.127647
1.61378
0.28
1.1525
0.255
1.58
0.5925
0.55
0.957115
0.460959
0.705
0.255
0.9625
0.0475
-0.2475
-0.7875
-0.2475
-1.68
-0.0275
-2
0.27189
-2.01601
-0.737292
0.482168
-0.713098
0.763097
-0.223322
1.11006
-0.0949544
0.957499
-0.030771
0.88122
0.097597
0.728656
0.290148
0.499815
0.418516
0.347254
0.482701
0.270973
0.611068
0.118412
0.185475
-0.304832
0.0450118
-0.292735
-0.0954532
-0.280639
0.105
-1.99
0.4
2
-0.125
-1.32
0.380789
1.5
-0.025
-0.6
0.400714
1.2
-0.11125
0.3575
0.7
1
0.04467
1.35394
0.419952
0.5
0.744894
0.298057
0.403113
0.5
0
-0.7048
-0.309406
0
0.4
-0.856164
1.07263
0.085
1.24
-0.005
1.65
0.445
1.17
0.435
1.63
0.715
0.56
1.08782
0.444612
0.815
0.25
1.055
-0.02
-0.065
-0.71
-0.085
-1.66
0.135
-2.03
0.434833
-2.03999
-0.620426
0.56186
-0.57963
0.842138
-0.0680835
1.16123
0.051657
1.00069
0.111527
0.920423
0.231268
0.759884
0.410879
0.519079
0.53062
0.358543
0.590491
0.278274
0.710231
0.117738
0.258556
-0.281619
0.118418
-0.261221
-0.0217212
-0.240824
0.285
-2.01
0.378021
2
0.005
-1.33
0.380789
1.5
0.005
-0.6
0.400714
1.2
0
0.4
0.7
1
0.215
1.39
0.419952
0.5
0.855
0.29
0.403113
0.5
0
