31
10
15
13
6
0.145
-0.27
0.475
0.48
-0.577206
0.761492
0.22244
1.28598
-0.021756
1.6276
0.828644
1.20765
1.105
1.63
1.2982
0.83915
1.975
0.69
1.50487
0.36102
1.965
0.48
0.852258
-0.566406
1.535
-0.86
2.095
-0.28
2.24135
-0.018117
-0.159305
0.384577
-0.23214
0.658398
0.112671
1.15326
0.285999
1.05276
0.372662
1.00252
0.545991
0.902025
0.805981
0.751285
0.979309
0.650793
1.06597
0.600546
1.2393
0.500054
0.981153
-0.0450526
0.844243
-0.0814694
0.707333
-0.117888
2.135
-0.16
0.495782
2
1.515
-0.61
0.380789
1.5
0.905
-0.3
0.400714
1.2
0.475
0.48
0.7
1
0.555
1.31
0.677422
0.5
1.595
0.55
0.505371
0.5
0
0.255
-0.37
0.505
0.39
-0.570312
0.563844
0.172346
1.16641
-0.105106
1.48166
0.765
1.13
0.885
1.5
1.28779
0.830444
1.945
0.79
1.54168
0.375593
1.98748
0.540425
0.985995
-0.613036
1.69493
-0.836221
2.19355
-0.202613
2.31272
0.0727224
-0.116469
0.231022
-0.21658
0.496107
0.0765303
1.02328
0.259129
0.940787
0.350427
0.89955
0.533026
0.817061
0.806922
0.69333
0.98952
0.610844
1.08082
0.5696
1.26342
0.487114
1.0616
-0.0813023
0.929063
-0.131357
0.796521
-0.181414
2.22123
-0.079181
0.495782
2
1.64979
-0.589502
0.380789
1.5
1.01157
-0.342651
0.400714
1.2
0.505
0.39
0.7
1
0.500802
1.22389
0.677422
0.5
1.61228
0.572718
0.505371
0.5
0
0.335
-0.43
0.545
0.3
-0.536766
0.428235
0.145
1.03
-0.115
1.27
0.735
0.99
0.805
1.3
1.235
0.76
1.845
0.87
1.5881
0.348771
1.935
0.55
1.068
-0.681863
1.78578
-0.874888
2.25719
-0.220727
2.36463
0.0594172
-0.0692288
0.114879
-0.180465
0.37551
0.0901126
0.914638
0.276047
0.839933
0.369012
0.80259
0.554947
0.72789
0.833845
0.615842
1.01978
0.541145
1.11274
0.503795
1.29868
0.429099
1.12107
-0.147376
0.990752
-0.202993
0.860437
-0.258612
2.27964
-0.0962277
0.495782
2
1.73025
-0.630283
0.380789
1.5
1.08213
-0.410622
0.400714
1.2
0.545
0.3
0.7
1
0.505549
1.13301
0.677422
0.5
1.64363
0.529381
0.505371
0.5
0
0.475
-0.59
0.625
0.13
-0.46374
0.168389
0.166001
0.824491
-0.112965
1.0422
0.635
0.82
0.445
1.05
1.185
0.64
1.705
0.78
1.595
0.37
1.995
0.52
1.22741
-0.805342
1.95874
-0.938391
2.455
-0.26
2.53892
0.0280856
0.0281314
-0.105271
-0.104275
0.145292
0.120833
0.704978
0.312319
0.645892
0.408059
0.616359
0.599545
0.557278
0.88677
0.468659
1.07826
0.409581
1.17399
0.38004
1.36548
0.320963
1.23612
-0.26826
1.11083
-0.334462
0.985553
-0.400666
2.38657
-0.12152
0.495782
2
1.88317
-0.699196
0.380789
1.5
1.21907
-0.533842
0.400714
1.2
0.625
0.13
0.7
1
0.516827
0.956961
0.677422
0.5
1.70099
0.449422
0.505371
0.5
0
0.625
-0.81
0.715
-0.1
-0.373313
-0.149733
0.115
0.54
-0.195
0.6
0.575
0.58
0.235
0.76
1.265
0.44
1.765
0.51
1.645
0.24
2.045
0.3
1.39105
-0.98362
2.13077
-1.05713
2.57059
-0.340825
2.63095
-0.0468904
0.139082
-0.382751
-0.0131465
-0.143701
0.165994
0.432364
0.361635
0.388948
0.459452
0.367248
0.655093
0.323836
0.94855
0.258719
1.14419
0.215309
1.24201
0.193603
1.43765
0.150194
1.35632
-0.447575
1.2368
-0.523689
1.11728
-0.599804
2.49119
-0.208324
0.495782
2
2.03611
-0.824815
0.380789
1.5
1.3608
-0.713674
0.400714
1.2
0.715
-0.1
0.7
1
0.540338
0.715537
0.677422
0.5
1.76168
0.305354
0.505371
0.5
0
0.885
-0.97
0.935
-0.25
-0.149125
-0.358568
0.255
0.3
-0.035
0.24
0.685
0.42
0.325
0.47
1.485
0.29
1.975
0.37
1.835
0.12
2.255
0.15
1.65795
-1.09581
2.40062
-1.12918
2.80107
-0.390062
2.84544
-0.0932652
0.375178
-0.563533
0.21022
-0.333051
0.357936
0.251918
0.555658
0.21915
0.654515
0.202774
0.852235
0.170011
1.14881
0.120866
1.34653
0.0881049
1.44539
0.0717223
1.64311
0.0389618
1.59425
-0.562386
1.47901
-0.644864
1.36377
-0.727344
2.71461
-0.262041
0.495782
2
2.29353
-0.902315
0.380789
1.5
1.61312
-0.827877
0.400714
1.2
0.935
-0.25
0.7
1
0.415
0.31
0.482701
0.5
1.865
0.14
0.505371
0.5
0
1.065
-1.16
1.045
-0.44
-0.0234438
-0.654069
0.314396
0.0409385
0.005
0.01
0.625
0.18
0.155
0.21
1.53963
0.151258
2.025
0.23
1.90462
0.0162758
2.285
0.03
1.84728
-1.21117
2.58974
-1.17176
2.91605
-0.396938
2.93119
-0.0971897
0.518451
-0.806809
0.331727
-0.593534
0.421553
0.00314659
0.621555
-0.0101349
0.721551
-0.0167676
0.921552
-0.0300443
1.22155
-0.049959
1.42155
-0.0632339
1.52155
-0.0698735
1.72155
-0.0831473
1.73172
-0.686463
1.62508
-0.779825
1.51845
-0.873187
2.81748
-0.277969
0.495782
2
2.46097
-0.956427
0.380789
1.5
1.77646
-0.948869
0.400714
1.2
1.045
-0.44
0.7
1
0.385
0.04
0.511953
0.5
2.0184
0.119352
0.505371
0.5
0
1.195
-1.38
1.175
-0.66
0.106556
-0.874069
0.444396
-0.179062
0.135
-0.21
0.755
-0.04
0.285
-0.01
1.66963
-0.0687425
2.155
0.00999998
2.03462
-0.203724
2.415
-0.19
1.97728
-1.43117
2.71974
-1.39176
3.04605
-0.616938
3.06119
-0.31719
0.648451
-1.02681
0.461727
-0.813534
0.551553
-0.216853
0.751555
-0.230135
0.851551
-0.236768
1.05155
-0.250044
1.35155
-0.269959
1.55155
-0.283234
1.65155
-0.289874
1.85155
-0.303147
1.86172
-0.906463
1.75508
-0.999825
1.64845
-1.09319
2.94748
-0.497969
0.495782
2
2.59097
-1.17643
0.380789
1.5
1.90646
-1.16887
0.400714
1.2
1.175
-0.66
0.7
1
0.555
-0.18
0.480208
0.5
2.1484
-0.100648
0.505371
0.5
0
1.335
-1.58
1.315
-0.86
0.246556
-1.07407
0.584396
-0.379062
0.275
-0.41
0.895
-0.24
0.425
-0.21
1.80963
-0.268742
2.295
-0.19
2.17462
-0.403724
2.555
-0.39
2.11728
-1.63117
2.85974
-1.59176
3.18605
-0.816938
3.20119
-0.51719
0.788451
-1.22681
0.601727
-1.01353
0.691553
-0.416853
0.891555
-0.430135
0.991552
-0.436768
1.19155
-0.450044
1.49155
-0.469959
1.69155
-0.483234
1.79155
-0.489873
1.99155
-0.503147
2.00172
-1.10646
1.89508
-1.19982
1.78845
-1.29319
3.08748
-0.697969
0.495782
2
2.73097
-1.37643
0.380789
1.5
2.04646
-1.36887
0.400714
1.2
1.315
-0.86
0.7
1
0.645
-0.34
0.491289
0.5
2.2884
-0.300648
0.505371
0.5
0
1.435
-1.51
1.415
-0.79
0.346556
-1.00407
0.684396
-0.309062
0.375
-0.34
0.995
-0.17
0.525
-0.14
1.90963
-0.198742
2.395
-0.12
2.27462
-0.333724
2.655
-0.32
2.21728
-1.56117
2.95974
-1.52176
3.28605
-0.746938
3.30119
-0.44719
0.888451
-1.15681
0.701727
-0.943534
0.791553
-0.346853
0.991555
-0.360135
1.09155
-0.366768
1.29155
-0.380044
1.59155
-0.399959
1.79155
-0.413234
1.89155
-0.419874
2.09155
-0.433147
2.10172
-1.03646
1.99508
-1.12982
1.88845
-1.22319
3.18748
-0.627969
0.495782
2
2.83097
-1.30643
0.380789
1.5
2.14646
-1.29887
0.400714
1.2
1.415
-0.79
0.7
1
0.765
-0.29
0.449948
0.5
2.3884
-0.230648
0.505371
0.5
0
1.525
-1.42
1.505
-0.7
0.436556
-0.914069
0.774396
-0.219062
0.465
-0.25
1.085
-0.08
0.615
-0.05
1.99963
-0.108742
2.485
-0.03
2.36462
-0.243724
2.745
-0.23
2.30728
-1.47117
3.04974
-1.43176
3.37605
-0.656938
3.39119
-0.35719
0.978451
-1.06681
0.791727
-0.853534
0.881553
-0.256853
1.08156
-0.270135
1.18155
-0.276768
1.38155
-0.290044
1.68155
-0.309959
1.88155
-0.323234
1.98155
-0.329873
2.18155
-0.343147
2.19172
-0.946463
2.08508
-1.03982
1.97845
-1.13319
3.27748
-0.537969
0.495782
2
2.92097
-1.21643
0.380789
1.5
2.23646
-1.20887
0.400714
1.2
1.505
-0.7
0.7
1
0.875
-0.18
0.505741
0.5
2.4784
-0.140648
0.505371
0.5
0
1.655
-1.25
1.635
-0.53
0.566556
-0.744069
0.904396
-0.0490615
0.595
-0.08
1.215
0.09
0.745
0.12
2.12963
0.0612576
2.615
0.14
2.49462
-0.0737242
2.875
-0.06
2.43728
-1.30117
3.17974
-1.26176
3.50605
-0.486938
3.52119
-0.18719
1.10845
-0.896809
0.921727
-0.683534
1.01155
-0.0868534
1.21156
-0.100135
1.31155
-0.106768
1.51155
-0.120044
1.81155
-0.139959
2.01155
-0.153234
2.11155
-0.159873
2.31155
-0.173147
2.32172
-0.776463
2.21508
-0.869825
2.10845
-0.963187
3.40748
-0.367969
0.495782
2
3.05097
-1.04643
0.380789
1.5
2.36646
-1.03887
0.400714
1.2
1.635
-0.53
0.7
1
0.965
-0.04
0.528956
0.5
2.6084
0.0293523
0.505371
0.5
0
1.745
-1.11
1.725
-0.39
0.656556
-0.604069
0.994396
0.0909385
0.685
0.06
1.305
0.23
0.835
0.26
2.21963
0.201258
2.705
0.28
2.58462
0.0662758
2.965
0.08
2.52728
-1.16117
3.26974
-1.12176
3.59605
-0.346938
3.61119
-0.0471897
1.19845
-0.756809
1.01173
-0.543534
1.10155
0.0531466
1.30156
0.0398651
1.40155
0.0332324
1.60155
0.0199558
1.90155
4.1008e-05
2.10155
-0.0132339
2.20155
-0.0198735
2.40155
-0.0331472
2.41172
-0.636463
2.30508
-0.729825
2.19845
-0.823187
3.49748
-0.227969
0.495782
2
3.14097
-0.906427
0.380789
1.5
2.45646
-0.898869
0.400714
1.2
1.725
-0.39
0.7
1
1.075
0.06
0.477298
0.5
2.6984
0.169352
0.505371
0.5
1
2.455
1.1
1.95369
0.0995037
-0.995037
0.7
0.75
0.34
0
1.805
-0.92
1.785
-0.2
0.716556
-0.414069
1.0544
0.280938
0.745
0.25
1.365
0.42
0.895
0.45
2.27963
0.391258
2.765
0.47
2.64462
0.256276
3.025
0.27
2.58728
-0.971172
3.32974
-0.931765
3.65605
-0.156938
3.67119
0.14281
1.25845
-0.566809
1.07173
-0.353534
1.16155
0.243147
1.36156
0.229865
1.46155
0.223232
1.66155
0.209956
1.96155
0.190041
2.16155
0.176766
2.26155
0.170127
2.46155
0.156853
2.47172
-0.446464
2.36508
-0.539825
2.25845
-0.633187
3.55748
-0.0379694
0.495782
2
3.20097
-0.716428
0.380789
1.5
2.51646
-0.708869
0.400714
1.2
1.785
-0.2
0.7
1
1.145
0.26
0.466363
0.5
2.7584
0.359352
0.505371
0.5
0
1.875
-0.8
1.855
-0.08
0.786556
-0.29407
1.1244
0.400938
0.815
0.37
1.435
0.54
0.965
0.57
2.34963
0.511257
2.835
0.59
2.71462
0.376276
3.095
0.39
2.65728
-0.851172
3.39974
-0.811765
3.72605
-0.0369381
3.74119
0.26281
1.32845
-0.446809
1.14173
-0.233534
1.23155
0.363146
1.43156
0.349865
1.53155
0.343232
1.73155
0.329956
2.03155
0.310041
2.23155
0.296766
2.33155
0.290127
2.53155
0.276853
2.54172
-0.326464
2.43508
-0.419825
2.32845
-0.513188
3.62748
0.0820306
0.495782
2
3.27097
-0.596428
0.380789
1.5
2.58646
-0.588869
0.400714
1.2
1.855
-0.08
0.7
1
1.175
0.38
0.440382
0.5
2.8284
0.479352
0.505371
0.5
0
1.905
-0.580001
1.885
0.14
0.816556
-0.0740696
1.1544
0.620938
0.845
0.59
1.465
0.76
0.995
0.79
2.37963
0.731257
2.865
0.81
2.74462
0.596276
3.125
0.61
2.68728
-0.631172
3.42974
-0.591765
3.75605
0.183062
3.77119
0.48281
1.35845
-0.22681
1.17173
-0.0135343
1.26155
0.583146
1.46156
0.569865
1.56155
0.563232
1.76155
0.549956
2.06155
0.530041
2.26155
0.516766
2.36155
0.510126
2.56155
0.496853
2.57172
-0.106464
2.46508
-0.199825
2.35845
-0.293188
3.65748
0.302031
0.495782
2
3.30097
-0.376428
0.380789
1.5
2.61646
-0.36887
0.400714
1.2
1.885
0.14
0.7
1
1.175
0.63
0.448559
0.5
2.8584
0.699352
0.505371
0.5
0
1.955
-0.360001
1.935
0.36
0.866556
0.14593
1.2044
0.840938
0.895
0.81
1.515
0.98
1.045
1.01
2.42963
0.951257
2.915
1.03
2.79462
0.816275
3.175
0.83
2.73728
-0.411172
3.47974
-0.371765
3.80605
0.403062
3.82119
0.70281
1.40845
-0.00680959
1.22173
0.206466
1.31155
0.803146
1.51156
0.789865
1.61155
0.783232
1.81155
0.769955
2.11155
0.750041
2.31155
0.736766
2.41155
0.730126
2.61155
0.716852
2.62172
0.113536
2.51508
0.0201748
2.40845
-0.0731877
3.70748
0.522031
0.495782
2
3.35097
-0.156428
0.380789
1.5
2.66646
-0.14887
0.400714
1.2
1.935
0.36
0.7
1
1.175
0.82
0.518101
0.5
2.9084
0.919352
0.505371
0.5
0
2.015
-0.0900006
1.995
0.63
0.926556
0.41593
1.2644
1.11094
0.955
1.08
1.575
1.25
1.105
1.28
2.48963
1.22126
2.975
1.3
2.85462
1.08628
3.235
1.1
2.79728
-0.141172
3.53974
-0.101765
3.86605
0.673062
3.88119
0.97281
1.46845
0.26319
1.28173
0.476466
1.37155
1.07315
1.57156
1.05986
1.67155
1.05323
1.87155
1.03996
2.17155
1.02004
2.37155
1.00677
2.47155
1.00013
2.67155
0.986852
2.68172
0.383536
2.57508
0.290175
2.46845
0.196812
3.76748
0.79203
0.495782
2
3.41097
0.113572
0.380789
1.5
2.72646
0.12113
0.400714
1.2
1.995
0.63
0.7
1
1.345
1.13
0.449254
0.5
2.9684
1.18935
0.505371
0.5
0
2.055
0.139999
2.035
0.86
0.966556
0.64593
1.3044
1.34094
0.995
1.31
1.615
1.48
1.145
1.51
2.52963
1.45126
3.015
1.53
2.89462
1.31627
3.275
1.33
2.83728
0.0888281
3.57974
0.128235
3.90605
0.903062
3.92119
1.20281
1.50845
0.49319
1.32173
0.706466
1.41155
1.30315
1.61156
1.28986
1.71155
1.28323
1.91155
1.26996
2.21155
1.25004
2.41155
1.23677
2.51155
1.23013
2.71155
1.21685
2.72172
0.613536
2.61508
0.520175
2.50845
0.426812
3.80748
1.02203
0.495782
2
3.45097
0.343572
0.380789
1.5
2.76646
0.35113
0.400714
1.2
2.035
0.86
0.7
1
1.355
1.35
0.547547
0.5
3.0084
1.41935
0.505371
0.5
0
1.985
0.00999939
1.965
0.73
0.896556
0.51593
1.225
1.22
0.885
1.26
1.585
1.34
1.11937
1.46911
2.445
1.34
2.905
1.5
2.805
1.2
3.155
1.26
2.775
-0.07
3.495
-0.09
3.835
0.62
3.9271
0.905513
1.43845
0.36319
1.25173
0.576466
1.34155
1.17315
1.54156
1.15986
1.64155
1.15323
1.84155
1.13996
2.14155
1.12004
2.34155
1.10677
2.44155
1.10013
2.64155
1.08685
2.65172
0.483536
2.54508
0.390175
2.43845
0.296812
3.73748
0.89203
0.495782
2
3.38097
0.213572
0.380789
1.5
2.69646
0.22113
0.400714
1.2
1.965
0.73
0.7
1
1.365
1.25
0.485083
0.5
2.9384
1.28935
0.505371
0.5
0
1.855
-0.04
1.895
0.59
0.811308
0.475626
1.245
1.19
0.955
1.39
1.665
1.21
1.385
1.52
2.365
1.12
2.835
1.32
2.725
1
3.095
1.1
2.62759
-0.281488
3.34268
-0.367972
3.745
0.21
3.86311
0.485783
1.33678
0.273434
1.17057
0.503066
1.31518
1.0889
1.5131
1.05719
1.61206
1.04134
1.80998
1.00963
2.10686
0.962058
2.30478
0.930348
2.40374
0.914492
2.60166
0.882783
2.55601
0.281092
2.4412
0.197987
2.32638
0.114881
3.67492
0.587463
0.495782
2
3.2572
-0.0551476
0.380789
1.5
2.5763
0.0156661
0.400714
1.2
1.895
0.59
0.7
1
1.335
1.26
0.443184
0.5
2.91598
1.05697
0.505371
0.5
0
1.605
-0.12
1.755
0.49
0.669592
0.588813
1.23416
1.20519
0.988606
1.45786
1.65009
1.14303
1.43576
1.50167
2.265
0.89
2.725
1.04
2.595
0.73
2.945
0.76
2.304
-0.507608
2.98868
-0.731694
3.445
-0.36
3.61457
-0.112446
1.14572
0.288136
1.02738
0.545777
1.28332
1.09234
1.47132
1.02269
1.56531
0.98787
1.7533
0.918221
2.03529
0.813747
2.22328
0.744099
2.31728
0.709275
2.50527
0.639628
2.34332
0.0582388
2.2145
-0.000932783
2.08568
-0.060106
3.535
-0.16
0.495782
2
2.96573
-0.408158
0.380789
1.5
2.31154
-0.206104
0.400714
1.2
1.755
0.49
0.7
1
1.295
1.3
0.452482
0.5
2.84754
0.749311
0.505371
0.5
0
1.535
-0.21
1.745
0.41
0.672731
0.605529
1.365
1.15
1.205
1.44
1.715
1.05
1.5933
1.45276
2.285
0.81
2.735
0.87
2.585
0.61
2.935
0.57
2.235
-0.59
2.805
-0.87
3.315
-0.79
3.54021
-0.591812
1.12008
0.263445
1.02525
0.530654
1.32908
1.05216
1.5101
0.96596
1.6006
0.92287
1.78162
0.836677
2.05314
0.707389
2.23416
0.621198
2.32467
0.578102
2.50569
0.491911
2.29237
-0.0726867
2.15876
-0.120099
2.02516
-0.167513
3.455
-0.71
0.495782
2
2.735
-0.77
0.380789
1.5
2.23706
-0.333139
0.400714
1.2
1.745
0.41
0.7
1
1.485
1.31
0.379122
0.5
2.85641
0.570539
0.505371
0.5
0
1.325
-0.25
1.585
0.32
0.540065
0.630313
1.28719
1.0968
1.15947
1.40242
1.62436
0.959545
1.5469
1.37313
2.16512
0.659313
2.619
0.670321
2.44177
0.428039
2.78542
0.350435
1.96407
-0.72719
2.5005
-1.06719
3.0162
-1.04278
3.26154
-0.870087
0.947844
0.241848
0.882453
0.517763
1.2409
1.00341
1.41155
0.89814
1.49688
0.845515
1.66753
0.740252
1.92351
0.582359
2.09417
0.477098
2.17949
0.424467
2.35014
0.319207
2.07702
-0.219068
1.93907
-0.251763
1.80111
-0.28446
3.105
-0.92
0.495782
2
2.345
-0.92
0.380789
1.5
1.99388
-0.472037
0.400714
1.2
1.585
0.32
0.7
1
1.445
1.21
0.463949
0.5
2.70735
0.359465
0.505371
0.5
0
1.065
-0.26
1.415
0.2
0.468453
0.740826
1.305
1.06
1.185
1.35
1.655
0.89
1.625
1.35
2.055
0.4
2.465
0.33
2.245
0.06
2.515
-0.05
1.645
-0.91
2.005
-1.37
2.405
-1.61
2.69953
-1.55299
0.776765
0.269443
0.776119
0.553031
1.23606
0.944018
1.37818
0.80254
1.44924
0.73181
1.59135
0.590338
1.80453
0.378131
1.94665
0.23666
2.0177
0.165925
2.15982
0.0244551
1.77094
-0.437264
1.62914
-0.437587
1.48735
-0.437912
2.525
-1.58
0.495782
2
1.835
-1.26
0.380789
1.5
1.63221
-0.664584
0.400714
1.2
1.415
0.2
0.7
1
1.495
1.1
0.494173
0.5
2.51682
-0.0179371
0.505371
0.5
0
0.86065
-0.391176
1.255
0.1
0.319751
0.657302
1.16937
0.9575
1.05312
1.2625
1.52062
0.8
1.48688
1.25875
1.90438
0.295
2.30973
0.219327
2.08312
-0.04125
2.34938
-0.17125
1.44813
-1.01
1.76063
-1.53125
2.13812
-1.7875
2.43332
-1.73887
0.618991
0.180995
0.623525
0.46417
1.08992
0.846169
1.22924
0.702309
1.2989
0.630387
1.43822
0.486531
1.6472
0.270749
1.78652
0.126896
1.85618
0.0549688
1.9955
-0.0888846
1.59877
-0.542808
1.45718
-0.540542
1.31559
-0.538276
2.235
-1.8
0.495782
2
1.745
-1.24
0.380789
1.5
1.44568
-0.781511
0.400714
1.2
1.255
0.1
0.7
1
1.305
1.02
0.510205
0.5
2.32596
-0.104445
0.505371
0.5
0
0.6163
-0.382351
1.055
0.14
0.131049
0.713777
0.99375
0.995
0.88125
1.315
1.34625
0.85
1.30875
1.3075
1.71375
0.33
2.11445
0.248653
1.88125
-0.0025
2.14375
-0.1525
1.21125
-0.97
1.47625
-1.5525
1.83125
-1.825
2.12711
-1.78474
0.421217
0.232547
0.430932
0.515308
0.903776
0.888321
1.0403
0.742077
1.10856
0.668963
1.24508
0.522724
1.44987
0.303368
1.58639
0.157131
1.65465
0.0840124
1.79117
-0.0622242
1.38659
-0.508353
1.24521
-0.503496
1.10383
-0.49864
1.945
-1.79
0.495782
2
1.60263
-1.28265
0.380789
1.5
1.21915
-0.758438
0.400714
1.2
1.055
0.14
0.7
1
1.125
1.06
0.490689
0.5
2.09511
-0.0509528
0.505371
0.5
0
0.1676
-0.354703
0.695
0.23
-0.206356
0.836728
0.6825
1.08
0.5775
1.43
1.0375
0.96
0.9925
1.415
1.3725
0.41
1.76391
0.317306
1.5175
0.085
1.7725
-0.105
0.7775
-0.88
0.9475
-1.585
1.2575
-1.89
1.55468
-1.86649
0.0656696
0.345651
0.0857444
0.627585
0.571489
0.982624
0.702417
0.831615
0.767882
0.756117
0.898811
0.605111
1.0952
0.378605
1.22613
0.227602
1.2916
0.1521
1.42253
0.00109652
1.00225
-0.429442
0.861281
-0.419404
0.720315
-0.409368
1.335
-1.87
0.495782
2
1.06175
-1.2951
0.380789
1.5
0.806103
-0.702292
0.400714
1.2
0.695
0.23
0.7
1
0.835
1.14
0.459379
0.5
1.67341
0.0660314
0.505371
0.5
0
-0.2611
-0.367055
0.355
0.28
-0.52376
0.919679
0.39125
1.125
0.29375
1.505
0.74875
1.03
0.69625
1.4825
1.05125
0.45
1.43337
0.345959
1.17375
0.1325
1.42125
-0.0975
0.36375
-0.83
0.43875
-1.6575
0.70375
-1.995
1.00226
-1.98824
-0.269878
0.418756
-0.239443
0.699861
0.259203
1.03693
0.384537
0.881153
0.447204
0.80327
0.57254
0.647497
0.760541
0.413842
0.885877
0.258072
0.948544
0.180187
1.07388
0.0244172
0.637901
-0.39053
0.49735
-0.375313
0.356797
-0.360096
0.815
-1.99
0.495782
2
0.405
-1.32
0.380789
1.5
0.413051
-0.686146
0.400714
1.2
0.355
0.28
0.7
1
0.575
1.25
0.51473
0.5
1.2717
0.143016
0.505371
0.5
0
-0.48295
-0.33823
0.1775
0.34
-0.689962
0.996155
0.238125
1.1825
0.144375
1.5775
0.596875
1.1
0.540625
1.55125
0.883125
0.505
1.26059
0.395285
0.994375
0.19125
1.23813
-0.05875
0.149375
-0.77
0.176875
-1.65875
0.419375
-2.0125
0.718546
-2.01412
-0.445152
0.490308
-0.409536
0.771
0.0955597
1.09908
0.218097
0.940921
0.279366
0.861846
0.401904
0.703691
0.58571
0.46646
0.708248
0.308308
0.769517
0.22923
0.892055
0.0710776
0.448229
-0.336075
0.307884
-0.318267
0.167538
-0.30046
0.607292
-1.8991
0.495782
2
0.272938
-1.33878
0.380789
1.5
0.209026
-0.643073
0.400714
1.2
0.1775
0.34
0.7
1
0.401767
1.30411
0.448009
0.5
1.06335
0.216508
0.505371
0.5
0
-0.7048
-0.309406
0
0.4
-0.856164
1.07263
0.085
1.24
-0.005
1.65
0.445
1.17
0.385
1.62
0.715
0.56
1.08782
0.444612
0.815
0.25
1.055
-0.02
-0.065
-0.71
-0.085
-1.66
0.135
-2.03
0.434833
-2.03999
-0.620426
0.56186
-0.57963
0.842138
-0.0680835
1.16123
0.051657
1.00069
0.111527
0.920423
0.231268
0.759884
0.410879
0.519079
0.53062
0.358543
0.590491
0.278274
0.710231
0.117738
0.258556
-0.281619
0.118418
-0.261221
-0.0217212
-0.240824
0.285
-2.01
0.378021
2
0.005
-1.33
0.380789
1.5
0.005
-0.6
0.400714
1.2
0
0.4
0.7
1
0.215
1.39
0.419952
0.5
0.855
0.29
0.403113
0.5
0
