31
10
15
13
6
-0.7048
-0.309406
0
0.4
-0.856164
1.07263
0.085
1.24
-0.005
1.65
0.445
1.17
0.395
1.63
0.715
0.56
1.08782
0.444612
0.815
0.25
1.055
-0.02
-0.065
-0.71
-0.085
-1.66
0.135
-2.03
0.434833
-2.03999
-0.620426
0.56186
-0.57963
0.842138
-0.0680835
1.16123
0.051657
1.00069
0.111527
0.920423
0.231268
0.759884
0.410879
0.519079
0.53062
0.358543
0.590491
0.278274
0.710231
0.117738
0.258556
-0.281619
0.118418
-0.261221
-0.0217212
-0.240824
0.285
-2.01
0.378021
2
0.005
-1.33
0.380789
1.5
0.005
-0.6
0.400714
1.2
0
0.4
0.7
1
0.215
1.39
0.419952
0.5
0.855
0.29
0.403113
0.5
0
-0.32
-0.33
0.175
0.42
-0.811301
0.881871
0.0679366
1.25771
-0.055
1.64
0.455
1.18
0.424809
1.65781
0.905
0.74
1.255
0.61
1.035
0.43
1.335
0.18
0.335
-0.75
0.485
-1.67
1.085
-1.73
1.3659
-1.62466
-0.466134
0.437465
-0.489741
0.719791
-0.0634219
1.14635
0.0895446
1.01699
0.166027
0.952313
0.318994
0.822951
0.548443
0.628913
0.701409
0.499554
0.777892
0.434874
0.930857
0.305516
0.581022
-0.185723
0.43986
-0.197526
0.298697
-0.209331
1.285
-1.64
0.386394
2
0.565
-1.37
0.396232
1.5
0.405
-0.61
0.411947
1.2
0.175
0.42
0.7
1
0.245
1.4
0.419952
0.5
1.045
0.49
0.434166
0.5
0
0.075
-0.44
0.385
0.51
-0.695684
0.647832
0.085
1.3
-0.045
1.64
0.385
1.26
0.425
1.64
0.985
1.02
1.395
1.01
1.185
0.79
1.545
0.61
0.865
-0.65
1.225
-1.23
1.865
-0.98
2.00925
-0.716956
-0.230902
0.330314
-0.339832
0.591945
-0.0644626
1.1287
0.120819
1.05235
0.213458
1.01418
0.39874
0.937823
0.67666
0.823297
0.86194
0.746948
0.954581
0.708773
1.13986
0.632423
0.95713
0.0574942
0.826315
0.00302953
0.695501
-0.0514366
1.945
-0.83
0.410122
2
1.235
-0.87
0.4005
1.5
0.902932
-0.346136
0.400714
1.2
0.385
0.51
0.7
1
0.215
1.48
0.419952
0.5
1.245
0.82
0.410122
0.5
0
0.475
-0.23
0.525
0.63
-0.555381
0.486789
0.075
1.3
-0.055
1.64
0.395
1.26
0.425
1.64
0.865
1.31
1.455
1.37
1.185
1.15
1.665
1.18
1.325
-0.33
1.835
-0.44
2.265
-0.03
2.28164
0.269538
-0.0246551
0.298642
-0.196942
0.523791
-0.0679719
1.11334
0.130747
1.08691
0.230105
1.07369
0.428824
1.04726
0.726899
1.00761
0.925616
0.981181
1.02498
0.967965
1.22369
0.941534
1.19408
0.338774
1.0815
0.252632
0.968931
0.166488
2.245
0.24
0.450444
2
1.845
-0.23
0.340588
1.5
1.24494
-0.0654382
0.400714
1.2
0.525
0.63
0.7
1
0.195
1.42
0.419952
0.5
1.235
1.23
0.460435
0.5
0
0.605
-0.2
0.565
0.65
-0.488092
0.36861
0.065
1.27
-0.035
1.63
0.405
1.28
0.425
1.61
0.685
1.33
1.155
1.56
1.045
1.21
1.575
1.43
1.565
0
2.185
0.21
2.205
0.79
2.04394
1.0431
0.0625691
0.250452
-0.137351
0.451541
-0.0854737
1.05291
0.115033
1.05233
0.215284
1.05203
0.415791
1.05145
0.716547
1.05057
0.917051
1.04999
1.0173
1.04969
1.21781
1.04911
1.26618
0.447449
1.16564
0.347489
1.06509
0.247529
2.105
0.95
0.460434
2
1.975
0.37
0.380789
1.5
1.285
0.34
0.400714
1.2
0.565
0.65
0.7
1
0.225
1.4
0.419952
0.5
1.135
1.33
0.437379
0.5
0
0.735
-0.03
0.625
0.69
-0.387581
0.28573
0.045
1.26
-0.055
1.63
0.445
1.29
0.435
1.58
0.645
1.32
1.065
1.53
0.885
1.29
1.415
1.38
1.715
0.56
1.915
0.86
1.595
1.39
1.32821
1.5272
0.173336
0.233631
-0.0490538
0.409661
-0.068794
1.01309
0.130417
1.03627
0.230021
1.04786
0.429234
1.07103
0.728047
1.1058
0.927256
1.12898
1.02686
1.14057
1.22607
1.16375
1.34541
0.571919
1.2574
0.460725
1.16938
0.34953
1.535
1.4
0.378021
2
1.695
0.94
0.380789
1.5
1.505
0.56
0.400714
1.2
0.625
0.69
0.7
1
0.155
1.37
0.419952
0.5
1.115
1.34
0.403113
0.5
0
0.735
-0.03
0.625
0.69
-0.387581
0.28573
0.045
1.26
-0.055
1.63
0.555
1.32
0.475
1.64
0.345
1.28
0.745
1.5
0.735
1.3
1.155
1.41
1.295
0.54
1.125
1.06
0.815
1.48
0.520229
1.53577
0.173336
0.233631
-0.0490538
0.409661
-0.068794
1.01309
0.130417
1.03627
0.230021
1.04786
0.429234
1.07103
0.728047
1.1058
0.927256
1.12898
1.02686
1.14057
1.22607
1.16375
1.34541
0.571919
1.2574
0.460725
1.16938
0.34953
0.665
1.42
0.378021
2
1.175
1.01
0.248809
1.5
1.165
0.58
0.18868
1.2
0.625
0.69
0.7
1
0.155
1.36
0.419952
0.5
0.985
1.34
0.403113
0.5
0
0.675
-0.07
0.595
0.67
-0.435923
0.315003
0.0431359
1.26732
-0.0389137
1.64172
0.555451
1.30266
0.490968
1.62616
0.745236
1.2935
1.05213
1.42887
1.16248
1.43355
1.83462
1.46119
1.45231
0.178086
1.27967
0.957338
1.49246
1.21739
1.78965
1.2584
0.121846
0.235922
-0.0918051
0.422474
-0.0824325
1.02617
0.11767
1.03972
0.21772
1.04649
0.417824
1.06004
0.717976
1.08036
0.918077
1.09391
1.01813
1.10069
1.21823
1.11424
1.3089
0.517323
1.21563
0.410498
1.12235
0.303672
1.705
1.23
0.378021
2
1.415
0.87
0.218898
1.5
1.225
0.49
0.240198
1.2
0.595
0.67
0.7
1
0.265
1.43
0.419952
0.5
1.085
1.34
0.403113
0.5
2
1.91549
1.47731
0.320625
0.14834
-0.988936
1.2
0.25
1
0
1.34517
1.48481
0.237697
0.14834
-0.988936
0.2
0.25
0.75
0
0.615
-0.08
0.555
0.68
-0.485185
0.353096
0.019537
1.29207
-0.0523267
1.66857
0.532627
1.31351
0.476943
1.63864
0.677506
1.37277
1.09238
1.42168
1.38627
1.32929
2.11649
1.30424
1.74862
0.0182378
1.34562
0.7908
1.60621
0.921558
1.90441
0.95449
0.0702403
0.258913
-0.138274
0.451193
-0.112528
1.05442
0.0878708
1.06253
0.188069
1.06659
0.388469
1.07471
0.689064
1.08688
0.889461
1.095
0.989661
1.09906
1.19006
1.10717
1.26451
0.508011
1.16837
0.403755
1.07223
0.299497
1.825
0.96
0.378021
2
1.465
0.56
0.266833
1.5
1.225
0.36
0.254951
1.2
0.525
0.71
0.7
1
0.495
1.2
0.700071
0.5
1.825
1.38
0.376431
0.5
2
2.10953
1.34489
0.320625
0.14834
-0.988936
1.2
0.25
1
0
1.47978
1.37237
0.237697
0.14834
-0.988936
0.2
0.25
0.75
0
0.595
-0.06
0.555
0.68
-0.494499
0.384162
-0.035
1.32
-0.195
1.64
0.631104
1.33014
0.625
1.67
0.625
1.38
1.065
1.4
1.415
1.2
2.21495
1.2087
1.465
-0.24
1.485
0.46
1.645
0.65
1.925
0.68
0.0579066
0.273496
-0.144807
0.471902
-0.10113
1.07412
0.0994313
1.07628
0.199711
1.07735
0.400273
1.07951
0.701112
1.08273
0.901672
1.08489
1.00195
1.08597
1.20251
1.08812
1.25911
0.486977
1.15991
0.385621
1.06071
0.284263
1.815
0.63
0.378021
2
1.305
0.33
0.380789
1.5
1.815
1.23
0.350571
1.2
0.555
0.68
0.7
1
-0.119189
1.43818
0.419952
0.5
0.745
1.42
0.403113
0.5
2
2.235
1.25
0.320625
0.14834
-0.988936
1.2
0.25
1
0
1.435
1.25
0.237697
0.14834
-0.988936
0.2
0.25
0.75
0
0.465
-0.07
0.495
0.66
-0.578096
0.466031
-0.035
1.32
-0.245
1.67
0.64048
1.28295
0.765
1.63
0.455
1.38
0.985
1.39
1.435
1
2.23454
0.972743
1.185
-0.38
1.375
0.16
1.595
0.35
1.89485
0.35937
-0.0387871
0.302949
-0.221579
0.519878
-0.120412
1.1152
0.0794493
1.09813
0.179379
1.08959
0.379241
1.07252
0.679031
1.04692
0.878891
1.02985
0.978822
1.02132
1.17868
1.00425
1.17744
0.400401
1.06898
0.309006
0.960515
0.217609
1.745
0.34
0.378021
2
2.035
1
0.298329
1.5
1.155
0.19
0.400714
1.2
0.495
0.66
0.7
1
0.375
1.24
0.656049
0.5
1.495
1.06
0.278927
0.5
2
2.205
1.02
0.320625
0.14834
-0.988936
1.2
0.25
1
0
1.435
1.03
0.237697
0.14834
-0.988936
0.2
0.25
0.75
0
0.415
-0.07
0.47
0.635
-0.609121
0.483633
-0.0331771
1.3149
-0.22906
1.67265
0.635851
1.26236
0.765
1.63
0.405
1.365
1.01
1.365
1.41
0.98
2.20955
0.953192
0.98
-0.395
1.305
-0.08
1.55702
0.166658
1.84461
0.230898
-0.0770575
0.299535
-0.251021
0.523342
-0.126535
1.11377
0.0723514
1.08885
0.171793
1.07639
0.370681
1.05146
0.669007
1.01408
0.867892
0.989157
0.967337
0.976696
1.16622
0.951773
1.14117
0.348887
1.02927
0.261906
0.917369
0.174924
1.745
0.95
0.378021
2
1.765
0.16
0.380789
1.5
1.155
0.08
0.400714
1.2
0.47
0.635
0.7
1
-0.0953067
1.4767
0.419952
0.5
0.775
1.31
0.403113
0.5
0
0.365
-0.07
0.445
0.61
-0.640147
0.501235
-0.0313542
1.3098
-0.213121
1.6753
0.631221
1.24178
0.765
1.63
0.355
1.35
1.035
1.34
1.385
0.96
2.18457
0.933641
0.775
-0.41
1.235
-0.32
1.51903
-0.0166833
1.79437
0.102426
-0.115328
0.29612
-0.280462
0.526806
-0.132658
1.11235
0.0652535
1.07957
0.164208
1.06318
0.36212
1.0304
0.658984
0.981237
0.856894
0.948462
0.955851
0.932074
1.15376
0.899297
1.10491
0.297373
0.989565
0.214807
0.874223
0.132239
1.805
0.97
0.378021
2
1.725
0.05
0.380789
1.5
1.14288
-0.108536
0.400714
1.2
0.445
0.61
0.7
1
-0.087098
1.47406
0.419952
0.5
0.735
1.36
0.403113
0.5
0
0.33
-0.06
0.425
0.595
-0.662395
0.516938
-0.0312468
1.30771
-0.202562
1.67806
0.61811
1.22589
0.731108
1.64331
0.347744
1.34463
1.075
1.3
1.345
0.955
2.14368
0.912115
0.685
-0.38
1.115
-0.43
1.45702
-0.163342
1.72885
-0.036705
-0.143761
0.297169
-0.30226
0.532341
-0.138045
1.11327
0.0587912
1.07493
0.157208
1.05576
0.354046
1.01742
0.649298
0.959918
0.846133
0.921583
0.944553
0.902415
1.14139
0.864079
1.07559
0.263988
0.958002
0.184739
0.840417
0.105488
1.725
0.98
0.378021
2
1.615
-0.09
0.380789
1.5
1.10208
-0.142685
0.400714
1.2
0.425
0.595
0.7
1
-0.0823133
1.47342
0.419952
0.5
0.745
1.42
0.403113
0.5
0
0.295
-0.05
0.405
0.58
-0.684643
0.532641
-0.0311393
1.30562
-0.192003
1.68083
0.605
1.21
0.697216
1.65662
0.340488
1.33925
1.115
1.26
1.305
0.95
2.10279
0.89059
0.595
-0.35
0.995
-0.54
1.395
-0.31
1.66333
-0.175836
-0.172194
0.298218
-0.324059
0.537875
-0.143433
1.11419
0.052329
1.07029
0.150209
1.04834
0.345972
1.00444
0.639612
0.938599
0.835372
0.894704
0.933254
0.872756
1.12901
0.82886
1.04627
0.230604
0.926438
0.154672
0.806611
0.0787381
1.795
0.9
0.378021
2
1.515
-0.24
0.380789
1.5
0.915
-0.06
0.400714
1.2
0.405
0.58
0.7
1
-0.0775285
1.47278
0.419952
0.5
0.805
1.35
0.403113
0.5
0
0.24
-0.025
0.37
0.6
-0.720028
0.589145
-0.0413855
1.33941
-0.183502
1.68541
0.56
1.245
0.666108
1.66831
0.322744
1.34963
0.995
1.275
1.25
0.975
2.04751
0.912077
0.575
-0.265
0.825
-0.575
1.265
-0.41
1.53916
-0.317918
-0.215985
0.337837
-0.359666
0.58231
-0.159959
1.15195
0.0341185
1.10155
0.131156
1.07635
0.325235
1.02595
0.61635
0.950356
0.810426
0.899961
0.907467
0.874762
1.10154
0.824366
0.998871
0.229536
0.876636
0.157696
0.7544
0.0858546
1.795
0.89
0.378021
2
1.415
-0.33
0.380789
1.5
0.855
-0.12
0.400714
1.2
0.37
0.6
0.7
1
-0.0821317
1.50794
0.419952
0.5
0.715
1.38
0.403113
0.5
0
0.185
0
0.335
0.62
-0.755413
0.645648
-0.0516316
1.3732
-0.175
1.69
0.515
1.28
0.635
1.68
0.305
1.36
0.875
1.29
1.195
1
1.99224
0.933564
0.555
-0.18
0.655
-0.61
1.135
-0.51
1.415
-0.46
-0.259777
0.377455
-0.395273
0.626745
-0.176486
1.1897
0.0159081
1.13281
0.112104
1.10436
0.304499
1.04746
0.593088
0.962113
0.785481
0.905217
0.881679
0.876769
1.07407
0.819872
0.951478
0.228468
0.826834
0.160721
0.70219
0.0929712
1.565
0.96
0.378021
2
1.275
-0.48
0.380789
1.5
0.665
-0.13
0.400714
1.2
0.315
0.58
0.7
1
-0.086735
1.5431
0.419952
0.5
0.745
1.34
0.403113
0.5
0
0.16
0.02
0.33
0.645
-0.758768
0.703245
-0.0433158
1.3866
-0.17
1.685
0.515
1.32
0.595
1.685
0.305
1.375
0.805
1.335
1.16
1.03
1.95767
0.969261
0.715
-0.15
0.475
-0.595
0.955
-0.595
1.23627
-0.553416
-0.271553
0.420442
-0.399483
0.673585
-0.164032
1.22955
0.0265047
1.16694
0.121772
1.13564
0.31231
1.07303
0.598113
0.979118
0.78865
0.916512
0.883919
0.885209
1.07445
0.822603
0.934269
0.235343
0.807699
0.171378
0.681129
0.107412
1.515
0.97
0.378021
2
1.075
-0.58
0.380789
1.5
0.635
-0.09
0.400714
1.2
0.33
0.645
0.7
1
-0.0637826
1.57997
0.419952
0.5
0.665
1.44
0.403113
0.5
0
0.1475
0.03
0.3275
0.6575
-0.760445
0.732044
-0.0391579
1.3933
-0.1675
1.6825
0.515
1.34
0.575
1.6875
0.305
1.3825
0.77
1.3575
1.1425
1.045
1.94039
0.98711
0.795
-0.135
0.385
-0.5875
0.865
-0.6375
1.14691
-0.600124
-0.277441
0.441936
-0.401588
0.697004
-0.157806
1.24947
0.031803
1.184
0.126606
1.15127
0.316216
1.08581
0.600626
0.98762
0.790234
0.92216
0.885039
0.889429
1.07465
0.823968
0.925665
0.23878
0.798132
0.176707
0.670599
0.114632
1.825
0.95
0.378021
2
1.045
-0.56
0.380789
1.5
0.645
0.02
0.400714
1.2
0.315
0.66
0.7
1
0.285
1.4
0.565862
0.5
1.215
0.91
0.403113
0.5
0
0.135
0.04
0.325
0.67
-0.762123
0.760842
-0.035
1.4
-0.165
1.68
0.515
1.36
0.555
1.69
0.305
1.39
0.735
1.38
1.125
1.06
1.9231
1.00496
0.875
-0.12
0.295
-0.58
0.775
-0.68
1.05754
-0.646832
-0.283329
0.463429
-0.403693
0.720424
-0.151579
1.26939
0.0371013
1.20107
0.13144
1.16691
0.320121
1.09859
0.603139
0.996122
0.791818
0.927807
0.88616
0.893649
1.07484
0.825334
0.91706
0.242218
0.788565
0.182036
0.660068
0.121853
0.995
-0.7
0.378021
2
0.655
-0.48
0.380789
1.5
0.805
-0.02
0.400714
1.2
0.325
0.67
0.7
1
0.245
1.4
0.607365
0.5
1.525
0.95
0.493964
0.5
0
0.105
0.07
0.325
0.67
-0.754991
0.825202
-0.025
1.41
-0.151291
1.70604
0.525
1.38
0.505
1.7
0.375
1.26
0.715
1.31
1.065
1.08
1.725
1.09
0.915
-0.17
0.055
-0.5
0.495
-0.78
0.779056
-0.76365
-0.294612
0.499856
-0.399534
0.763581
-0.11525
1.29671
0.0690739
1.2173
0.161235
1.1776
0.345561
1.0982
0.622045
0.979096
0.806368
0.899695
0.898531
0.859994
1.08285
0.780593
0.890729
0.207772
0.758868
0.155311
0.627007
0.102849
0.645
-0.79
0.378021
2
0.415
-0.5
0.380789
1.5
0.715
0.02
0.400714
1.2
0.325
0.67
0.7
1
0.235
1.41
0.554707
0.5
1.415
1.02
0.403113
0.5
0
0.00500003
0.00999999
0.275
0.57
-0.783486
0.835125
0.055
1.31
-0.015
1.65
0.545
1.32
0.425
1.67
0.485
1.12
0.775
1.17
0.995
0.91
1.635
0.83
0.765
-0.32
-0.145
-0.64
0.185
-0.96
0.469262
-0.972858
-0.358847
0.464263
-0.436188
0.737379
-0.098717
1.2386
0.0765116
1.14071
0.164125
1.09176
0.339355
0.993872
0.602196
0.847041
0.777425
0.749153
0.86504
0.700209
1.04027
0.602321
0.79041
0.0521646
0.653853
0.0134943
0.517295
-0.0251772
0.355
-0.98
0.378021
2
0.195
-0.57
0.380789
1.5
0.575
-0.11
0.400714
1.2
0.275
0.57
0.7
1
0.235
1.43
0.487032
0.5
1.295
0.92
0.531507
0.5
0
-0.07
-0.02
0.235
0.55
-0.810477
0.859206
0.055
1.305
-0.015
1.65
0.54
1.315
0.425
1.665
0.51
1.07
0.805
1.1
0.94
0.86
1.59
0.77
0.665
-0.355
-0.285
-0.695
0.07
-1.05
0.353223
-1.0748
-0.402188
0.471123
-0.4679
0.747016
-0.109926
1.23316
0.0608764
1.12806
0.146277
1.07552
0.317081
0.970423
0.573283
0.812786
0.744086
0.707696
0.829488
0.65515
1.00029
0.550059
0.727716
0.0113798
0.58977
-0.021476
0.451824
-0.054333
0.245
-1.05
0.4005
2
0.045
-0.69
0.380789
1.5
0.525
-0.2
0.400714
1.2
0.235
0.55
0.7
1
0.245
1.44
0.419952
0.5
1.205
0.89
0.49257
0.5
0
-0.145
-0.05
0.195
0.53
-0.837468
0.883288
0.055
1.3
-0.015
1.65
0.535
1.31
0.425
1.66
0.535
1.02
0.835
1.03
0.885
0.81
1.545
0.71
0.565
-0.39
-0.425
-0.75
-0.045
-1.14
0.237185
-1.17674
-0.445529
0.477982
-0.499612
0.756653
-0.121135
1.22771
0.0452413
1.11542
0.128429
1.05927
0.294806
0.946973
0.54437
0.778532
0.710746
0.666239
0.793936
0.610091
0.960312
0.497797
0.665022
-0.029405
0.525687
-0.0564463
0.386353
-0.0834887
0.075
-1.17
0.431045
2
-0.005
-0.7
0.380789
1.5
0.505
-0.16
0.400714
1.2
0.195
0.53
0.7
1
0.275
1.41
0.474131
0.5
1.165
0.78
0.471699
0.5
0
-0.22
-0.05
0.145
0.49
-0.8582
0.91284
0.055
1.295
-0.015
1.665
0.533611
1.27418
0.46
1.665
0.585
0.94
1
0.92
0.815
0.72
1.39
0.63
0.485
-0.5
-0.585
-0.895
-0.205
-1.295
0.0733124
-1.35103
-0.496081
0.482418
-0.530682
0.763498
-0.121502
1.20622
0.036338
1.08297
0.115258
1.02135
0.273099
0.898111
0.509859
0.713251
0.6677
0.590012
0.746621
0.528392
0.904461
0.405152
0.574201
-0.0991782
0.433662
-0.116479
0.293123
-0.133781
-0.085
-1.34
0.420119
2
-0.125
-0.84
0.380789
1.5
0.325
-0.25
0.400714
1.2
0.145
0.49
0.7
1
0.265
1.45
0.394588
0.5
1.085
0.74
0.427633
0.5
0
-0.295
-0.05
0.095
0.45
-0.878932
0.942393
0.055
1.29
-0.015
1.68
0.532223
1.23835
0.495
1.67
0.635
0.86
1.165
0.81
0.745
0.63
1.235
0.55
0.405
-0.61
-0.745
-1.04
-0.365
-1.45
-0.0905602
-1.52532
-0.546632
0.486853
-0.561752
0.770343
-0.12187
1.18472
0.0274347
1.05053
0.102087
0.983437
0.251392
0.849248
0.475348
0.647971
0.624653
0.513786
0.699306
0.446693
0.848611
0.312508
0.48338
-0.168951
0.341636
-0.176511
0.199892
-0.184073
-0.255
-1.48
0.51
2
-0.225
-0.91
0.380789
1.5
0.255
-0.37
0.400714
1.2
0.095
0.45
0.7
1
0.255
1.44
0.447214
0.5
0.995
0.69
0.398326
0.5
0
-0.335
-0.05
0.08
0.425
-0.862137
0.972201
0.055
1.265
-0.02
1.66
0.541021
1.22244
0.495
1.67
0.715
0.79
1.275
0.635
0.73
0.545
1.14
0.46
0.28
-0.65
-0.8
-1.14
-0.46
-1.61
-0.190843
-1.70098
-0.557352
0.498922
-0.555989
0.782341
-0.0935577
1.16983
0.0474698
1.02744
0.117983
0.956244
0.259012
0.813849
0.470552
0.600263
0.611581
0.457872
0.682096
0.386676
0.823123
0.244285
0.431205
-0.214396
0.289497
-0.213714
0.147788
-0.213034
-0.325
-1.65
0.432897
2
-0.335
-1.04
0.380789
1.5
0.135
-0.49
0.400714
1.2
0.08
0.425
0.7
1
0.275
1.41
0.448219
0.5
1.055
0.6
0.37917
0.5
0
-0.375
-0.05
0.065
0.4
-0.845342
1.00201
0.055
1.24
-0.025
1.64
0.549819
1.20653
0.495
1.67
0.795
0.72
1.385
0.46
0.715
0.46
1.045
0.37
0.155
-0.69
-0.855
-1.24
-0.555
-1.77
-0.291126
-1.87664
-0.568072
0.510991
-0.550226
0.794339
-0.0652458
1.15495
0.0675048
1.00435
0.13388
0.929051
0.266631
0.77845
0.465757
0.552554
0.598508
0.401958
0.664885
0.326659
0.797636
0.176062
0.379031
-0.25984
0.237357
-0.250917
0.0956838
-0.241996
-0.385
-1.81
0.420476
2
-0.375
-1.05
0.380789
1.5
0.151741
-0.598647
0.400714
1.2
0.065
0.4
0.7
1
0.285
1.35
0.457349
0.5
1.105
0.52
0.460157
0.5
0
-0.315
-0.08
0.105
0.4
-0.837335
0.950693
0.075
1.26
-0.025
1.65
0.495
1.22
0.495
1.69
0.965
0.74
1.525
0.38
0.865
0.47
1.135
0.3
0.195
-0.68
-0.405
-1.41
-0.205
-1.89
0.0643884
-1.98186
-0.53328
0.47576
-0.531155
0.759677
-0.0668684
1.14661
0.0740266
1.00359
0.144474
0.932081
0.28537
0.789056
0.496712
0.574526
0.637608
0.431506
0.708056
0.359995
0.848951
0.216974
0.455112
-0.241466
0.313155
-0.240404
0.171198
-0.239343
-0.045
-1.92
0.401123
2
-0.075
-1.24
0.380789
1.5
0.246926
-0.592359
0.400714
1.2
0.105
0.4
0.7
1
0.285
1.42
0.444072
0.5
1.135
0.45
0.430465
0.5
0
-0.5099
-0.194703
0.0525
0.4
-0.846749
1.01166
0.08
1.25
-0.015
1.65
0.47
1.195
0.455
1.665
0.84
0.65
1.30641
0.412306
0.84
0.36
1.095
0.14
0.065
-0.695
-0.245
-1.535
-0.035
-1.96
0.249611
-2.01093
-0.576853
0.51881
-0.555393
0.800907
-0.0674759
1.15392
0.0628418
1.00214
0.128001
0.926252
0.258319
0.77447
0.453795
0.546802
0.584114
0.395024
0.649274
0.319134
0.779591
0.167356
0.356834
-0.261543
0.215787
-0.250812
0.0747383
-0.240083
0.075
-1.98
0.441022
2
-0.035
-1.25
0.380789
1.5
0.125963
-0.596179
0.400714
1.2
0.0525
0.4
0.7
1
0.265
1.43
0.420167
0.5
0.995
0.39
0.42467
0.5
0
-0.7048
-0.309406
0
0.4
-0.856164
1.07263
0.085
1.24
-0.005
1.65
0.445
1.17
0.415
1.64
0.715
0.56
1.08782
0.444612
0.815
0.25
1.055
-0.02
-0.065
-0.71
-0.085
-1.66
0.135
-2.03
0.434833
-2.03999
-0.620426
0.56186
-0.57963
0.842138
-0.0680835
1.16123
0.051657
1.00069
0.111527
0.920423
0.231268
0.759884
0.410879
0.519079
0.53062
0.358543
0.590491
0.278274
0.710231
0.117738
0.258556
-0.281619
0.118418
-0.261221
-0.0217212
-0.240824
0.285
-2.01
0.406079
2
0.005
-1.33
0.380789
1.5
0.005
-0.6
0.400714
1.2
0
0.4
0.7
1
0.215
1.39
0.419952
0.5
0.855
0.29
0.441021
0.5
0
