37
10
15
13
6
-0.804075
-0.194528
0
0.4
-0.772185
1.16553
0.215
1.15
0.235
1.35
0.425
0.87
0.485
1.14
0.765
0.25
1.045
-0.05
0.775
-0.08
0.825
-0.42
-0.455
-0.75
-0.535
-1.88
-0.015
-2.04
0.278891
-2.10044
-0.584309
0.664246
-0.496801
0.933662
0.0613238
1.16191
0.152277
0.983447
0.197754
0.894218
0.288708
0.715754
0.425139
0.448062
0.516093
0.269601
0.56157
0.18037
0.652524
0.00190893
0.139878
-0.315569
0.00517054
-0.271815
-0.129538
-0.228062
0.115
-2.06
0.393954
2
-0.395
-1.42
0.455412
1.5
-0.195
-0.6
0.460435
1.2
0
0.4
0.7
1
0.378989
1.33967
0.419952
0.5
0.725
-0.12
0.454863
0.5
0
-0.836159
-0.145333
0
0.4
-0.719551
1.21223
0.295
1.14
0.29
1.33
0.47
0.81
0.525
1.065
0.734896
0.223633
0.984008
-0.0565602
0.753294
-0.109522
0.86003
-0.426321
-0.56
-0.755
-0.680032
-1.83601
-0.145
-1.965
0.141945
-2.00522
-0.564826
0.700888
-0.460281
0.963538
0.110275
1.1548
0.189327
0.971199
0.228853
0.879402
0.307905
0.695802
0.426484
0.420407
0.505536
0.23681
0.545062
0.145012
0.624115
-0.0385849
0.0930866
-0.321642
-0.0382378
-0.269369
-0.169563
-0.217097
-0.0443466
-2.05725
0.393954
2
-0.510904
-1.38696
0.455412
1.5
-0.258775
-0.583269
0.460435
1.2
0
0.4
0.7
1
0.438106
1.31131
0.419952
0.5
0.688418
-0.16467
0.454863
0.5
0
-0.868243
-0.0961389
0
0.4
-0.666916
1.25893
0.375
1.13
0.345
1.31
0.515
0.75
0.565
0.99
0.704792
0.197267
0.923016
-0.0631204
0.731589
-0.139043
0.89506
-0.432642
-0.665
-0.76
-0.825065
-1.79203
-0.275
-1.89
0.005
-1.91
-0.545343
0.737531
-0.42376
0.993414
0.159227
1.14768
0.226377
0.95895
0.259952
0.864586
0.327103
0.67585
0.427829
0.392752
0.494979
0.20402
0.528554
0.109653
0.595705
-0.0790786
0.0462952
-0.327714
-0.081646
-0.266923
-0.209589
-0.206133
-0.115
-1.87
0.393954
2
-0.626808
-1.35392
0.455412
1.5
-0.322549
-0.566537
0.460435
1.2
0
0.4
0.7
1
0.497223
1.28294
0.419952
0.5
0.651835
-0.20934
0.454863
0.5
0
-0.876622
-0.0630695
0
0.4
-0.632145
1.28388
0.42
1.125
0.34
1.32
0.555
0.72
0.58
0.98
0.694896
0.208634
0.914008
-0.0465602
0.738294
-0.159522
0.926918
-0.443302
-0.765
-0.74
-0.895032
-1.78601
-0.305
-1.835
-0.0155805
-1.83182
-0.531256
0.758471
-0.399793
1.00919
0.18839
1.14031
0.248018
0.949214
0.277833
0.85367
0.337461
0.662576
0.426905
0.37594
0.486534
0.184849
0.516348
0.089303
0.575977
-0.101788
0.0176106
-0.328448
-0.107749
-0.262717
-0.23311
-0.196986
-0.125
-1.87
0.393954
2
-0.69484
-1.32665
0.455412
1.5
-0.360074
-0.55241
0.460435
1.2
0
0.4
0.7
1
0.5312
1.26207
0.419952
0.5
0.626901
-0.234062
0.454863
0.5
0
-0.885
-0.03
0
0.4
-0.597374
1.30882
0.465
1.12
0.335
1.33
0.595
0.69
0.595
0.97
0.685
0.22
0.905
-0.03
0.745
-0.18
0.958776
-0.453962
-0.865
-0.72
-0.965
-1.78
-0.335
-1.78
-0.0361611
-1.75363
-0.517169
0.779411
-0.375826
1.02497
0.217553
1.13293
0.269659
0.939478
0.295713
0.842754
0.34782
0.649302
0.425981
0.359127
0.478088
0.165678
0.504142
0.0689526
0.556249
-0.124497
-0.0110739
-0.329182
-0.133852
-0.25851
-0.256632
-0.187839
-0.155
-1.75
0.393954
2
-0.762872
-1.29938
0.455412
1.5
-0.397599
-0.538283
0.460435
1.2
0
0.4
0.7
1
0.565177
1.2412
0.419952
0.5
0.601967
-0.258783
0.454863
0.5
0
-0.895
-0.015
0
0.4
-0.577309
1.32142
0.485
1.15
0.3
1.365
0.64
0.695
0.65
0.99
0.65
0.235
0.885
0.015
0.775
-0.175
1.04689
-0.451981
-0.935
-0.695
-0.99
-1.63
-0.295
-1.685
0.00427896
-1.66515
-0.508672
0.790505
-0.362043
1.03287
0.23342
1.12786
0.281289
0.933362
0.305224
0.836114
0.353094
0.641613
0.424899
0.349867
0.472769
0.155369
0.496704
0.0581201
0.544574
-0.136377
-0.0269522
-0.328613
-0.148136
-0.255299
-0.269321
-0.181985
-0.155
-1.65
0.393954
2
-0.799546
-1.282
0.455412
1.5
-0.417858
-0.529201
0.460435
1.2
0
0.4
0.7
1
0.583246
1.22851
0.419952
0.5
0.845
-0.09
0.454863
0.5
0
-0.905
0
0
0.4
-0.557244
1.33402
0.505
1.18
0.265
1.4
0.685
0.7
0.705
1.01
0.615
0.25
0.865
0.06
0.805
-0.17
1.135
-0.45
-1.005
-0.67
-1.015
-1.48
-0.255
-1.59
0.044719
-1.57667
-0.500175
0.8016
-0.348261
1.04078
0.249287
1.12279
0.292919
0.927245
0.314736
0.829473
0.358368
0.633925
0.423817
0.340606
0.46745
0.145061
0.489266
0.0472876
0.532899
-0.148258
-0.0428304
-0.328044
-0.162419
-0.252087
-0.28201
-0.176131
-0.105
-1.58
0.393954
2
-0.675
-1.21
0.455412
1.5
-0.438117
-0.520118
0.460435
1.2
0
0.4
0.7
1
0.475
1.05
0.419952
0.5
0.845
-0.16
0.454863
0.5
0
-0.91
0.025
0
0.4
-0.531927
1.34827
0.52
1.115
0.29
1.425
0.735
0.73
0.73
1.075
0.6
0.26
0.845
0.1
0.815
-0.195
1.195
-0.465
-1.075
-0.595
-1.01
-1.475
-0.215
-1.52
0.0823775
-1.48616
-0.489113
0.814683
-0.330915
1.04964
0.268417
1.11565
0.306798
0.919066
0.325989
0.820778
0.364371
0.624197
0.421944
0.32933
0.460326
0.132752
0.479517
0.034463
0.517899
-0.162115
-0.0622409
-0.326406
-0.179721
-0.247308
-0.297202
-0.16821
-0.075
-1.47
0.393954
2
-0.665
-1.13
0.455412
1.5
-0.462388
-0.507796
0.460435
1.2
0
0.4
0.7
1
0.455
1.03
0.513233
0.5
0.815
-0.13
0.509902
0.5
0
-0.915
0.05
0
0.4
-0.50661
1.36252
0.535
1.05
0.315
1.45
0.785
0.76
0.755
1.14
0.585
0.27
0.825
0.14
0.825
-0.22
1.255
-0.48
-1.145
-0.52
-1.005
-1.47
-0.175
-1.45
0.120036
-1.39565
-0.47805
0.827765
-0.31357
1.05851
0.287547
1.1085
0.320677
0.910887
0.337243
0.812083
0.370373
0.61447
0.42007
0.318054
0.453201
0.120444
0.469767
0.0216383
0.502898
-0.175972
-0.0816514
-0.324769
-0.197022
-0.242529
-0.312394
-0.160289
-0.085
-1.45
0.49366
2
-0.765
-1.08
0.455412
1.5
-0.486659
-0.495473
0.460435
1.2
0
0.4
0.7
1
0.545
1.11
0.501682
0.5
0.895
-0.09
0.492443
0.5
0
-0.91
0.07
0
0.4
-0.4875
1.37214
0.53
1.115
0.27
1.44
0.81535
0.822432
0.72
1.25
0.57
0.285
0.855
0.18
0.860789
-0.22513
1.365
-0.505
-1.11
-0.55
-0.9
-1.47
-0.095
-1.395
0.200999
-1.34647
-0.469467
0.837014
-0.300507
1.06444
0.301378
1.10259
0.33061
0.904399
0.345227
0.805304
0.374459
0.60711
0.418309
0.309822
0.447542
0.111631
0.462158
0.0125348
0.491392
-0.185657
-0.0958757
-0.322904
-0.209588
-0.238425
-0.323301
-0.153946
0.055
-1.36
0.393954
2
-0.575
-1.13
0.455412
1.5
-0.504096
-0.485583
0.460435
1.2
0
0.4
0.7
1
0.555
1.08
0.43
0.5
1.025
-0.14
0.540833
0.5
0
-0.905
0.09
0
0.4
-0.46839
1.38175
0.525
1.18
0.225
1.43
0.8457
0.884863
0.685
1.36
0.555
0.3
0.885
0.22
0.896577
-0.23026
1.475
-0.53
-1.075
-0.58
-0.795
-1.47
-0.015
-1.34
0.281963
-1.29729
-0.460884
0.846263
-0.287445
1.07037
0.315209
1.09668
0.340543
0.89791
0.353211
0.798524
0.378545
0.599749
0.416547
0.30159
0.441882
0.102818
0.45455
0.00343132
0.479885
-0.195341
-0.1101
-0.32104
-0.222153
-0.234321
-0.334208
-0.147602
0.105
-1.32
0.480937
2
-0.575
-1.1
0.455412
1.5
-0.521533
-0.475693
0.460435
1.2
0
0.4
0.7
1
0.485
1.07
0.546028
0.5
1.115
-0.18
0.608276
0.5
0
-0.845
-0.04
0
0.4
-0.640706
1.27947
0.415
1.22
0.175
1.53
0.725458
1.07204
0.515
1.53
0.696749
0.430787
1.19457
0.281031
0.831622
-0.0101579
1.36609
-0.14099
-0.735
-0.79
-0.435
-1.54
0.325
-1.5
0.624336
-1.48004
-0.53508
0.754273
-0.405647
1.00647
0.182141
1.14291
0.243521
0.952094
0.274212
0.856688
0.335592
0.665872
0.427663
0.379652
0.489044
0.188839
0.519735
0.0934316
0.581116
-0.0973817
0.0240199
-0.329228
-0.102077
-0.264512
-0.228175
-0.199796
0.525
-1.52
0.466905
2
-0.225
-1.25
0.455412
1.5
-0.352186
-0.556788
0.460435
1.2
0
0.4
0.7
1
0.455
1.24
0.470425
0.5
0.985
0.1
0.516236
0.5
0
-0.775
-0.09
0
0.4
-0.730288
1.20707
0.29164
1.27206
-0.00630083
1.47076
0.626357
1.18089
0.327724
1.63379
0.865
0.42
1.555
0.4
0.755
0.08
1.055
0.06
-0.605293
-0.861396
-0.227593
-1.5757
0.524149
-1.45557
0.819787
-1.40407
-0.569698
0.695824
-0.467613
0.960369
0.102633
1.15823
0.183861
0.974913
0.224476
0.883257
0.305704
0.699942
0.427547
0.424973
0.508776
0.241661
0.54939
0.150005
0.630619
-0.0333078
0.100988
-0.322822
-0.0312821
-0.27178
-0.163554
-0.220739
0.675
-1.41
0.451774
2
-0.075
-1.25
0.455412
1.5
-0.249165
-0.588948
0.460435
1.2
0
0.4
0.7
1
0.345
1.31
0.445291
0.5
1.155
0.27
0.54231
0.5
1
1.665
0.4
0.512445
0.957826
-0.287348
1.8
0.24
1
0
-0.785
-0.15
0
0.4
-0.771151
1.16818
0.205
1.29
-0.145
1.43
0.555
1.23
0.115
1.59
0.925518
0.433729
1.72528
0.414186
0.705
0.11
0.875
0.08
-0.539151
-0.891113
-0.124934
-1.58492
0.619604
-1.42599
0.912189
-1.35925
-0.584282
0.665922
-0.496037
0.935411
0.063215
1.16256
0.153835
0.98369
0.199145
0.894257
0.289765
0.715389
0.425696
0.447092
0.516316
0.268227
0.561626
0.178795
0.652247
-7.03633e-05
0.138306
-0.316648
0.00356405
-0.272526
-0.13118
-0.228404
0.795
-1.41
0.430465
2
0.075
-1.25
0.455412
1.5
-0.197602
-0.600569
0.460435
1.2
0
0.4
0.7
1
0.235
1.28
0.483472
0.5
1.325
0.36
0.512445
0.5
1
1.735
0.41
0.512445
0.957826
-0.287348
1.8
0.24
1
0
-0.795
-0.19
0
0.4
-0.797338
1.14108
0.175
1.29
-0.135
1.51
0.504888
1.28259
0.165
1.69
0.922468
0.424315
1.7225
0.418581
0.702595
0.194183
0.884231
0.150441
-0.395
-0.87
-0.105
-1.3
0.505
-1.21
0.745
-1.07
-0.593179
0.645553
-0.514311
0.917955
0.0367812
1.16434
0.133546
0.988707
0.181928
0.90089
0.278693
0.725254
0.42384
0.461805
0.520605
0.286172
0.568988
0.198355
0.665752
0.0227226
0.163044
-0.311481
0.0268454
-0.272046
-0.109354
-0.232613
0.635
-1.13
0.393954
2
0.055
-1.07
0.455412
1.5
-0.162857
-0.60688
0.460435
1.2
0
0.4
0.7
1
0.205
1.35
0.419952
0.5
1.335
0.35
0.5001
0.5
1
1.715
0.44
0.512445
0.957826
-0.287348
1.8
0.24
1
0
-0.755
-0.21
0
0.4
-0.836628
1.09662
0.126269
1.29832
-0.195294
1.50113
0.456111
1.3089
0.0944887
1.69723
0.919884
0.474543
1.71914
0.512407
0.71285
0.232745
0.896621
0.19896
-0.325264
-0.889788
-0.0122316
-1.3034
0.592032
-1.18029
0.824076
-1.0274
-0.605749
0.612899
-0.54183
0.889225
-0.00491451
1.1653
0.101288
0.99518
0.154389
0.910119
0.260591
0.739995
0.419894
0.484814
0.526097
0.314693
0.579198
0.229632
0.6854
0.0595114
0.201587
-0.301626
0.0634255
-0.269666
-0.074737
-0.237707
0.715
-1.11
0.393954
2
0.115
-1.1
0.304795
1.5
0.035
-0.51
0.434138
1.2
0
0.4
0.7
1
0.205
1.4
0.418956
0.5
1.335
0.39
0.454863
0.5
1
1.735
0.5
0.512445
0.995037
0.099504
0.6
0.35
0.8
0
-0.725
-0.215
0
0.4
-0.858986
1.06801
0.0906346
1.28916
-0.215147
1.53556
0.405555
1.28945
0.0797444
1.71361
0.902442
0.527271
1.69623
0.614329
0.728925
0.261373
0.93081
0.22448
-0.275132
-0.894894
0.101384
-1.3067
0.713516
-1.14514
0.919538
-0.968701
-0.612218
0.592481
-0.557579
0.870653
-0.0304257
1.16435
0.0813383
0.997939
0.137221
0.914737
0.248985
0.748331
0.416631
0.498725
0.528395
0.332322
0.584277
0.24912
0.696041
0.0827168
0.224771
-0.294177
0.0856872
-0.266856
-0.0533975
-0.239538
0.825
-1.03
0.393954
2
0.215
-1.11
0.344819
1.5
0.055
-0.5
0.391663
1.2
0
0.4
0.7
1
0.135
1.4
0.419952
0.5
1.305
0.5
0.454863
0.5
1
1.71048
0.533388
0.512445
0.995037
0.099504
0.6
0.35
0.8
0
-0.695
-0.22
0
0.4
-0.881344
1.03939
0.055
1.28
-0.235
1.57
0.355
1.27
0.065
1.73
0.885
0.58
1.67331
0.716251
0.745
0.29
0.965
0.25
-0.225
-0.9
0.215
-1.31
0.835
-1.11
1.015
-0.91
-0.618688
0.572064
-0.573328
0.85208
-0.0559368
1.16339
0.0613892
1.0007
0.120052
0.919356
0.237378
0.756666
0.413367
0.512637
0.530693
0.349952
0.589356
0.268608
0.706682
0.105922
0.247955
-0.286727
0.107949
-0.264047
-0.0320579
-0.241368
0.925
-0.99
0.393954
2
0.415
-1.1
0.374258
1.5
0.045
-0.55
0.342037
1.2
0
0.4
0.7
1
0.125
1.43
0.419952
0.5
1.335
0.56
0.454863
0.5
1
1.685
0.72
0.512445
0.995037
0.0995037
0.6
0.35
0.8
0
-0.685
-0.26
0
0.4
-0.905264
1.00355
0.025
1.26
-0.230008
1.5787
0.34
1.265
0.08
1.72
0.876514
0.614716
1.65822
0.781927
0.765
0.325
0.995
0.275
-0.085
-0.865
0.305
-1.265
0.945
-1.1
1.11
-0.88
-0.624535
0.547334
-0.590318
0.828711
-0.0860357
1.16
0.0375419
1.0022
0.0993309
0.9233
0.222908
0.765501
0.408275
0.528808
0.531852
0.371013
0.593641
0.292115
0.717218
0.13432
0.274725
-0.275861
0.134039
-0.258752
-0.00664795
-0.241644
1.045
-0.98
0.393954
2
0.425
-1.1
0.35645
1.5
0.105
-0.47
0.383613
1.2
0
0.4
0.7
1
0.025
1.38
0.419952
0.5
1.295
0.59
0.454863
0.5
1
1.675
0.79
0.512445
0.995037
0.0995037
0.6
0.35
0.8
0
-0.675
-0.3
0
0.4
-0.929184
0.967714
-0.005
1.24
-0.225015
1.5874
0.325
1.26
0.095
1.71
0.868029
0.649431
1.64313
0.847603
0.785
0.36
1.025
0.3
0.055
-0.83
0.395
-1.22
1.055
-1.09
1.205
-0.85
-0.630383
0.522605
-0.607307
0.805342
-0.116134
1.15661
0.0136947
1.0037
0.0786093
0.927244
0.208438
0.774336
0.403182
0.544979
0.53301
0.392075
0.597925
0.315622
0.727754
0.162718
0.301496
-0.264995
0.16013
-0.253457
0.018762
-0.24192
1.175
-0.96
0.393954
2
0.535
-1.03
0.325269
1.5
0.185
-0.51
0.384712
1.2
0
0.4
0.7
1
0.055
1.38
0.419952
0.5
1.295
0.64
0.454863
0.5
1
1.635
0.86
0.512445
0.995037
0.0995037
0.6
0.35
0.8
0
-0.635
-0.33
0
0.4
-0.958971
0.912057
-0.0536018
1.23693
-0.292997
1.57045
0.27415
1.27597
0.0188645
1.71117
0.850722
0.698847
1.61179
0.941226
0.78472
0.405567
1.0274
0.359657
0.126009
-0.822751
0.487458
-1.19178
1.13775
-1.02401
1.27337
-0.776124
-0.635395
0.485714
-0.62876
0.768851
-0.159542
1.14738
-0.021292
1.00249
0.0478331
0.930051
0.186083
0.785163
0.393458
0.567836
0.531707
0.422951
0.600832
0.350508
0.739082
0.205624
0.338989
-0.245347
0.197422
-0.242029
0.0558537
-0.238712
1.225
-0.88
0.393954
2
0.565
-0.98
0.362353
1.5
0.225
-0.47
0.317118
1.2
0
0.4
0.7
1
-0.015
1.35
0.419952
0.5
1.265
0.8
0.454863
0.5
1
1.645
0.87
0.512445
0.995037
0.0995037
0.6
0.35
0.8
0
-0.595
-0.36
0
0.4
-0.988758
0.8564
-0.102204
1.23387
-0.360978
1.5535
0.223299
1.29194
-0.057271
1.71234
0.833416
0.748263
1.58045
1.03485
0.78444
0.451135
1.0298
0.419313
0.197019
-0.815501
0.579916
-1.16356
1.2205
-0.958024
1.34173
-0.702247
-0.640407
0.448822
-0.650214
0.732361
-0.20295
1.13816
-0.0562786
1.00129
0.0170569
0.932858
0.163728
0.79599
0.383734
0.590692
0.530404
0.453827
0.603739
0.385395
0.750409
0.24853
0.376481
-0.225698
0.234714
-0.2306
0.0929453
-0.235504
1.315
-0.76
0.393954
2
0.755
-0.97
0.365514
1.5
0.285
-0.52
0.357351
1.2
0
0.4
0.7
1
-0.055
1.38
0.419952
0.5
1.255
0.85
0.454863
0.5
1
1.57972
1.05731
0.512445
0.995037
0.0995037
0.6
0.35
0.8
0
-0.56
-0.38
0
0.4
-1.00665
0.812831
-0.133602
1.25193
-0.432989
1.52175
0.21415
1.33097
-0.116136
1.67617
0.819208
0.799132
1.53416
1.13344
0.81472
0.500567
1.0474
0.474657
0.249176
-0.804739
0.712458
-1.14178
1.36275
-0.869012
1.47337
-0.601124
-0.641332
0.42106
-0.663372
0.70365
-0.23447
1.12802
-0.0821565
0.997747
-0.00599973
0.932609
0.146314
0.802332
0.374784
0.60692
0.527096
0.476647
0.603253
0.411509
0.755566
0.281236
0.402821
-0.208272
0.261528
-0.219291
0.120234
-0.230312
1.425
-0.7
0.393954
2
0.805
-0.95
0.446907
1.5
0.255
-0.5
0.396555
1.2
0
0.4
0.7
1
-0.085
1.37
0.419952
0.5
1.235
0.82
0.488365
0.5
1
1.57972
1.05731
0.512445
0.995037
0.0995037
0.6
0.35
0.8
0
-0.525
-0.4
0
0.4
-1.02454
0.769261
-0.165
1.27
-0.505
1.49
0.205
1.37
-0.175
1.64
0.805
0.85
1.48787
1.23202
0.845
0.55
1.065
0.53
0.301334
-0.793976
0.845
-1.12
1.505
-0.78
1.605
-0.5
-0.642257
0.393297
-0.67653
0.674939
-0.265991
1.11789
-0.108034
0.994202
-0.0290563
0.93236
0.1289
0.808674
0.365833
0.623149
0.523789
0.499466
0.602767
0.437624
0.760722
0.313941
0.429161
-0.190847
0.288342
-0.207982
0.147522
-0.225119
1.575
-0.57
0.429418
2
0.965
-0.92
0.358469
1.5
0.415
-0.48
0.435651
1.2
0
0.4
0.7
1
-0.105
1.35
0.419952
0.5
1.155
0.87
0.524976
0.5
1
1.495
1.25
0.512445
0.995037
0.0995037
0.6
0.35
0.8
0
-0.517198
-0.430266
0
0.4
-1.03382
0.741265
-0.22
1.28
-0.6
1.435
0.16
1.335
-0.207483
1.63467
0.784131
0.889394
1.4361
1.31376
0.83
0.59
1.06
0.555
0.338167
-0.796988
0.945
-1.075
1.6
-0.69
1.69235
-0.40749
-0.641623
0.375915
-0.683497
0.656431
-0.285239
1.11018
-0.124045
0.99086
-0.043448
0.931199
0.117746
0.811876
0.359535
0.632896
0.520728
0.513576
0.601324
0.453916
0.762517
0.334596
0.444855
-0.178813
0.304599
-0.199749
0.164342
-0.220686
1.655
-0.55
0.393954
2
1.025
-0.86
0.368782
1.5
0.445
-0.51
0.416669
1.2
0
0.4
0.7
1
-0.195
1.32
0.419952
0.5
1.115
0.92
0.534509
0.5
1
1.495
1.25
0.512445
0.995037
0.0995037
0.6
0.35
0.8
0
-0.509396
-0.460532
0
0.4
-1.04309
0.713269
-0.275
1.29
-0.695
1.38
0.115
1.3
-0.239967
1.62934
0.763263
0.928787
1.38433
1.39551
0.815
0.63
1.055
0.58
0.375
-0.8
1.045
-1.03
1.695
-0.6
1.7797
-0.314979
-0.64099
0.358532
-0.690465
0.637922
-0.304486
1.10248
-0.140055
0.987517
-0.0578396
0.930038
0.106592
0.815078
0.353237
0.642643
0.517667
0.527686
0.599882
0.470208
0.764312
0.355251
0.460548
-0.166779
0.320855
-0.191515
0.181161
-0.216253
1.735
-0.44
0.371618
2
1.135
-0.79
0.382753
1.5
0.515
-0.46
0.460435
1.2
0
0.4
0.7
1
-0.205
1.33
0.419952
0.5
1.075
0.99
0.492544
0.5
1
1.365
1.46
0.512445
0.995037
0.0995037
0.6
0.35
0.8
0
-0.46286
-0.484874
0
0.4
-1.0588
0.646085
-0.330194
1.26912
-0.754234
1.33221
0.057642
1.30374
-0.316754
1.60934
0.726829
0.974971
1.31595
1.47913
0.797256
0.680628
1.03947
0.646
0.449402
-0.771575
1.13131
-0.958308
1.75157
-0.488898
1.81792
-0.199642
-0.63585
0.318166
-0.702796
0.59333
-0.347707
1.08047
-0.176653
0.976354
-0.0911262
0.924299
0.0799279
0.820187
0.336507
0.664024
0.50756
0.559916
0.593086
0.507862
0.764139
0.403753
0.494576
-0.135432
0.356996
-0.168904
0.219414
-0.202377
1.755
-0.38
0.452217
2
1.145
-0.8
0.325576
1.5
0.565
-0.49
0.391694
1.2
0
0.4
0.7
1
-0.245
1.32
0.419952
0.5
1.075
1.08
0.532541
0.5
1
1.365
1.46
0.512445
0.995037
0.0995037
0.6
0.35
0.8
0
-0.416325
-0.509216
0
0.4
-1.07451
0.5789
-0.385387
1.24823
-0.813469
1.28441
0.000284007
1.30747
-0.393542
1.58934
0.690396
1.02115
1.24757
1.56275
0.779512
0.731256
1.02395
0.711999
0.523804
-0.74315
1.21763
-0.886617
1.80814
-0.377796
1.85613
-0.0843045
-0.63071
0.277799
-0.715127
0.548738
-0.390928
1.05845
-0.213251
0.96519
-0.124413
0.91856
0.0532641
0.825296
0.319777
0.685406
0.497453
0.592146
0.58629
0.545516
0.763966
0.452256
0.528604
-0.104086
0.393136
-0.146293
0.257668
-0.188502
1.835
-0.22
0.393954
2
1.305
-0.67
0.371214
1.5
0.565
-0.41
0.394311
1.2
0
0.4
0.7
1
-0.335
1.29
0.419952
0.5
1.035
1.1
0.51
0.5
1
1.22023
1.62429
0.512445
0.995037
0.0995037
0.6
0.35
0.8
0
-0.382498
-0.523956
0
0.4
-1.08151
0.530544
-0.395
1.21
-0.735
1.42
-0.035
1.24
-0.305
1.58
0.565
1.01
1.005
1.51
0.785
0.81
1.055
0.85
0.585
-0.68
1.365
-0.7
1.745
-0.14
1.75333
0.159884
-0.624627
0.249633
-0.721114
0.516527
-0.420082
1.04029
-0.238392
0.955088
-0.147548
0.912485
0.0341413
0.827278
0.306673
0.699473
0.488361
0.61427
0.579204
0.571668
0.760892
0.486465
0.550704
-0.0798994
0.417258
-0.128141
0.283812
-0.176384
1.735
0
0.465296
2
1.265
-0.54
0.358469
1.5
0.605
-0.38
0.357484
1.2
0
0.4
0.7
1
-0.315
1.27
0.419952
0.5
0.905
1.07
0.49163
0.5
0
-0.463749
-0.476978
0
0.4
-1.0551
0.644865
-0.285
1.235
-0.562913
1.50739
0.065
1.2
-0.115
1.575
0.56
0.925
1.045
1.345
0.795
0.73
1.065
0.74
0.462618
-0.730239
1.23
-0.9
1.655
-0.485
1.69535
-0.189454
-0.633553
0.318253
-0.700349
0.592413
-0.346684
1.07792
-0.176208
0.97424
-0.0909696
0.922398
0.0795071
0.818712
0.33522
0.66319
0.505696
0.559509
0.590933
0.507667
0.761409
0.403986
0.492982
-0.133361
0.355904
-0.166758
0.218825
-0.200156
1.635
-0.36
0.442832
2
1.095
-0.75
0.352278
1.5
0.545
-0.43
0.38607
1.2
0
0.4
0.7
1
-0.195
1.29
0.419952
0.5
0.915
0.96
0.454863
0.5
0
-0.545
-0.43
0
0.4
-1.02869
0.759186
-0.175
1.26
-0.390825
1.59478
0.165
1.16
0.075
1.57
0.555
0.84
1.085
1.18
0.805
0.65
1.075
0.63
0.340237
-0.780478
1.095
-1.1
1.565
-0.83
1.63737
-0.538792
-0.642479
0.386874
-0.679584
0.6683
-0.273287
1.11555
-0.114023
0.993392
-0.034391
0.932311
0.124873
0.810146
0.363768
0.626907
0.523031
0.504747
0.602662
0.443667
0.761926
0.321507
0.435261
-0.186823
0.29455
-0.205374
0.153837
-0.223927
1.585
-0.65
0.445982
2
0.945
-0.92
0.328024
1.5
0.445
-0.51
0.40215
1.2
0
0.4
0.7
1
-0.0626819
1.41339
0.419952
0.5
0.915
0.9
0.454863
0.5
0
-0.615
-0.365
0
0.4
-0.976868
0.867711
-0.05
1.245
-0.182913
1.57239
0.26
1.1
0.25
1.495
0.58
0.73
1.115
0.925
0.85
0.515
1.08557
0.421303
0.287619
-0.795239
0.9
-1.235
1.37
-1.105
1.53173
-0.877308
-0.636163
0.45752
-0.641944
0.73962
-0.191483
1.1369
-0.0475439
0.998738
0.0244253
0.929659
0.168364
0.791495
0.384271
0.584257
0.528209
0.446099
0.600178
0.37702
0.744116
0.238862
0.365625
-0.227492
0.224577
-0.230382
0.0835278
-0.233272
1.475
-0.97
0.393954
2
0.795
-1.01
0.339706
1.5
0.365
-0.51
0.383275
1.2
0
0.4
0.7
1
0.049256
1.40803
0.419952
0.5
0.895
0.63
0.454863
0.5
0
-0.685
-0.3
0
0.4
-0.925042
0.976235
0.075
1.23
0.025
1.55
0.355
1.04
0.425
1.42
0.605
0.62
1.145
0.67
0.895
0.38
1.09614
0.212605
0.235
-0.81
0.705
-1.37
1.175
-1.38
1.42609
-1.21583
-0.629847
0.528167
-0.604304
0.810939
-0.109678
1.15824
0.018935
1.00408
0.0832417
0.927006
0.211854
0.772843
0.404774
0.541608
0.533386
0.387452
0.597693
0.310373
0.726306
0.156217
0.295988
-0.268161
0.154604
-0.255389
0.0132182
-0.242618
1.325
-1.26
0.393954
2
0.655
-1.18
0.347131
1.5
0.275
-0.61
0.371214
1.2
0
0.4
0.7
1
0.225
1.32
0.419952
0.5
0.935
0.43
0.454863
0.5
0
-0.735
-0.19
0
0.4
-0.842761
1.09117
0.175
1.16
0.195
1.43
0.435
0.92
0.545
1.28
0.675
0.49
1.085
0.39
0.925
0.2
0.98991
-0.0941541
0.0764305
-0.830349
0.470037
-1.44652
0.835
-1.58
1.1231
-1.49636
-0.608017
0.608623
-0.546086
0.885737
-0.0106237
1.16613
0.096966
0.996607
0.150761
0.911847
0.25835
0.74232
0.419734
0.488039
0.527324
0.318518
0.581119
0.233758
0.688709
0.0642374
0.207043
-0.300912
0.0684884
-0.269946
-0.0700679
-0.238982
1.005
-1.52
0.393954
2
0.435
-1.22
0.336006
1.5
0.175
-0.6
0.362215
1.2
0
0.4
0.7
1
0.325
1.17
0.419952
0.5
0.905
0.22
0.454863
0.5
0
-0.735
-0.19
0
0.4
-0.842761
1.09117
0.185
1.15
0.185
1.39
0.435
0.9
0.495
1.26
0.745
0.42
1.025
0.28
0.865
0.13
0.890408
-0.189416
-0.015
-0.83
0.355
-1.59
0.655
-1.74
0.943104
-1.65636
-0.608017
0.608623
-0.546086
0.885737
-0.0106237
1.16613
0.096966
0.996607
0.150761
0.911847
0.25835
0.74232
0.419734
0.488039
0.527324
0.318518
0.581119
0.233758
0.688709
0.0642374
0.207043
-0.300912
0.0684884
-0.269946
-0.0700679
-0.238982
0.825
-1.7
0.431045
2
0.295
-1.27
0.380132
1.5
0.065
-0.6
0.372156
1.2
0
0.4
0.7
1
0.295
1.12
0.419952
0.5
0.865
0.12
0.454863
0.5
0
-0.735
-0.19
0
0.4
-0.842761
1.09117
0.225
1.15
0.235
1.37
0.425
0.87
0.475
1.18
0.795
0.36
1.085
0.17
0.815
0.06
0.955
-0.31
-0.305
-0.98
0.015
-1.77
0.295
-1.9
0.565
-1.89
-0.608017
0.608623
-0.546086
0.885737
-0.0106237
1.16613
0.096966
0.996607
0.150761
0.911847
0.25835
0.74232
0.419734
0.488039
0.527324
0.318518
0.581119
0.233758
0.688709
0.0642374
0.207043
-0.300912
0.0684884
-0.269946
-0.0700679
-0.238982
0.455
-1.87
0.393954
2
-0.015
-1.4
0.383275
1.5
-0.005
-0.63
0.386232
1.2
0
0.4
0.7
1
0.315
1.16
0.419952
0.5
0.865
0.02
0.454863
0.5
0
-0.769538
-0.192264
0
0.4
-0.807473
1.12835
0.22
1.15
0.235
1.36
0.425
0.87
0.475
1.165
0.78
0.305
1.085
0.07
0.795
-0.01
0.905
-0.365
-0.38
-0.865
-0.26
-1.825
0.14
-1.97
0.421946
-1.99522
-0.596163
0.636435
-0.521443
0.909699
0.02535
1.16402
0.124621
0.990027
0.174257
0.903032
0.273529
0.729037
0.422437
0.46805
0.521708
0.29406
0.571344
0.207064
0.670616
0.0330731
0.173461
-0.30824
0.0368295
-0.270881
-0.0998029
-0.233522
0.230828
-2.05205
0.393954
2
-0.308813
-1.43675
0.455412
1.5
-0.147667
-0.608161
0.460435
1.2
0
0.4
0.7
1
0.33431
1.35657
0.419952
0.5
0.748763
-0.0852944
0.454863
0.5
0
