51
10
15
13
6
-0.7048
-0.309406
0
0.4
-0.856164
1.07263
0.085
1.24
-0.005
1.65
0.445
1.17
0.395
1.61
0.715
0.56
1.08782
0.444612
0.815
0.25
1.055
-0.02
-0.065
-0.71
-0.085
-1.66
0.135
-2.03
0.434833
-2.03999
-0.620426
0.56186
-0.57963
0.842138
-0.0680835
1.16123
0.051657
1.00069
0.111527
0.920423
0.231268
0.759884
0.410879
0.519079
0.53062
0.358543
0.590491
0.278274
0.710231
0.117738
0.258556
-0.281619
0.118418
-0.261221
-0.0217212
-0.240824
0.285
-2.01
0.430116
2
0.005
-1.33
0.380789
1.5
0.005
-0.6
0.400714
1.2
0
0.4
0.7
1
0.215
1.39
0.419952
0.5
0.855
0.29
0.403113
0.5
0
-0.769206
-0.29956
-0.0325
0.375
-0.851558
1.09019
0.085
1.265
1.39698e-09
1.65
0.415
1.075
0.4
1.51
0.66
0.505
1.00141
0.397306
0.765
0.18
0.98
-0.06
-0.14
-0.795
-0.215
-1.69
-0.06
-2.085
0.215462
-2.17208
-0.642899
0.568565
-0.587694
0.845988
-0.0609764
1.13774
0.0501319
0.971423
0.105686
0.888268
0.216795
0.721952
0.383458
0.472483
0.494567
0.30617
0.550122
0.223013
0.66123
0.0567006
0.190068
-0.318205
0.0513574
-0.290602
-0.0873541
-0.263001
0.055
-2.09
0.43
2
-0.117116
-1.35068
0.380789
1.5
-0.0793066
-0.622609
0.400714
1.2
-0.0325
0.375
0.7
1
0.233206
1.35124
0.419952
0.5
0.814537
0.221008
0.403113
0.5
0
-0.833612
-0.289715
-0.065
0.35
-0.846951
1.10775
0.085
1.29
0.005
1.65
0.385
0.98
0.405
1.41
0.605
0.45
0.915
0.35
0.715
0.11
0.905
-0.1
-0.215
-0.88
-0.345
-1.72
-0.255
-2.14
-0.00390902
-2.30417
-0.665372
0.57527
-0.595759
0.849837
-0.0538693
1.11425
0.0486068
0.942156
0.099845
0.856113
0.202322
0.684021
0.356037
0.425886
0.458514
0.253797
0.509753
0.167752
0.612229
-0.0043368
0.121579
-0.35479
-0.0157033
-0.319984
-0.152987
-0.285178
-0.075
-2.17
0.419547
2
-0.285
-1.38
0.404475
1.5
-0.163613
-0.645218
0.400714
1.2
-0.065
0.35
0.7
1
0.251412
1.31248
0.419952
0.5
0.774075
0.152016
0.403113
0.5
0
-0.91779
-0.283199
-0.125
0.325
-0.868868
1.11854
0.075
1.275
0.015
1.65
0.325
0.905
0.385
1.31
0.515
0.38
0.825
0.295
0.63
0.055
0.82
-0.145
-0.32
-0.925
-0.47
-1.74
-0.415
-2.21
-0.215034
-2.42232
-0.713225
0.578549
-0.630604
0.849162
-0.0772538
1.087
0.0167418
0.910381
0.0637398
0.822074
0.157736
0.645455
0.29873
0.38053
0.392727
0.203914
0.439726
0.115605
0.533722
-0.0610103
0.0273707
-0.387154
-0.107935
-0.345844
-0.243242
-0.304535
-0.295
-2.32
0.436578
2
-0.405
-1.5
0.410122
1.5
-0.205
-0.72
0.42107
1.2
-0.125
0.325
0.7
1
0.236846
1.27015
0.419952
0.5
0.7027
0.0872325
0.403113
0.5
0
-1.00197
-0.276683
-0.185
0.3
-0.890784
1.12933
0.065
1.26
0.025
1.65
0.265
0.83
0.365
1.21
0.425
0.31
0.735
0.24
0.545
0
0.735
-0.19
-0.425
-0.97
-0.595
-1.76
-0.575
-2.28
-0.426158
-2.54047
-0.761078
0.581827
-0.66545
0.848487
-0.100638
1.05975
-0.0151233
0.878606
0.0276346
0.788035
0.11315
0.60689
0.241424
0.335174
0.32694
0.154031
0.369699
0.0634587
0.455214
-0.117684
-0.0668378
-0.419518
-0.200167
-0.371704
-0.333497
-0.323891
-0.485
-2.35
0.453542
2
-0.505
-1.49
0.440114
1.5
-0.285
-0.71
0.432897
1.2
-0.185
0.3
0.7
1
0.165
1.17
0.47
0.5
0.565
0.05
0.403113
0.5
0
-0.986968
-0.351683
-0.17
0.225
-0.875784
1.05433
0.065
1.215
0.02
1.65
0.26
0.735
0.345
1.11
0.425
0.23
0.695
0.155
0.55
-0.075
0.735
-0.235
-0.4
-1.09
-0.53
-1.885
-0.515
-2.4
-0.428122
-2.67972
-0.746078
0.506827
-0.65045
0.773487
-0.0856383
0.984752
-0.000123262
0.803606
0.0426346
0.713035
0.12815
0.53189
0.256424
0.260174
0.34194
0.0790313
0.384699
-0.0115413
0.470214
-0.192684
-0.0518377
-0.494518
-0.185167
-0.446704
-0.318497
-0.398891
-0.485
-2.51
0.461736
2
-0.495
-1.65
0.431856
1.5
-0.275
-0.84
0.444072
1.2
-0.17
0.225
0.7
1
0.095
1.17
0.48
0.5
0.565
0.02
0.403113
0.5
0
-0.971968
-0.426683
-0.155
0.15
-0.860784
0.979332
0.065
1.17
0.015
1.65
0.255
0.64
0.325
1.01
0.425
0.15
0.655
0.07
0.555
-0.15
0.735
-0.28
-0.375
-1.21
-0.465
-2.01
-0.455
-2.52
-0.430086
-2.81896
-0.731078
0.431827
-0.63545
0.698487
-0.0706383
0.909752
0.0148767
0.728606
0.0576346
0.638035
0.14315
0.45689
0.271424
0.185174
0.35694
0.00403133
0.399699
-0.0865413
0.485214
-0.267684
-0.0368377
-0.569518
-0.170167
-0.521704
-0.303497
-0.473891
-0.435
-2.64
0.465296
2
-0.425
-1.77
0.430465
1.5
-0.255
-0.93
0.440114
1.2
-0.155
0.15
0.7
1
0.145
1.15
0.5001
0.5
0.505
-0.02
0.403113
0.5
0
-0.981968
-0.536683
-0.165
0.04
-0.870784
0.869332
0.075
1.17
0.015
1.66
0.265
0.45
0.315
0.84
0.405
0.07
0.625
0.01
0.525
-0.2
0.715
-0.29
-0.295
-1.38
-0.365
-2.16
-0.395
-2.69
-0.370086
-2.98896
-0.741078
0.321827
-0.64545
0.588487
-0.0806383
0.799752
0.00487673
0.618606
0.0476346
0.528035
0.13315
0.34689
0.261424
0.0751743
0.34694
-0.105969
0.389699
-0.196541
0.475214
-0.377684
-0.0468378
-0.679518
-0.180167
-0.631704
-0.313497
-0.583891
-0.395
-2.85
0.480104
2
-0.315
-1.95
0.5004
1.5
-0.225
-1.03
0.482597
1.2
-0.165
0.04
0.7
1
0.075
1.12
0.551453
0.5
0.485
-0.12
0.403113
0.5
0
-0.965
-0.56
-0.185
-0.02
-0.888098
0.811739
0.015
1.12
0.015
1.66
0.255
0.34
0.255
0.7
0.355
0.05
0.605
-0.04
0.485
-0.22
0.655
-0.35
-0.285
-1.49
-0.325
-2.25
-0.375
-2.81
-0.419502
-3.10668
-0.760193
0.263759
-0.663674
0.530124
-0.0981156
0.739537
-0.0131931
0.558092
0.0292685
0.467373
0.114192
0.285929
0.241577
0.0137654
0.3265
-0.167676
0.368963
-0.258398
0.453886
-0.439839
-0.0692101
-0.73997
-0.202392
-0.691711
-0.335575
-0.643452
-0.425
-2.85
0.512445
2
-0.335
-1.98
0.47
1.5
-0.235
-1.11
0.470425
1.2
-0.185
-0.02
0.7
1
0.085
1.15
0.540093
0.5
0.435
-0.17
0.403113
0.5
0
-0.875
-0.49
-0.095
0.05
-0.798098
0.881739
0.125
1.15
0.035
1.67
0.415
0.37
0.375
0.72
0.475
0.11
0.715
-0.01
0.605
-0.17
0.805
-0.35
-0.095
-1.37
-0.165
-2.15
-0.435
-2.64
-0.599408
-2.89094
-0.670193
0.333759
-0.573674
0.600124
-0.0081156
0.809537
0.0768069
0.628092
0.119269
0.537373
0.204192
0.355929
0.331577
0.0837654
0.4165
-0.0976761
0.458963
-0.188398
0.543885
-0.369839
0.0207899
-0.66997
-0.112392
-0.621711
-0.245575
-0.573452
-0.535
-2.7
0.475184
2
-0.215
-1.92
0.473814
1.5
-0.115
-1.07
0.480937
1.2
-0.095
0.05
0.7
1
0.055
1.21
0.490408
0.5
0.645
-0.13
0.403113
0.5
0
-0.765
-0.41
-0.025
0.17
-0.782885
0.952294
0.215
1.24
0.045
1.67
0.515
0.49
0.465
0.83
0.605
0.3
0.855
0.21
0.715
0.03
0.975
-0.14
0.295
-1.2
0.265
-2.05
-0.225
-2.39
-0.456118
-2.58127
-0.618148
0.41418
-0.539882
0.686497
0.0102525
0.933754
0.107277
0.758459
0.15579
0.670814
0.252815
0.49552
0.398353
0.232582
0.495379
0.0572906
0.543893
-0.0303563
0.640917
-0.205647
0.139297
-0.540547
0.00313913
-0.501414
-0.13302
-0.462282
-0.325
-2.53
0.490918
2
0.125
-1.82
0.478539
1.5
0.125
-0.95
0.502195
1.2
-0.025
0.17
0.7
1
0.205
1.19
0.519711
0.5
0.715
0.05
0.403113
0.5
0
-0.555
-0.36
0.065
0.25
-0.787373
0.928356
0.255
1.23
0.045
1.66
0.615
0.69
0.605
1.05
0.775
0.49
1.045
0.37
0.895
0.19
1.195
0.01
0.655
-0.6
0.795
-1.58
0.285
-1.98
0.00595343
-2.09015
-0.554726
0.415843
-0.512147
0.696007
0.00166682
1.01205
0.120459
0.850672
0.179855
0.769988
0.298648
0.608614
0.476837
0.366557
0.595631
0.205186
0.655028
0.1245
0.77382
-0.0368706
0.319403
-0.433593
0.179322
-0.412303
0.0392395
-0.391015
0.165
-2.03
0.490917
2
0.575
-1.37
0.430465
1.5
0.445
-0.7
0.400714
1.2
0.065
0.25
0.7
1
0.265
1.16
0.545894
0.5
0.895
0.2
0.403113
0.5
0
-0.525
-0.44
-0.005
0.22
-0.943808
0.772861
0.095
1.22
0.035
1.64
0.516032
0.891517
0.635
1.26
0.705
0.59
1.005
0.52
0.955
0.3
1.305
0.11
0.545
-0.59
0.805
-1.35
0.855
-1.81
0.755
-2.06
-0.641886
0.297761
-0.638815
0.581162
-0.174064
0.965852
-0.0338984
0.822613
0.0361837
0.750996
0.176349
0.607758
0.386597
0.392903
0.526762
0.249667
0.596845
0.178048
0.73701
0.0348127
0.342341
-0.421493
0.200641
-0.419956
0.0589403
-0.418422
0.785
-1.89
0.470425
2
0.775
-1.22
0.380789
1.5
0.405
-0.67
0.400714
1.2
-0.005
0.22
0.7
1
0.225
1.14
0.530848
0.5
0.865
0.27
0.496488
0.5
0
-0.285
-0.4
0.155
0.25
-0.825243
0.725791
0.205
1.24
0.055
1.64
0.593555
1.01992
0.855
1.42
0.745
0.71
1.015
0.71
1.185
0.47
1.635
0.36
0.645
-0.64
1.045
-1.23
1.395
-1.58
1.585
-1.8
-0.486137
0.276406
-0.505819
0.559168
-0.0733924
0.979953
0.0778301
0.848411
0.153441
0.782642
0.304663
0.6511
0.531497
0.453789
0.682719
0.32225
0.758331
0.25648
0.909553
0.12494
0.552738
-0.361612
0.411357
-0.371453
0.269976
-0.381296
1.475
-1.71
0.475395
2
1.055
-1.13
0.380789
1.5
0.595
-0.64
0.400714
1.2
0.155
0.25
0.7
1
0.395
1.16
0.592368
0.5
1.125
0.41
0.510784
0.5
0
-0.195
-0.47
0.245
0.18
-0.735243
0.655791
0.195
1.2
0.065
1.62
0.613572
1.0488
1.005
1.59
0.735
0.67
1.005
0.63
1.27944
0.43974
1.955
0.38
0.695
-0.89
1.075
-1.33
1.595
-1.46
1.88977
-1.51577
-0.396137
0.206406
-0.415819
0.489168
0.0166076
0.909953
0.16783
0.778411
0.243441
0.712642
0.394663
0.5811
0.621497
0.38379
0.772719
0.25225
0.848331
0.18648
0.999553
0.0549403
0.642738
-0.431612
0.501357
-0.441453
0.359976
-0.451295
1.735
-1.5
0.48104
2
1.025
-1.17
0.404969
1.5
0.615
-0.65
0.400714
1.2
0.375
0.23
0.819329
1
0.535
1.28
0.536004
0.5
1.585
0.36
0.470744
0.5
0
-0.125
-0.28
0.255
0.34
-0.747257
0.767642
0.185
1.26
0.0700541
1.64483
0.643704
1.14915
1.16542
1.62748
0.655
0.84
0.935
0.84
1.31777
0.570726
2.11734
0.544513
0.745
-0.72
1.165
-1.06
1.695
-1.12
1.935
-0.95
-0.386701
0.335233
-0.420097
0.616722
-0.00859413
1.05804
0.148849
0.933992
0.227569
0.871969
0.385012
0.74792
0.621176
0.561849
0.778618
0.437803
0.857341
0.375779
1.01478
0.251733
0.682001
-0.251607
0.541257
-0.268304
0.400512
-0.285003
1.825
-1.03
0.456946
2
1.145
-0.92
0.432666
1.5
0.725
-0.51
0.400714
1.2
0.415
0.41
0.811542
1
0.575
1.27
0.697782
0.5
1.645
0.5
0.494773
0.5
1
2.265
0.53
0.664831
0.957826
-0.287348
2.1
0.24
1
0
0.035
-0.31
0.415
0.31
-0.587257
0.737642
0.275
1.27
0.065
1.64
0.78549
1.14472
1.155
1.62
0.765
0.78
1.045
0.78
1.49965
0.477605
2.29928
0.453224
0.985
-0.75
1.405
-1.16
1.825
-1.28
2.065
-1.11
-0.226701
0.305233
-0.260097
0.586722
0.151406
1.02804
0.308849
0.903992
0.387569
0.841969
0.545012
0.71792
0.781176
0.53185
0.938618
0.407803
1.01734
0.345779
1.17478
0.221733
0.842001
-0.281607
0.701257
-0.298304
0.560512
-0.315003
1.925
-1.17
0.506952
2
1.285
-0.96
0.380789
1.5
0.885
-0.51
0.400714
1.2
0.495
0.42
0.831865
1
0.615
1.41
0.630079
0.5
1.775
0.41
0.570701
0.5
1
2.325
0.42
0.664831
0.957826
-0.287348
2.1
0.24
1
0
0.175
-0.3
0.555
0.32
-0.447257
0.747642
0.315
1.27
0.075
1.63
0.92989
1.14885
1.185
1.62
0.875
0.76
1.165
0.72
1.6534
0.418431
2.45277
0.386812
1.035
-0.72
1.515
-1.42
1.815
-1.5
2.055
-1.33
-0.0867012
0.315233
-0.120097
0.596722
0.291406
1.03804
0.448849
0.913992
0.527569
0.851969
0.685012
0.72792
0.921176
0.541849
1.07862
0.417803
1.15734
0.355779
1.31478
0.231733
0.982001
-0.271607
0.841257
-0.288304
0.700512
-0.305003
1.935
-1.36
0.500899
2
1.335
-1.08
0.380789
1.5
0.955
-0.57
0.400714
1.2
0.655
0.38
0.807775
1
0.645
1.41
0.658559
0.5
1.915
0.38
0.562939
0.5
1
2.475
0.41
0.664831
0.957826
-0.287348
2.1
0.24
1
0
0.165
-0.35
0.545
0.27
-0.457257
0.697642
0.335
1.26
0.085
1.63
0.893727
1.13137
1.025
1.64
0.915
0.66
1.205
0.6
1.6439
0.247207
2.44341
0.219173
1.075
-0.92
1.465
-1.61
1.715
-1.74
2.00281
-1.65535
-0.0967011
0.265233
-0.130096
0.546722
0.281406
0.988041
0.438849
0.863992
0.517569
0.801969
0.675012
0.67792
0.911176
0.49185
1.06862
0.367803
1.14734
0.305779
1.30478
0.181733
0.972001
-0.321607
0.831257
-0.338304
0.690512
-0.355003
1.845
-1.68
0.492443
2
1.265
-1.26
0.380789
1.5
0.985
-0.65
0.400714
1.2
0.685
0.35
0.796492
1
0.575
1.4
0.600135
0.5
1.905
0.2
0.579741
0.5
1
2.455
0.21
0.664831
0.957826
-0.287348
2.1
0.24
1
0
0.17
-0.3
0.55
0.32
-0.452257
0.747642
0.36
1.265
0.1
1.635
0.923814
1.14729
1.005
1.635
0.94
0.73
1.235
0.64
1.64327
0.266333
2.43466
0.170922
1.06
-0.85
1.44
-1.51
1.72
-1.69
2.01336
-1.63486
-0.0917011
0.315233
-0.125096
0.596722
0.286406
1.03804
0.443849
0.913992
0.522569
0.851969
0.680012
0.72792
0.916176
0.541849
1.07362
0.417803
1.15234
0.355779
1.30978
0.231733
0.977001
-0.271607
0.836257
-0.288304
0.695512
-0.305003
1.865
-1.63
0.481041
2
1.315
-1.21
0.380789
1.5
0.935
-0.55
0.400714
1.2
0.595
0.45
0.774032
1
0.605
1.41
0.565261
0.5
1.895
0.23
0.574891
0.5
0
0.1725
-0.275
0.5525
0.345
-0.449757
0.772642
0.3725
1.2675
0.1075
1.6375
0.938858
1.15524
0.995
1.6325
0.9525
0.765
1.25
0.66
1.64296
0.275896
2.43028
0.146797
1.0525
-0.815
1.4275
-1.46
1.7225
-1.665
2.01863
-1.62462
-0.0892012
0.340233
-0.122597
0.621722
0.288906
1.06304
0.446349
0.938992
0.525069
0.876969
0.682512
0.75292
0.918676
0.566849
1.07612
0.442803
1.15484
0.380779
1.31228
0.256733
0.979501
-0.246607
0.838757
-0.263304
0.698012
-0.280003
1.865
-1.63
0.441475
2
1.365
-1.2
0.380789
1.5
1.025
-0.62
0.400714
1.2
0.705
0.42
0.778801
1
0.585
1.45
0.567178
0.5
1.935
0.26
0.565155
0.5
0
0.175
-0.25
0.555
0.37
-0.447257
0.797642
0.385
1.27
0.115
1.64
0.953901
1.1632
0.985
1.63
0.965
0.8
1.265
0.68
1.64265
0.285459
2.42591
0.122672
1.045
-0.78
1.415
-1.41
1.725
-1.64
2.0239
-1.61438
-0.0867012
0.365233
-0.120097
0.646722
0.291406
1.08804
0.448849
0.963992
0.527569
0.901969
0.685012
0.77792
0.921176
0.591849
1.07862
0.467803
1.15734
0.405779
1.31478
0.281733
0.982001
-0.221607
0.841257
-0.238304
0.700512
-0.255003
1.865
-1.65
0.480521
2
1.325
-1.18
0.380789
1.5
0.975
-0.58
0.400714
1.2
0.675
0.46
0.78339
1
0.565
1.44
0.549996
0.5
2.005
0.25
0.567979
0.5
0
0.19
-0.26
0.57
0.36
-0.432257
0.787642
0.395
1.2625
0.115
1.6425
0.969176
1.1349
0.99
1.6275
0.995
0.8
1.3075
0.66
1.6516
0.2572
2.42943
0.073844
1.07
-0.775
1.435
-1.3825
1.7575
-1.6125
2.0564
-1.58688
-0.0717012
0.355233
-0.105097
0.636722
0.306406
1.07804
0.463849
0.953992
0.542569
0.891969
0.700012
0.76792
0.936176
0.581849
1.09362
0.457803
1.17234
0.395779
1.32978
0.271733
0.997001
-0.231607
0.856257
-0.248304
0.715512
-0.265003
1.905
-1.6
0.452769
2
1.405
-1.22
0.380789
1.5
1.055
-0.58
0.400714
1.2
0.745
0.41
0.843445
1
0.565
1.38
0.566304
0.5
2.055
0.13
0.514781
0.5
0
0.205
-0.27
0.585
0.35
-0.417257
0.777642
0.405
1.255
0.115
1.645
0.984451
1.1066
0.995
1.625
1.025
0.8
1.35
0.64
1.66054
0.228941
2.43295
0.0250157
1.095
-0.77
1.455
-1.355
1.79
-1.585
2.0889
-1.55938
-0.0567012
0.345233
-0.0900965
0.626722
0.321406
1.06804
0.478849
0.943992
0.557569
0.881969
0.715012
0.75792
0.951176
0.571849
1.10862
0.447803
1.18734
0.385779
1.34478
0.261733
1.012
-0.241607
0.871257
-0.258304
0.730512
-0.275003
1.945
-1.57
0.453982
2
1.395
-1.2
0.380789
1.5
1.035
-0.6
0.400714
1.2
0.725
0.38
0.834326
1
0.605
1.41
0.559271
0.5
1.995
0.08
0.5
0.5
0
0.22
-0.28
0.6
0.34
-0.402257
0.767642
0.415
1.2475
0.115
1.6475
0.999725
1.0783
1
1.6225
1.055
0.8
1.3925
0.62
1.66949
0.200683
2.43646
-0.0238125
1.12
-0.765
1.475
-1.3275
1.8225
-1.5575
2.1214
-1.53188
-0.0417012
0.335233
-0.0750965
0.616722
0.336406
1.05804
0.493849
0.933992
0.572569
0.871969
0.730012
0.74792
0.966176
0.561849
1.12362
0.437803
1.20234
0.375779
1.35978
0.251733
1.027
-0.251607
0.886257
-0.268304
0.745512
-0.285003
1.975
-1.57
0.465296
2
1.385
-1.13
0.380789
1.5
1.045
-0.52
0.400714
1.2
0.765
0.45
0.856636
1
0.615
1.43
0.561792
0.5
1.975
0.1
0.5
0.5
0
0.235
-0.29
0.615
0.33
-0.387257
0.757642
0.425
1.24
0.115
1.65
1.015
1.05
1.005
1.62
1.085
0.8
1.435
0.6
1.67844
0.172424
2.43998
-0.0726408
1.145
-0.76
1.495
-1.3
1.855
-1.53
2.1539
-1.50438
-0.0267012
0.325233
-0.0600965
0.606722
0.351406
1.04804
0.508849
0.923992
0.587569
0.861969
0.745012
0.73792
0.981176
0.551849
1.13862
0.427803
1.21734
0.365779
1.37478
0.241733
1.042
-0.261607
0.901257
-0.278304
0.760512
-0.295003
2.015
-1.55
0.468401
2
1.485
-1.13
0.380789
1.5
1.075
-0.52
0.400714
1.2
0.745
0.46
0.819329
1
0.615
1.48
0.571252
0.5
1.985
0.05
0.537122
0.5
0
0.235
-0.2625
0.615
0.3575
-0.387257
0.785142
0.425
1.2675
0.12
1.65
1.01
1.065
1.0025
1.6225
1.1025
0.8325
1.4575
0.6075
1.66738
0.179231
2.41011
-0.107334
1.1425
-0.715
1.49
-1.2375
1.8575
-1.465
2.1564
-1.43938
-0.0267012
0.352733
-0.0600965
0.634222
0.351406
1.07554
0.508849
0.951492
0.587569
0.889469
0.745012
0.76542
0.981176
0.579349
1.13862
0.455303
1.21734
0.393279
1.37478
0.269233
1.042
-0.234107
0.901257
-0.250804
0.760512
-0.267503
2.065
-1.45
0.451221
2
1.505
-1.08
0.380789
1.5
1.085
-0.54
0.400714
1.2
0.755
0.44
0.79797
1
0.565566
1.3702
0.565452
0.5
1.955
0.07
0.51264
0.5
0
0.235
-0.235
0.615
0.385
-0.387257
0.812642
0.425
1.295
0.125
1.65
1.005
1.08
1
1.625
1.12
0.865
1.48
0.615
1.65631
0.186039
2.38024
-0.142028
1.14
-0.67
1.485
-1.175
1.86
-1.4
2.1589
-1.37438
-0.0267012
0.380233
-0.0600965
0.661722
0.351406
1.10304
0.508849
0.978992
0.587569
0.916969
0.745012
0.79292
0.981176
0.606849
1.13862
0.482803
1.21734
0.420779
1.37478
0.296733
1.042
-0.206607
0.901257
-0.223304
0.760512
-0.240003
2.025
-1.44
0.486621
2
1.435
-1
0.380789
1.5
1.035
-0.44
0.400714
1.2
0.745
0.45
0.802948
1
0.595
1.41
0.541764
0.5
1.925
0.02
0.501198
0.5
0
0.235
-0.2075
0.615
0.4125
-0.387257
0.840142
0.425
1.3225
0.13
1.65
1
1.095
0.9975
1.6275
1.1375
0.8975
1.5025
0.6225
1.64524
0.192846
2.35036
-0.176721
1.1375
-0.625
1.48
-1.1125
1.8625
-1.335
2.1614
-1.30938
-0.0267012
0.407733
-0.0600965
0.689222
0.351406
1.13054
0.508849
1.00649
0.587569
0.944469
0.745012
0.82042
0.981176
0.634349
1.13862
0.510303
1.21734
0.448279
1.37478
0.324233
1.042
-0.179107
0.901257
-0.195804
0.760512
-0.212503
1.975
-1.36
0.496588
2
1.425
-0.93
0.380789
1.5
1.025
-0.42
0.400714
1.2
0.775
0.45
0.822192
1
0.615
1.41
0.549059
0.5
1.915
0.06
0.532353
0.5
0
0.235
-0.18
0.615
0.44
-0.387257
0.867642
0.425
1.35
0.135
1.65
0.995
1.11
0.995
1.63
1.155
0.93
1.525
0.63
1.63418
0.199654
2.32049
-0.211414
1.135
-0.58
1.475
-1.05
1.865
-1.27
2.1639
-1.24438
-0.0267012
0.435233
-0.0600965
0.716722
0.351406
1.15804
0.508849
1.03399
0.587569
0.971969
0.745012
0.84792
0.981176
0.661849
1.13862
0.537803
1.21734
0.475779
1.37478
0.351733
1.042
-0.151607
0.901257
-0.168304
0.760512
-0.185003
1.995
-1.26
0.487032
2
1.445
-0.87
0.380789
1.5
0.965
-0.37
0.400714
1.2
0.775
0.47
0.835464
1
0.595
1.42
0.521762
0.5
1.915
-0.01
0.483322
0.5
0
0.165
-0.2025
0.565
0.42
-0.427722
0.867708
0.3975
1.3375
0.1275
1.6475
0.958337
1.08171
0.9975
1.6225
1.1325
0.8925
1.49
0.57
1.56758
0.146993
2.21783
-0.308389
1.06379
-0.609755
1.3775
-1.1025
1.755
-1.3225
2.05418
-1.30299
-0.0762712
0.428309
-0.103905
0.710247
0.31625
1.14282
0.471036
1.01567
0.548429
0.952091
0.703215
0.824937
0.935394
0.634208
1.09018
0.507056
1.16757
0.443479
1.32236
0.316328
0.979599
-0.17982
0.83863
-0.193636
0.697661
-0.207454
1.915
-1.35
0.461736
2
1.335
-0.97
0.380789
1.5
0.935
-0.45
0.400714
1.2
0.715
0.47
0.857263
1
0.595
1.41
0.570088
0.5
1.885
-0.07
0.524309
0.5
0
0.095
-0.225
0.515
0.4
-0.468187
0.867774
0.37
1.325
0.12
1.645
0.921673
1.05342
1
1.615
1.11
0.855
1.455
0.51
1.50098
0.0943334
2.11518
-0.405365
0.992589
-0.639511
1.28
-1.155
1.645
-1.375
1.94446
-1.3616
-0.125841
0.421385
-0.147713
0.703773
0.281094
1.1276
0.433224
0.997341
0.509288
0.932213
0.661418
0.801953
0.889613
0.606566
1.04174
0.476309
1.11781
0.41118
1.26994
0.280923
0.917196
-0.208032
0.776003
-0.218968
0.634809
-0.229905
1.825
-1.39
0.449444
2
1.295
-1.01
0.380789
1.5
0.885
-0.48
0.400714
1.2
0.695
0.48
0.842021
1
0.585
1.41
0.52859
0.5
1.745
-0.15
0.528015
0.5
0
0.025
-0.2475
0.465
0.38
-0.508652
0.86784
0.3425
1.3125
0.1125
1.6425
0.88501
1.02513
1.0025
1.6075
1.0875
0.8175
1.42
0.45
1.43437
0.0416733
2.01252
-0.50234
0.921383
-0.669266
1.1825
-1.2075
1.535
-1.4275
1.83473
-1.42021
-0.175411
0.414461
-0.191522
0.697298
0.245937
1.11238
0.395411
0.979015
0.470147
0.912335
0.619621
0.77897
0.843831
0.578925
0.993305
0.445562
1.06804
0.37888
1.21752
0.245517
0.854794
-0.236245
0.713376
-0.244299
0.571957
-0.252356
1.695
-1.45
0.468188
2
1.135
-1.05
0.380789
1.5
0.825
-0.47
0.400714
1.2
0.635
0.39
0.896772
1
0.565
1.37
0.560521
0.5
1.695
-0.22
0.52811
0.5
0
-0.045
-0.27
0.415
0.36
-0.549118
0.867906
0.315
1.3
0.105
1.64
0.848346
0.996835
1.005
1.6
1.065
0.78
1.385
0.39
1.36777
-0.0109868
1.90987
-0.599315
0.850177
-0.699021
1.085
-1.26
1.425
-1.48
1.72501
-1.47882
-0.224981
0.407537
-0.23533
0.690823
0.210781
1.09716
0.357599
0.96069
0.431007
0.892457
0.577824
0.755986
0.79805
0.551283
0.944867
0.414815
1.01828
0.34658
1.16509
0.210112
0.792391
-0.264458
0.650749
-0.269631
0.509106
-0.274807
1.555
-1.5
0.492443
2
1.025
-1
0.380789
1.5
0.675
-0.38
0.400714
1.2
0.605
0.33
0.883233
1
0.565
1.33
0.554592
0.5
1.615
-0.31
0.518652
0.5
0
-0.245
-0.27
0.275
0.35
-0.651725
0.923402
0.265
1.28
0.124789
1.65268
0.755
1.08
0.955
1.62
0.935
0.77
1.275
0.46
1.215
0
1.655
-0.6
0.635905
-0.736639
0.765
-1.3
1.035
-1.59
1.33439
-1.60957
-0.360193
0.441693
-0.350922
0.72503
0.122249
1.09956
0.259282
0.953252
0.327799
0.880101
0.464833
0.733795
0.670383
0.514339
0.807417
0.368036
0.875934
0.294883
1.01297
0.14858
0.608313
-0.299097
0.466645
-0.294461
0.324976
-0.289828
1.185
-1.58
0.468722
2
0.755
-1.06
0.380789
1.5
0.475
-0.44
0.400714
1.2
0.455
0.35
0.87367
1
0.545
1.37
0.504406
0.5
1.375
-0.29
0.508035
0.5
0
-0.345
-0.28
0.185
0.29
-0.710445
0.911156
0.245
1.25
0.115
1.65
0.645
0.98
0.865
1.51
0.795
0.74
1.19075
0.510698
1.135
-0.05
1.485
-0.62
0.395
-0.83
0.495
-1.5
0.695
-1.71
0.992958
-1.74523
-0.444532
0.414831
-0.420437
0.6973
0.0717069
1.04654
0.200894
0.893259
0.265487
0.81662
0.394674
0.663336
0.588454
0.433412
0.717642
0.280131
0.782236
0.203489
0.911422
0.0502083
0.483872
-0.375674
0.342638
-0.363626
0.201403
-0.35158
0.865
-1.72
0.450999
2
0.505
-1.2
0.380789
1.5
0.375
-0.57
0.400714
1.2
0.405
0.36
0.861278
1
0.465
1.32
0.523927
0.5
1.255
-0.34
0.445982
0.5
0
-0.475
-0.32
0.115
0.23
-0.732958
0.914631
0.205
1.21
0.125
1.64
0.555
0.88
0.745
1.41
0.675
0.65
1.055
0.47
1.005
-0.08
1.305
-0.62
0.243036
-0.902347
0.265
-1.68
0.435
-1.9
0.729621
-1.95679
-0.503817
0.400269
-0.459251
0.680251
0.0569982
0.992809
0.174705
0.830532
0.233559
0.749397
0.351267
0.587121
0.527828
0.34371
0.645536
0.181437
0.704391
0.100299
0.822098
-0.0619735
0.364703
-0.455666
0.224713
-0.433382
0.0847216
-0.411101
0.575
-1.95
0.450999
2
0.285
-1.31
0.380789
1.5
0.195
-0.6
0.400714
1.2
0.235
0.29
0.859069
1
0.34338
1.21801
0.532075
0.5
1.115
-0.28
0.460977
0.5
0
-0.535
-0.28
0.055
0.27
-0.792958
0.954631
0.125
1.23
-0.015
1.64
0.455
0.94
0.595
1.4
0.555
0.69
0.935
0.52
0.935
0.01
1.155
-0.49
0.183036
-0.862347
0.135
-1.69
0.295
-1.91
0.589621
-1.96679
-0.563817
0.440269
-0.519251
0.720251
-0.00300177
1.03281
0.114705
0.870532
0.173559
0.789397
0.291267
0.627121
0.467828
0.38371
0.585537
0.221437
0.644391
0.140299
0.762098
-0.0219735
0.304703
-0.415666
0.164713
-0.393382
0.0247216
-0.371101
0.475
-1.95
0.440454
2
0.175
-1.34
0.380789
1.5
0.145
-0.64
0.400714
1.2
0.205
0.32
0.822192
1
0.275
1.31
0.458912
0.5
0.915
-0.13
0.485077
0.5
0
-0.595
-0.27
-0.005
0.28
-0.852958
0.964631
0.065
1.24
0.005
1.66
0.345
0.91
0.455
1.35
0.455
0.7
0.805
0.53
0.855
0.07
1.045
-0.41
0.055
-0.94
-0.005
-1.76
0.185
-1.92
0.479621
-1.97679
-0.623817
0.450269
-0.579251
0.730251
-0.0630018
1.04281
0.0547055
0.880532
0.113559
0.799397
0.231267
0.637121
0.407828
0.39371
0.525537
0.231437
0.584391
0.150299
0.702098
-0.0119735
0.244703
-0.405666
0.104713
-0.383382
-0.0352784
-0.361101
0.315
-2
0.455412
2
0.075
-1.37
0.380789
1.5
0.115
-0.69
0.400714
1.2
0.105
0.32
0.823468
1
0.205
1.34
0.419952
0.5
0.875
-0.09
0.429535
0.5
0
-0.605
-0.23
-0.015
0.32
-0.862958
1.00463
0.075
1.24
-0.005
1.64
0.305
0.91
0.365
1.35
0.415
0.71
0.745
0.54
0.805
0.2
1.025
-0.25
-0.035
-0.89
-0.075
-1.74
0.145
-1.94
0.439621
-1.99679
-0.633817
0.490269
-0.589251
0.770251
-0.0730018
1.08281
0.0447055
0.920532
0.103559
0.839396
0.221267
0.677121
0.397828
0.43371
0.515537
0.271437
0.574391
0.190299
0.692098
0.0280265
0.234703
-0.365666
0.094713
-0.343382
-0.0452784
-0.321101
0.295
-2.01
0.453982
2
-0.0330449
-1.41159
0.380789
1.5
-0.0233188
-0.68095
0.400714
1.2
-0.015
0.32
0.7
1
0.21338
1.30801
0.419952
0.5
0.805
0.07
0.452217
0.5
0
-0.605
-0.18
-0.015
0.37
-0.862958
1.05463
0.075
1.24
-0.025
1.65
0.245
0.88
0.335
1.31
0.395
0.72
0.625
0.62
0.675
0.36
0.945
0.06
-0.075
-0.72
-0.095
-1.67
0.125
-2.01
0.421404
-2.05631
-0.633817
0.540269
-0.589251
0.820251
-0.0730018
1.13281
0.0447055
0.970532
0.103559
0.889396
0.221267
0.727121
0.397828
0.48371
0.515537
0.321437
0.574391
0.240299
0.692098
0.0780265
0.234703
-0.315666
0.094713
-0.293382
-0.0452784
-0.271101
0.238143
-2.04592
0.435419
2
-0.0330449
-1.36159
0.380789
1.5
-0.0233188
-0.63095
0.400714
1.2
-0.015
0.37
0.7
1
0.21338
1.35801
0.419952
0.5
0.83929
0.248512
0.403113
0.5
0
-0.605
-0.18
-0.015
0.37
-0.862958
1.05463
0.075
1.24
-0.025
1.65
0.245
0.88
0.345
1.24
0.395
0.73
0.675
0.57
0.635
0.38
0.905
0.07
-0.075
-0.72
-0.095
-1.67
0.135
-2.04
0.425
-2.04
-0.633817
0.540269
-0.589251
0.820251
-0.0730018
1.13281
0.0447055
0.970532
0.103559
0.889396
0.221267
0.727121
0.397828
0.48371
0.515537
0.321437
0.574391
0.240299
0.692098
0.0780265
0.234703
-0.315666
0.094713
-0.293382
-0.0452784
-0.271101
0.238143
-2.04592
0.453261
2
-0.0330449
-1.36159
0.380789
1.5
-0.0233188
-0.63095
0.400714
1.2
-0.015
0.37
0.7
1
0.21338
1.35801
0.419952
0.5
0.83929
0.248512
0.403113
0.5
0
-0.605
-0.18
-0.015
0.37
-0.862958
1.05463
0.075
1.24
-0.025
1.65
0.245
0.88
0.365
1.14
0.365
0.72
0.625
0.61
0.605
0.39
0.875
0.14
-0.065
-0.71
-0.085
-1.66
0.135
-2.04
0.425
-2.04
-0.633817
0.540269
-0.589251
0.820251
-0.0730018
1.13281
0.0447055
0.970532
0.103559
0.889396
0.221267
0.727121
0.397828
0.48371
0.515537
0.321437
0.574391
0.240299
0.692098
0.0780265
0.234703
-0.315666
0.094713
-0.293382
-0.0452784
-0.271101
0.238143
-2.04592
0.417161
2
-0.0330449
-1.36159
0.380789
1.5
-0.0233188
-0.63095
0.400714
1.2
-0.015
0.37
0.7
1
0.21338
1.35801
0.419952
0.5
0.83929
0.248512
0.403113
0.5
0
-0.575
-0.0599999
0.015
0.49
-0.832958
1.17463
0.105
1.29
-0.005
1.66
0.275
1
0.355
1.18
0.395
0.84
0.655
0.73
0.635
0.51
0.905
0.26
-0.035
-0.59
-0.055
-1.54
0.165
-1.92
0.455
-1.92
-0.603817
0.660269
-0.559251
0.940251
-0.0430018
1.25281
0.0747055
1.09053
0.133559
1.0094
0.251267
0.847121
0.427828
0.60371
0.545537
0.441437
0.604391
0.360299
0.722098
0.198027
0.264703
-0.195666
0.124713
-0.173382
-0.0152784
-0.151101
0.268143
-1.92592
0.471489
2
-0.0030449
-1.24159
0.380789
1.5
0.00668116
-0.51095
0.400714
1.2
0.015
0.49
0.7
1
0.24338
1.47801
0.419952
0.5
0.86929
0.368512
0.403113
0.5
0
-0.595
-0.02
-0.005
0.53
-0.852958
1.21463
0.085
1.33
-0.015
1.64
0.295
1.07
0.335
1.32
0.455
0.85
0.755
0.71
0.655
0.56
0.945
0.32
-0.055
-0.55
-0.075
-1.5
0.145
-1.88
0.435
-1.88
-0.623817
0.700269
-0.579251
0.980251
-0.0630018
1.29281
0.0547055
1.13053
0.113559
1.0494
0.231267
0.887121
0.407828
0.64371
0.525537
0.481437
0.584391
0.400299
0.702098
0.238026
0.244703
-0.155666
0.104713
-0.133382
-0.0352784
-0.111101
0.248143
-1.88592
0.447079
2
-0.0230449
-1.20159
0.380789
1.5
-0.0133188
-0.47095
0.400714
1.2
-0.005
0.53
0.7
1
0.22338
1.51801
0.419952
0.5
0.84929
0.408512
0.403113
0.5
0
-0.605
0.0600001
-0.015
0.61
-0.862958
1.29463
0.075
1.41
-0.015
1.65
0.325
1.19
0.315
1.52
0.565
0.91
0.895
0.73
0.735
0.6
1.035
0.32
-0.065
-0.47
-0.085
-1.42
0.135
-1.8
0.425
-1.8
-0.633817
0.780269
-0.589251
1.06025
-0.0730018
1.37281
0.0447055
1.21053
0.103559
1.1294
0.221267
0.967121
0.397828
0.72371
0.515537
0.561437
0.574391
0.480299
0.692098
0.318027
0.234703
-0.0756657
0.094713
-0.0533819
-0.0452784
-0.0311006
0.238143
-1.80592
0.437626
2
-0.0330449
-1.12159
0.380789
1.5
-0.0233188
-0.39095
0.400714
1.2
-0.015
0.61
0.7
1
0.21338
1.59801
0.419952
0.5
0.83929
0.488512
0.403113
0.5
0
-0.655
0.08
-0.065
0.63
-0.912957
1.31463
0.025
1.43
0.005
1.65
0.315
1.3
0.285
1.65
0.625
0.88
0.995
0.65
0.745
0.55
1.035
0.28
-0.115
-0.45
-0.135
-1.4
0.085
-1.78
0.375
-1.78
-0.683817
0.800269
-0.639251
1.08025
-0.123002
1.39281
-0.0052945
1.23053
0.0535592
1.1494
0.171267
0.987121
0.347828
0.74371
0.465537
0.581437
0.524391
0.500299
0.642098
0.338027
0.184703
-0.0556657
0.044713
-0.0333819
-0.0952784
-0.0111006
0.188143
-1.78592
0.447264
2
-0.0830449
-1.10159
0.380789
1.5
-0.0733188
-0.37095
0.400714
1.2
-0.065
0.63
0.7
1
0.16338
1.61801
0.419952
0.5
0.78929
0.508512
0.403113
0.5
0
-0.66745
-0.0173515
-0.04875
0.5725
-0.898759
1.25413
0.04
1.3825
0.0025
1.65
0.3475
1.2675
0.315
1.645
0.6475
0.8
1.0182
0.598653
0.7625
0.475
1.04
0.205
-0.1025
-0.515
-0.1225
-1.465
0.0975
-1.8425
0.389958
-1.845
-0.667969
0.740667
-0.624346
1.02072
-0.109272
1.33491
0.00894337
1.17307
0.0680511
1.09215
0.186267
0.930312
0.363591
0.687552
0.481807
0.525714
0.540916
0.444793
0.659131
0.282954
0.203166
-0.112154
0.0631393
-0.0903417
-0.0768891
-0.0685314
0.212357
-1.84194
0.448451
2
-0.0610337
-1.1587
0.380789
1.5
-0.0537391
-0.428212
0.400714
1.2
-0.04875
0.5725
0.7
1
0.176285
1.56101
0.419952
0.5
0.805717
0.453884
0.403113
0.5
0
-0.6799
-0.114703
-0.0325
0.515
-0.884561
1.19363
0.055
1.335
-4.65661e-10
1.65
0.38
1.235
0.345
1.64
0.67
0.72
1.04141
0.547306
0.78
0.4
1.045
0.13
-0.09
-0.58
-0.11
-1.53
0.11
-1.905
0.404917
-1.91
-0.652122
0.681065
-0.609441
0.961194
-0.0955426
1.27702
0.0231812
1.11561
0.0825431
1.03491
0.201267
0.873502
0.379354
0.631394
0.498078
0.46999
0.557441
0.389287
0.676165
0.227882
0.221629
-0.168642
0.0815655
-0.147301
-0.0584998
-0.125962
0.236571
-1.89796
0.462078
2
-0.0390224
-1.2158
0.380789
1.5
-0.0341594
-0.485475
0.400714
1.2
-0.0325
0.515
0.7
1
0.18919
1.504
0.419952
0.5
0.822145
0.399256
0.403113
0.5
0
-0.69235
-0.212054
-0.01625
0.4575
-0.870362
1.13313
0.07
1.2875
-0.0025
1.65
0.4125
1.2025
0.375
1.635
0.6925
0.64
1.06462
0.495959
0.7975
0.325
1.05
0.055
-0.0775
-0.645
-0.0975
-1.595
0.1225
-1.9675
0.419875
-1.97499
-0.636274
0.621462
-0.594535
0.901666
-0.0818131
1.21912
0.0374191
1.05815
0.0970351
0.977666
0.216268
0.816693
0.395116
0.575237
0.514349
0.414267
0.573966
0.33378
0.693198
0.17281
0.240093
-0.225131
0.0999918
-0.204261
-0.0401105
-0.183393
0.260786
-1.95398
0.440472
2
-0.0170112
-1.2729
0.380789
1.5
-0.0145797
-0.542737
0.400714
1.2
-0.01625
0.4575
0.7
1
0.202095
1.447
0.419952
0.5
0.838573
0.344628
0.403113
0.5
0
-0.7048
-0.309406
0
0.4
-0.856164
1.07263
0.085
1.24
-0.005
1.65
0.445
1.17
0.405
1.63
0.715
0.56
1.08782
0.444612
0.815
0.25
1.055
-0.02
-0.065
-0.71
-0.085
-1.66
0.135
-2.03
0.434833
-2.03999
-0.620426
0.56186
-0.57963
0.842138
-0.0680835
1.16123
0.051657
1.00069
0.111527
0.920423
0.231268
0.759884
0.410879
0.519079
0.53062
0.358543
0.590491
0.278274
0.710231
0.117738
0.258556
-0.281619
0.118418
-0.261221
-0.0217212
-0.240824
0.285
-2.01
0.440114
2
0.005
-1.33
0.380789
1.5
0.005
-0.6
0.400714
1.2
0
0.4
0.7
1
0.215
1.39
0.419952
0.5
0.855
0.29
0.403113
0.5
0
