30
10
15
13
6
0.145
-0.27
0.475
0.48
-0.577206
0.761492
0.22244
1.28598
-0.021756
1.6276
0.828644
1.20765
1.105
1.62
1.2982
0.83915
1.975
0.69
1.50487
0.36102
1.965
0.48
0.852258
-0.566406
1.535
-0.86
2.095
-0.28
2.24135
-0.018117
-0.159305
0.384577
-0.23214
0.658398
0.112671
1.15326
0.285999
1.05276
0.372662
1.00252
0.545991
0.902025
0.805981
0.751285
0.979309
0.650793
1.06597
0.600546
1.2393
0.500054
0.981153
-0.0450526
0.844243
-0.0814694
0.707333
-0.117888
2.135
-0.16
0.495782
2
1.515
-0.61
0.380789
1.5
0.905
-0.3
0.400714
1.2
0.475
0.48
0.7
1
0.555
1.31
0.677422
0.5
1.595
0.55
0.505371
0.5
0
0.035
-0.275
0.41
0.455
-0.620024
0.802456
0.209851
1.27384
-0.011579
1.62966
0.813737
1.13735
1.13692
1.51167
1.25279
0.760212
1.955
0.595
1.43868
0.28664
1.94
0.305
0.719015
-0.611253
1.38029
-0.947203
1.98
-0.51
2.14246
-0.258503
-0.227839
0.400409
-0.28292
0.677773
0.0920602
1.14866
0.258282
1.03751
0.341393
0.981944
0.507617
0.870801
0.756949
0.704088
0.923171
0.592948
1.00628
0.537377
1.1725
0.426236
0.880636
-0.100216
0.741955
-0.127757
0.603273
-0.155298
2.02251
-0.288279
0.495782
2
1.37631
-0.696933
0.380789
1.5
0.788532
-0.349282
0.400714
1.2
0.41
0.455
0.7
1
0.542605
1.27656
0.677422
0.5
1.52996
0.453299
0.505371
0.5
0
-0.075
-0.28
0.345
0.43
-0.662842
0.84342
0.197262
1.26171
-0.0014019
1.63172
0.79883
1.06704
1.16883
1.40334
1.20738
0.681275
1.935
0.5
1.37248
0.21226
1.915
0.13
0.585771
-0.656101
1.22558
-1.03441
1.865
-0.74
2.04357
-0.498888
-0.296372
0.41624
-0.3337
0.697147
0.0714493
1.14405
0.230566
1.02226
0.310124
0.961368
0.469243
0.839576
0.707917
0.656891
0.867034
0.535103
0.946589
0.474208
1.10571
0.352419
0.780119
-0.15538
0.639666
-0.174044
0.499213
-0.192709
1.91002
-0.416558
0.495782
2
1.23762
-0.783867
0.380789
1.5
0.672065
-0.398565
0.400714
1.2
0.345
0.43
0.7
1
0.53021
1.24312
0.677422
0.5
1.46492
0.356599
0.505371
0.5
0
-0.045
-0.26
0.395
0.43
-0.596261
0.88002
0.278116
1.26605
0.0933565
1.64289
0.866534
1.07587
1.17199
1.47799
1.2655
0.649152
1.93
0.53
1.41309
0.174675
1.875
0.025
0.595415
-0.663531
1.22042
-1.06492
1.845
-0.93
2.06929
-0.744444
-0.246026
0.4399
-0.272949
0.72181
0.148134
1.15319
0.30255
1.02569
0.379758
0.961946
0.534175
0.834451
0.765797
0.643212
0.920213
0.51572
0.997418
0.451973
1.15184
0.324481
0.807962
-0.170641
0.667008
-0.184102
0.526054
-0.197565
1.935
-0.87
0.495782
2
1.24169
-0.815155
0.380789
1.5
0.691087
-0.409518
0.400714
1.2
0.395
0.43
0.7
1
0.609936
1.23521
0.677422
0.5
1.51072
0.315414
0.505371
0.5
0
-0.015
-0.24
0.445
0.43
-0.529681
0.916621
0.358971
1.27038
0.188115
1.65406
0.934237
1.08469
1.17515
1.55264
1.32361
0.617029
1.925
0.56
1.45369
0.13709
1.835
-0.08
0.605059
-0.670961
1.21527
-1.09543
1.825
-1.12
2.095
-0.99
-0.19568
0.463561
-0.212199
0.746472
0.22482
1.16232
0.374533
1.02912
0.449391
0.962525
0.599107
0.829327
0.823678
0.629532
0.973393
0.496337
1.04825
0.429739
1.19796
0.296543
0.835805
-0.185901
0.69435
-0.19416
0.552894
-0.202421
1.945
-1.05
0.495782
2
1.24576
-0.846444
0.380789
1.5
0.710109
-0.420472
0.400714
1.2
0.445
0.43
0.7
1
0.689663
1.2273
0.677422
0.5
1.55653
0.27423
0.505371
0.5
0
-0.02
-0.225
0.46
0.435
-0.497978
0.952657
0.401232
1.27733
0.242953
1.66615
0.963689
1.0991
1.19159
1.57553
1.28431
0.638514
1.885
0.595
1.43435
0.108545
1.80951
-0.0751025
0.584298
-0.670045
1.18018
-1.11382
1.695
-1.22
1.96894
-1.09886
-0.178959
0.489246
-0.186313
0.772411
0.263719
1.17371
0.408977
1.0358
0.481608
0.966855
0.626868
0.828947
0.844755
0.622089
0.990014
0.484184
1.06264
0.415231
1.2079
0.277326
0.830501
-0.192928
0.688919
-0.196605
0.547336
-0.200283
1.825
-1.16
0.495782
2
1.21868
-0.866072
0.380789
1.5
0.697344
-0.423202
0.400714
1.2
0.46
0.435
0.7
1
0.730203
1.2236
0.677422
0.5
1.565
0.38
0.505371
0.5
0
-0.025
-0.21
0.475
0.44
-0.466276
0.988693
0.443494
1.28428
0.297791
1.67825
0.99314
1.11351
1.20803
1.59843
1.245
0.66
1.845
0.63
1.415
0.08
1.78403
-0.0702051
0.563537
-0.66913
1.14509
-1.13222
1.565
-1.32
1.84287
-1.20772
-0.162239
0.51493
-0.160427
0.798349
0.302619
1.18511
0.443421
1.04249
0.513824
0.971185
0.654628
0.828568
0.865832
0.614645
1.00664
0.472031
1.07703
0.400724
1.21784
0.258109
0.825196
-0.199955
0.683488
-0.199049
0.541778
-0.198144
1.715
-1.23
0.495782
2
1.19161
-0.885701
0.380789
1.5
0.684579
-0.425931
0.400714
1.2
0.475
0.44
0.7
1
0.770743
1.2199
0.677422
0.5
1.565
0.37
0.505371
0.5
0
-0.02
-0.205
0.5
0.43
-0.422358
1.00892
0.496141
1.27444
0.363475
1.67277
1.02731
1.12492
1.21535
1.62169
1.24
0.655
1.795
0.72
1.42726
0.0396249
1.82451
-0.195103
0.552167
-0.680882
1.11797
-1.16252
1.525
-1.4
1.81315
-1.32856
-0.134131
0.525696
-0.123051
0.808764
0.352169
1.17998
0.48816
1.0329
0.556158
0.959367
0.692152
0.812292
0.896141
0.591682
1.03213
0.444609
1.10013
0.371073
1.23612
0.224
0.828903
-0.22075
0.68737
-0.21521
0.545837
-0.209671
1.655
-1.35
0.495782
2
1.17251
-0.917774
0.380789
1.5
0.68104
-0.441894
0.400714
1.2
0.5
0.43
0.7
1
0.820948
1.19942
0.677422
0.5
1.585
0.32
0.505371
0.5
0
-0.015
-0.2
0.525
0.42
-0.378441
1.02914
0.548789
1.2646
0.429159
1.66729
1.06148
1.13633
1.22267
1.64495
1.235
0.65
1.745
0.81
1.43951
-0.000750214
1.865
-0.32
0.540798
-0.692635
1.09085
-1.19282
1.485
-1.48
1.78343
-1.44939
-0.106023
0.536462
-0.0856751
0.819178
0.401718
1.17485
0.532899
1.02331
0.598493
0.94755
0.729677
0.796016
0.926451
0.568718
1.05763
0.417187
1.12322
0.341422
1.25441
0.18989
0.83261
-0.241545
0.691253
-0.23137
0.549895
-0.221197
1.605
-1.44
0.495782
2
1.15341
-0.949847
0.380789
1.5
0.6775
-0.457856
0.400714
1.2
0.525
0.42
0.7
1
0.871152
1.17894
0.677422
0.5
1.555
0.27
0.61
0.5
0
-0.125
-0.16
0.495
0.42
-0.337568
1.12301
0.609698
1.25717
0.534165
1.67043
1.045
1.14
1.125
1.66
1.195
0.68
1.655
0.96
1.30114
-0.17169
1.645
-0.57
0.415
-0.7
0.735
-1.57
1.04952
-1.70226
1.34953
-1.704
-0.11983
0.603813
-0.0691233
0.882705
0.453799
1.18378
0.567889
1.01898
0.624937
0.936586
0.73903
0.771784
0.910167
0.524585
1.02426
0.359787
1.0813
0.277388
1.1954
0.112589
0.729524
-0.270889
0.590078
-0.245536
0.450632
-0.220183
1.195
-1.63
0.495782
2
0.665
-1.11
0.380789
1.5
0.551991
-0.469233
0.400714
1.2
0.495
0.42
0.7
1
0.920968
1.13725
0.758917
0.5
1.435
-0.26
0.505371
0.5
1
2.695
-0.03
2.04083
0.287348
-0.957826
0.5
0.7
1
0
-0.16
-0.125
0.505
0.415
-0.268252
1.17823
0.672349
1.25858
0.574181
1.66719
1.105
1.13
1.16661
1.64716
1.17
0.62
1.6
0.885
1.24807
-0.225845
1.535
-0.575
0.405
-0.685
0.65
-1.61
0.857259
-1.81613
1.13973
-1.88737
-0.0919612
0.645271
-0.0199871
0.918585
0.523113
1.17743
0.623779
1.00478
0.674116
0.918468
0.774786
0.745821
0.925789
0.486856
1.02646
0.314213
1.07679
0.227892
1.17746
0.0552476
0.684698
-0.289922
0.548042
-0.253935
0.411385
-0.217949
1.015
-1.8
0.495782
2
0.575
-1.16
0.380789
1.5
0.49288
-0.473357
0.400714
1.2
0.505
0.415
0.7
1
0.965
1.08
0.671193
0.5
1.325
-0.33
0.505371
0.5
0
-0.195
-0.09
0.515
0.41
-0.198935
1.23344
0.735
1.26
0.614197
1.66395
1.165
1.12
1.20823
1.63431
1.145
0.56
1.545
0.81
1.195
-0.28
1.425
-0.58
0.395
-0.67
0.565
-1.65
0.665
-1.93
0.929935
-2.07075
-0.0640925
0.686728
0.0291491
0.954464
0.592428
1.17108
0.67967
0.990588
0.723296
0.90035
0.810542
0.719858
0.941411
0.449126
1.02866
0.268639
1.07228
0.178396
1.15953
-0.00209334
0.639873
-0.308954
0.506006
-0.262334
0.372139
-0.215714
0.845
-2
0.495782
2
0.505
-1.2
0.386005
1.5
0.43377
-0.477482
0.400714
1.2
0.515
0.41
0.7
1
1.035
1.14
0.677422
0.5
1.255
-0.32
0.404969
0.5
0
-0.245
-0.11
0.465
0.39
-0.248935
1.21344
0.685
1.24
0.564197
1.64395
1.10256
1.13673
1.115
1.63
1.075
0.59
1.40042
0.914434
1.225
-0.23
1.365
-0.73
0.345
-0.69
0.515
-1.67
0.615
-1.95
0.766716
-2.20881
-0.114092
0.666728
-0.0208508
0.934464
0.542428
1.15108
0.62967
0.970588
0.673296
0.88035
0.760543
0.699858
0.891411
0.429126
0.978657
0.248639
1.02228
0.158396
1.10953
-0.0220934
0.589873
-0.328954
0.456006
-0.282334
0.322139
-0.235714
0.725
-2.09
0.495782
2
0.485
-1.25
0.417612
1.5
0.38377
-0.497482
0.400714
1.2
0.465
0.39
0.7
1
0.996848
1.03284
0.677422
0.5
1.245
-0.37
0.414367
0.5
0
-0.245
-0.11
0.465
0.39
-0.248935
1.21344
0.685
1.24
0.564197
1.64395
1.10256
1.13673
1.115
1.63
1.06
0.6
1.38771
0.957217
1.2
-0.25
1.335
-0.735
0.385
-0.68
0.485
-1.65
0.53
-1.975
0.605858
-2.2544
-0.114092
0.666728
-0.0208508
0.934464
0.542428
1.15108
0.62967
0.970588
0.673296
0.88035
0.760543
0.699858
0.891411
0.429126
0.978657
0.248639
1.02228
0.158396
1.10953
-0.0220934
0.589873
-0.328954
0.456006
-0.282334
0.322139
-0.235714
0.575
-2.1
0.495782
2
0.475
-1.23
0.419762
1.5
0.38377
-0.497482
0.400714
1.2
0.465
0.39
0.7
1
0.915
1.11
0.677422
0.5
1.225
-0.37
0.392938
0.5
0
-0.245
-0.11
0.465
0.39
-0.248935
1.21344
0.685
1.24
0.564197
1.64395
1.10256
1.13673
1.115
1.63
1.045
0.61
1.375
1
1.175
-0.27
1.305
-0.74
0.425
-0.67
0.455
-1.63
0.445
-2
0.445
-2.3
-0.114092
0.666728
-0.0208508
0.934464
0.542428
1.15108
0.62967
0.970588
0.673296
0.88035
0.760543
0.699858
0.891411
0.429126
0.978657
0.248639
1.02228
0.158396
1.10953
-0.0220934
0.589873
-0.328954
0.456006
-0.282334
0.322139
-0.235714
0.445
-2.14
0.495782
2
0.465
-1.26
0.430465
1.5
0.38377
-0.497482
0.400714
1.2
0.465
0.39
0.7
1
0.885
1.15
0.677422
0.5
1.215
-0.4
0.439659
0.5
0
-0.235
-0.14
0.465
0.39
-0.279237
1.1862
0.695
1.23
0.575
1.64
1.06749
1.17013
1.115
1.63
0.985
0.62
1.345
1.08
1.1992
-0.24302
1.395
-0.7
0.545
-0.73
0.495
-1.61
0.355
-2
0.275221
-2.2892
-0.124049
0.644897
-0.0408774
0.915939
0.513927
1.15347
0.607858
0.976355
0.654828
0.887808
0.748763
0.710698
0.889663
0.445039
0.983598
0.267933
1.03056
0.179381
1.1245
0.00227395
0.616663
-0.323806
0.481143
-0.28222
0.345623
-0.240635
0.265
-2.1
0.495782
2
0.485
-1.25
0.411096
1.5
0.416998
-0.499925
0.400714
1.2
0.465
0.39
0.7
1
0.875
1.2
0.677422
0.5
1.255
-0.37
0.505371
0.5
0
-0.255
-0.165
0.44
0.4
-0.331789
1.16857
0.639651
1.24717
0.505131
1.65236
1.00625
1.19007
1.095
1.645
0.975
0.635
1.35
1.07
1.2071
-0.19151
1.44
-0.615
0.625
-0.715
0.605
-1.505
0.35
-1.965
0.226906
-2.23441
-0.157427
0.633497
-0.0840592
0.907173
0.461546
1.16425
0.561696
0.990727
0.611775
0.903972
0.711929
0.730447
0.862157
0.470166
0.962311
0.296645
1.01238
0.209885
1.11254
0.0363629
0.617015
-0.307478
0.480178
-0.270794
0.34334
-0.234111
0.305
-2.07
0.495782
2
0.535
-1.23
0.450999
1.5
0.423904
-0.490519
0.400714
1.2
0.44
0.4
0.7
1
0.875
1.22
0.677422
0.5
1.275
-0.3
0.38833
0.5
0
-0.275
-0.19
0.415
0.41
-0.384342
1.15093
0.584302
1.26434
0.435262
1.66472
0.945
1.21
1.075
1.66
0.965
0.65
1.355
1.06
1.215
-0.14
1.485
-0.53
0.705
-0.7
0.715
-1.4
0.345
-1.93
0.17859
-2.17962
-0.190805
0.622097
-0.127241
0.898407
0.409164
1.17504
0.515533
1.0051
0.568722
0.920137
0.675095
0.750197
0.834652
0.495292
0.941025
0.325356
0.994208
0.240389
1.10058
0.0704519
0.617367
-0.29115
0.479212
-0.259368
0.341058
-0.227587
0.305
-1.99
0.495782
2
0.585
-1.26
0.380789
1.5
0.605
-0.59
0.400714
1.2
0.415
0.41
0.7
1
0.845
1.24
0.677422
0.5
1.305
-0.2
0.443847
0.5
0
-0.28
-0.225
0.4
0.41
-0.427913
1.11759
0.534646
1.26982
0.390131
1.64236
0.88
1.215
1.035
1.64
0.955
0.655
1.385
1.055
1.23
-0.085
1.55
-0.445
0.765
-0.695
0.825
-1.38
0.445
-1.92
0.26616
-2.16037
-0.213393
0.597378
-0.161051
0.875814
0.363377
1.17361
0.476421
1.00821
0.532946
0.925525
0.645993
0.760133
0.815561
0.512051
0.928607
0.346664
0.985127
0.26397
1.09818
0.0985816
0.630273
-0.281905
0.491056
-0.255734
0.351839
-0.229564
0.365
-1.96
0.51788
2
0.675
-1.2
0.430116
1.5
0.575
-0.53
0.400714
1.2
0.4
0.41
0.7
1
0.835
1.21
0.677422
0.5
1.305
-0.15
0.432897
0.5
0
-0.285
-0.26
0.385
0.41
-0.471485
1.08425
0.48499
1.27529
0.345
1.62
0.815
1.22
0.995
1.62
0.945
0.66
1.415
1.05
1.245
-0.03
1.615
-0.36
0.825
-0.69
0.935
-1.36
0.545
-1.91
0.35373
-2.14112
-0.235981
0.57266
-0.194861
0.853221
0.31759
1.17217
0.437308
1.01133
0.49717
0.930913
0.616891
0.77007
0.79647
0.52881
0.916189
0.367971
0.976047
0.287552
1.09577
0.126711
0.64318
-0.272659
0.5029
-0.2521
0.36262
-0.231541
0.455
-2
0.495782
2
0.745
-1.28
0.401123
1.5
0.665
-0.54
0.400714
1.2
0.385
0.41
0.7
1
0.786236
1.14169
0.677422
0.5
1.405
-0.13
0.439659
0.5
0
-0.28
-0.295
0.375
0.41
-0.509215
1.04581
0.437215
1.27806
0.3
1.615
0.77
1.215
0.959274
1.62608
0.93
0.655
1.41
1.015
1.275
0.02
1.66
-0.24
0.88
-0.535
1.045
-1.36
0.67
-1.84
0.466388
-2.05968
-0.251914
0.545384
-0.223058
0.827219
0.274601
1.16785
0.401088
1.0125
0.464334
0.934835
0.590824
0.779487
0.780557
0.54647
0.907045
0.391125
0.970287
0.313453
1.09678
0.158108
0.662367
-0.260196
0.52145
-0.245769
0.380533
-0.231342
0.605
-1.95
0.495782
2
0.855
-1.22
0.380789
1.5
0.745
-0.55
0.400714
1.2
0.375
0.41
0.7
1
0.775
1.17
0.677422
0.5
1.395
-0.03
0.423792
0.5
0
-0.275
-0.33
0.365
0.41
-0.546944
1.00737
0.38944
1.28082
0.255
1.61
0.725
1.21
0.923548
1.63216
0.915
0.65
1.405
0.98
1.305
0.07
1.705
-0.12
0.935
-0.38
1.155
-1.36
0.795
-1.77
0.579047
-1.97824
-0.267847
0.518109
-0.251255
0.801218
0.231611
1.16353
0.364868
1.01368
0.431498
0.938757
0.564758
0.788904
0.764644
0.564129
0.897902
0.414279
0.964528
0.339355
1.09779
0.189504
0.681553
-0.247734
0.539999
-0.239437
0.398445
-0.231143
0.725
-1.83
0.495782
2
0.995
-1.12
0.380789
1.5
0.755
-0.48
0.400714
1.2
0.365
0.41
0.7
1
0.775
1.17
0.730274
0.5
1.45156
0.125492
0.434773
0.5
0
-0.281564
-0.367305
0.335
0.42
-0.608345
0.966546
0.305
1.24
0.185
1.54
0.615
1.16
0.725
1.58
0.915
0.7
1.405
0.93
1.275
0.19
1.685
0.06
0.94745
-0.337628
1.22082
-1.30415
0.975
-1.73
0.815156
-1.98387
-0.302851
0.493284
-0.301792
0.776891
0.160526
1.16513
0.301798
1.02279
0.372436
0.951632
0.513711
0.809297
0.72562
0.595798
0.866894
0.453466
0.937528
0.3823
1.0788
0.239967
0.687125
-0.219438
0.545322
-0.218908
0.403519
-0.21838
0.905
-1.82
0.495782
2
1.045
-1.11
0.380789
1.5
0.845
-0.46
0.400714
1.2
0.335
0.42
0.7
1
0.485
1.3
0.520937
0.5
1.325
0.45
0.560892
0.5
0
-0.303282
-0.348652
0.32
0.42
-0.612428
0.984616
0.315
1.255
0.175
1.545
0.614228
1.15432
0.715
1.575
0.925
0.685
1.42
0.86
1.28
0.2
1.66
0.065
0.864006
-0.408376
1.13451
-1.31215
0.95
-1.75
0.845723
-2.02495
-0.316206
0.505607
-0.309656
0.789094
0.160014
1.16825
0.298481
1.02322
0.367715
0.950719
0.506185
0.805699
0.713885
0.588173
0.852353
0.443156
0.921584
0.370648
1.06005
0.22563
0.65962
-0.226028
0.517878
-0.222753
0.376135
-0.21948
0.875
-1.84
0.495782
2
0.965
-1.09
0.380789
1.5
0.705
-0.47
0.400714
1.2
0.32
0.42
0.7
1
0.475
1.31
0.518289
0.5
1.355
0.43
0.533385
0.5
0
-0.325
-0.33
0.305
0.42
-0.616512
1.00269
0.325
1.27
0.165
1.55
0.613456
1.14863
0.705
1.57
0.935
0.67
1.435
0.79
1.285
0.21
1.635
0.07
0.780563
-0.479124
1.04821
-1.32015
0.925
-1.77
0.876289
-2.06603
-0.32956
0.517931
-0.317521
0.801296
0.159503
1.17136
0.295163
1.02365
0.362995
0.949805
0.498659
0.802101
0.70215
0.580548
0.837812
0.432846
0.90564
0.358996
1.04131
0.211293
0.632115
-0.232619
0.490433
-0.226599
0.348751
-0.22058
0.905
-1.9
0.495782
2
0.895
-1.11
0.380789
1.5
0.725
-0.45
0.400714
1.2
0.305
0.42
0.7
1
0.515
1.26
0.450999
0.5
1.325
0.37
0.505371
0.5
0
-0.395
-0.28
0.275
0.42
-0.603522
1.06577
0.355
1.31
0.165
1.59
0.615
1.16
0.675
1.58
0.945
0.58
1.455
0.59
1.245
0.2
1.605
-1.49012e-08
0.6865
-0.510244
0.755
-1.41
0.815
-1.79
0.833149
-2.08945
-0.351183
0.562102
-0.319343
0.843944
0.182432
1.17974
0.30743
1.02289
0.369931
0.944475
0.494933
0.787631
0.682432
0.552369
0.807431
0.395529
0.869929
0.317109
0.994932
0.160268
0.555659
-0.253943
0.414739
-0.238023
0.273818
-0.222104
0.825
-1.96
0.495782
2
0.725
-1.23
0.380789
1.5
0.585
-0.51
0.400714
1.2
0.275
0.42
0.7
1
0.465
1.31
0.480416
0.5
1.305
0.22
0.478539
0.5
0
-0.405
-0.2
0.265
0.41
-0.560702
1.12224
0.355
1.3
0.195
1.6
0.66158
1.12138
0.754082
1.53548
0.965
0.5
1.475
0.36
1.195
0.15
1.575
-0.11
0.465
-0.64
0.555
-1.5
0.685
-1.83
0.790761
-2.11074
-0.348292
0.600406
-0.294615
0.878945
0.231815
1.17471
0.344243
1.0086
0.40046
0.925551
0.512892
0.759441
0.681537
0.510281
0.793967
0.344175
0.850179
0.261122
0.962613
0.0950146
0.4924
-0.283805
0.353131
-0.256966
0.213863
-0.23013
0.705
-1.96
0.495782
2
0.525
-1.22
0.380789
1.5
0.445
-0.55
0.400714
1.2
0.265
0.41
0.7
1
0.475
1.31
0.509378
0.5
1.285
0.19
0.505371
0.5
0
-0.49185
-0.184926
0.235
0.42
-0.554325
1.1711
0.368125
1.33
0.208125
1.635
0.675625
1.1725
0.704375
1.6
1.00688
0.46625
1.40348
0.320576
1.08063
0.1475
1.37313
-0.11375
0.244375
-0.7075
0.303125
-1.5525
0.531875
-1.82625
0.709617
-2.04459
-0.367788
0.639941
-0.300632
0.915309
0.23918
1.18481
0.343283
1.01355
0.395337
0.927921
0.499444
0.756657
0.655601
0.499766
0.759706
0.328505
0.811757
0.242875
0.915866
0.0716139
0.428109
-0.283519
0.290426
-0.249941
0.152742
-0.216365
0.595
-1.94
0.495782
2
0.335
-1.15
0.380789
1.5
0.22873
-0.485223
0.400714
1.2
0.235
0.42
0.7
1
0.445
1.24
0.490102
0.5
1.185
0.16
0.442333
0.5
0
-0.56735
-0.274555
0.14375
0.405
-0.693317
1.10005
0.2425
1.265
0.1325
1.645
0.5875
1.17
0.56
1.635
0.875
0.5325
1.25462
0.408459
0.9675
0.22
1.2225
-0.0475
0.1
-0.71
0.1025
-1.63
0.325
-1.9725
0.58995
-2.04202
-0.471636
0.583455
-0.423309
0.86233
0.0963131
1.16725
0.211586
1.00365
0.269223
0.921851
0.384497
0.758248
0.557407
0.512847
0.67268
0.349247
0.730317
0.267446
0.845591
0.103845
0.383607
-0.282876
0.24417
-0.258713
0.104733
-0.23455
0.445
-1.95
0.495782
2
0.145
-1.23
0.380789
1.5
0.14553
-0.567921
0.400714
1.2
0.14375
0.405
0.7
1
0.415
1.3
0.490918
0.5
1.03788
0.200267
0.458907
0.5
0
-0.7048
-0.309406
0
0.4
-0.856164
1.07263
0.085
1.24
-0.005
1.65
0.445
1.17
0.395
1.65
0.715
0.56
1.08782
0.444612
0.815
0.25
1.055
-0.02
-0.065
-0.71
-0.085
-1.66
0.135
-2.03
0.434833
-2.03999
-0.620426
0.56186
-0.57963
0.842138
-0.0680835
1.16123
0.051657
1.00069
0.111527
0.920423
0.231268
0.759884
0.410879
0.519079
0.53062
0.358543
0.590491
0.278274
0.710231
0.117738
0.258556
-0.281619
0.118418
-0.261221
-0.0217212
-0.240824
0.285
-2.01
0.378021
2
0.005
-1.33
0.380789
1.5
0.005
-0.6
0.400714
1.2
0
0.4
0.7
1
0.215
1.39
0.419952
0.5
0.855
0.29
0.403113
0.5
0
