29
10
15
13
6
-0.7048
-0.309406
0
0.4
-0.856164
1.07263
0.085
1.24
-0.005
1.65
0.445
1.17
0.365
1.64
0.715
0.56
1.08782
0.444612
0.815
0.25
1.055
-0.02
-0.065
-0.71
-0.085
-1.66
0.135
-2.03
0.434833
-2.03999
-0.620426
0.56186
-0.57963
0.842138
-0.0680835
1.16123
0.051657
1.00069
0.111527
0.920423
0.231268
0.759884
0.410879
0.519079
0.53062
0.358543
0.590491
0.278274
0.710231
0.117738
0.258556
-0.281619
0.118418
-0.261221
-0.0217212
-0.240824
0.285
-2.01
0.43566
2
0.005
-1.33
0.380789
1.5
0.005
-0.6
0.400714
1.2
0
0.4
0.7
1
0.215
1.39
0.419952
0.5
0.855
0.29
0.403113
0.5
0
-0.81757
-0.279769
-0.075
0.39
-0.886834
1.11563
0.0631177
1.22298
-0.000700224
1.63789
0.415
1.08
0.475
1.53
0.585
0.57
0.965
0.61
0.735
0.22
0.995
0.06
-0.210283
-0.71372
-0.290505
-1.6606
-0.0944023
-2.04384
0.204214
-2.07283
-0.683953
0.5909
-0.625458
0.868046
-0.0946648
1.15407
0.0146596
0.986246
0.0693217
0.902337
0.178647
0.734515
0.342634
0.482785
0.451959
0.314965
0.506622
0.231055
0.615946
0.0632351
0.139817
-0.306695
0.00124524
-0.277447
-0.137328
-0.248201
0.0565748
-2.03339
0.426655
2
-0.179747
-1.33695
0.380789
1.5
-0.133442
-0.608373
0.400714
1.2
-0.075
0.39
0.7
1
0.225
1.3
0.419952
0.5
0.775
0.38
0.403113
0.5
0
-0.788073
-0.234317
-0.015
0.4
-0.789657
1.16524
0.115
1.22
0.005
1.63
0.515
1.03
0.685
1.46
0.585
0.57
0.905
0.62
0.765
0.19
0.995
0.14
-0.205166
-0.695632
-0.332516
-1.63737
-0.155765
-2.02992
0.141043
-2.07376
-0.613194
0.631027
-0.540947
0.904919
0.00346649
1.16412
0.104288
0.99105
0.154699
0.904517
0.255521
0.731446
0.406754
0.471843
0.507577
0.298775
0.557988
0.21224
0.65881
0.0391715
0.164809
-0.306563
0.0278642
-0.27044
-0.109082
-0.234317
-0.00444998
-2.02701
0.420319
2
-0.205751
-1.31963
0.380789
1.5
-0.123164
-0.594246
0.400714
1.2
-0.015
0.4
0.7
1
0.315
1.25
0.43566
0.5
0.775
0.38
0.403113
0.5
0
-0.82839
-0.115454
-0.025
0.48
-0.756927
1.28669
0.111386
1.26665
-0.00398233
1.62207
0.593365
1.06415
0.86035
1.44063
0.529797
0.607994
0.818102
0.681
0.695736
0.240496
0.921916
0.188796
-0.274833
-0.603962
-0.453511
-1.53764
-0.298423
-1.93939
-0.00435735
-1.99941
-0.609869
0.743457
-0.522735
1.01308
0.035213
1.24222
0.126457
1.06384
0.172079
0.974654
0.263323
0.796273
0.40019
0.528706
0.491436
0.350328
0.537058
0.261138
0.628302
0.0827603
0.115978
-0.235569
-0.0188327
-0.192002
-0.153645
-0.148436
-0.135
-1.86
0.460977
2
-0.315
-1.21
0.4005
1.5
-0.187385
-0.507176
0.400714
1.2
-0.025
0.48
0.7
1
0.375
1.32
0.516312
0.5
0.695
0.37
0.403113
0.5
0
-0.665
-0.08
0.055
0.53
-0.736634
1.27833
0.130741
1.32486
0.005
1.62
0.655
1.15
0.975
1.53
0.575
0.7
0.775
0.77
0.745
0.37
0.935
0.38
-0.111092
-0.570012
-0.217742
-1.51472
-0.0323225
-1.90345
0.265503
-1.94077
-0.548384
0.747906
-0.482151
1.02344
0.0566562
1.29467
0.161304
1.12378
0.213628
1.03834
0.318276
0.867458
0.475249
0.611136
0.579898
0.440255
0.632222
0.354814
0.73687
0.183934
0.250388
-0.172733
0.112624
-0.139616
-0.0251413
-0.1065
0.118955
-1.89722
0.441195
2
-0.0979462
-1.19414
0.380789
1.5
-0.0313061
-0.466804
0.400714
1.2
0.055
0.53
0.7
1
0.455
1.39
0.514198
0.5
0.695
0.49
0.403113
0.5
0
-0.555
-0.13
0.145
0.54
-0.699542
1.22822
0.135
1.31
0.015
1.65
0.665
1.16
0.975
1.56
0.725
0.77
1.005
0.88
0.895
0.38
1.155
0.33
0.0601528
-0.569341
0.0231823
-1.51941
0.236676
-1.89351
0.536466
-1.90886
-0.472817
0.71301
-0.426998
0.992686
0.0904768
1.30279
0.207405
1.14004
0.265869
1.05867
0.382798
0.895917
0.55819
0.651797
0.67512
0.489051
0.733584
0.407676
0.850513
0.24493
0.391503
-0.146543
0.251666
-0.123634
0.111828
-0.100725
0.387101
-1.87618
0.448664
2
0.119115
-1.19087
0.398922
1.5
0.132148
-0.46054
0.400714
1.2
0.145
0.54
0.7
1
0.455
1.42
0.502609
0.5
0.895
0.56
0.403113
0.5
0
-0.495
-0.15
0.185
0.57
-0.696555
1.21022
0.185
1.32
0.025
1.64
0.725
1.19
0.955
1.57
0.855
0.89
1.215
0.95
1.035
0.34
1.325
0.33
0.16198
-0.542398
0.177907
-1.4931
0.411887
-1.85476
0.712082
-1.85341
-0.441514
0.708389
-0.411319
0.990195
0.088133
1.32861
0.213938
1.17261
0.27684
1.09461
0.402646
0.93861
0.591354
0.704611
0.71716
0.548612
0.780062
0.470611
0.905867
0.314612
0.469319
-0.101805
0.328417
-0.0867075
0.187514
-0.0716109
0.585
-1.72
0.476413
2
0.255
-1.09
0.380789
1.5
0.227816
-0.429757
0.400714
1.2
0.185
0.57
0.7
1
0.435
1.41
0.492443
0.5
0.995
0.61
0.460435
0.5
0
-0.344202
-0.319039
0.295
0.45
-0.631083
1.02409
0.255
1.24
0.045
1.64
0.745
1.1
0.935
1.56
1.035
0.87
1.505
0.93
1.285
0.15
1.595
0.14
0.353388
-0.661193
0.438798
-1.60826
0.698618
-1.95187
0.997934
-1.92858
-0.340007
0.542213
-0.330498
0.825495
0.142908
1.19956
0.279795
1.05316
0.348237
0.979967
0.485124
0.833569
0.690454
0.613977
0.827341
0.467583
0.895785
0.394385
1.03267
0.247991
0.627708
-0.199268
0.486068
-0.194514
0.344427
-0.189761
0.845589
-1.91536
0.421857
2
0.491732
-1.27007
0.380789
1.5
0.410816
-0.544029
0.400714
1.2
0.295
0.45
0.7
1
0.495
1.3
0.538238
0.5
1.245
0.51
0.515335
0.5
0
-0.125
-0.45
0.425
0.38
-0.561058
0.843749
0.345
1.21
0.065
1.63
0.805
1.09
0.925
1.55
1.21733
0.862248
1.755
0.86
1.42875
0.0945662
1.825
0.02
0.61087
-0.717171
0.804698
-1.64819
1.10235
-1.95964
1.39702
-1.90206
-0.216445
0.398537
-0.239596
0.681051
0.187655
1.10713
0.340489
0.977448
0.416904
0.91261
0.569737
0.782926
0.798986
0.588405
0.95182
0.458725
1.02824
0.393883
1.18107
0.264203
0.830233
-0.226716
0.688977
-0.238292
0.54772
-0.249868
1.205
-1.92
0.47676
2
0.818369
-1.30613
0.380789
1.5
0.654438
-0.594169
0.400714
1.2
0.425
0.38
0.7
1
0.535
1.31
0.492667
0.5
1.465
0.44
0.546631
0.5
4
1.765
0.92
0.3228
1
0
0.5
0.1
1
0
1.895
-0.02
0.311448
1
0
0.5
0.2
1
0
1.365
0.12
0.228035
0.707107
0.707107
0.3
0.1
1
0
1.225
0.86
0.202485
0.707107
0.707107
0.3
0.1
1
0
-0.075
-0.56
0.475
0.27
-0.511058
0.733749
0.395
1.19
0.035
1.62
0.835
1.05
0.905
1.54
1.30452
0.684533
2.015
0.53
1.45108
-0.0492683
2.035
-0.23
0.66087
-0.827171
0.854698
-1.75819
1.155
-2.08
1.44967
-2.02241
-0.166445
0.288537
-0.189596
0.571051
0.237655
0.997133
0.390489
0.867449
0.466904
0.80261
0.619737
0.672926
0.848986
0.478405
1.00182
0.348725
1.07824
0.283883
1.23107
0.154203
0.880233
-0.336716
0.738977
-0.348292
0.59772
-0.359868
1.29415
-2.01646
0.468245
2
0.868369
-1.41613
0.380789
1.5
0.704438
-0.704169
0.400714
1.2
0.475
0.27
0.7
1
0.462371
1.28382
0.557106
0.5
1.595
0.3
0.573149
0.5
4
2.055
0.6
0.3228
1
0
0.5
0.1
1
0
2.035
-0.28
0.311448
1
0
0.5
0.2
1
0
1.475
-0.04
0.228035
0.707107
0.707107
0.3
0.1
1
0
1.365
0.71
0.202485
0.707107
0.707107
0.3
0.1
1
0
0.00500005
-0.56
0.555
0.27
-0.431058
0.733749
0.445
1.17
0.025
1.62
0.945
1.01
0.905
1.55
1.41196
0.60776
2.14799
0.294282
1.46834
-0.108336
2.135
-0.14
0.535
-0.94
0.755
-1.7
1.255
-1.91
1.54967
-1.85241
-0.086445
0.288537
-0.109596
0.571051
0.317655
0.997133
0.470489
0.867449
0.546904
0.80261
0.699737
0.672926
0.928986
0.478405
1.08182
0.348725
1.15824
0.283883
1.31107
0.154203
0.960233
-0.336716
0.818977
-0.348292
0.67772
-0.359868
1.395
-1.85
0.444072
2
0.735
-1.39
0.461736
1.5
0.735
-0.64
0.424264
1.2
0.555
0.27
0.7
1
0.542371
1.28382
0.538049
0.5
1.655
0.24
0.562228
0.5
4
2.115
0.34
0.3228
1
0
0.5
0.1
1
0
2.115
-0.28
0.311448
1
0
0.5
0.2
1
0
1.555
-0.04
0.228035
0.707107
0.707107
0.3
0.1
1
0
1.435
0.6
0.202485
0.707107
0.707107
0.3
0.1
1
0
0.285
-0.71
0.685
0.15
-0.36624
0.437695
0.475
1.15
0.025
1.61
1.02468
0.912593
0.905
1.53
1.50922
0.511442
2.24096
0.188075
1.59725
-0.116767
2.225
-0.05
0.873005
-1.04573
1.22025
-1.75684
1.74898
-1.87794
2.02946
-1.77061
0.049758
0.0581532
-0.0215518
0.33256
0.326306
0.825752
0.499165
0.7242
0.585593
0.673429
0.758452
0.571877
1.01774
0.419555
1.1906
0.318008
1.27703
0.267233
1.44988
0.165686
1.18845
-0.378276
1.05125
-0.413931
0.91405
-0.449586
1.875
-1.77
0.522962
2
1.165
-1.38
0.406079
1.5
1.065
-0.7
0.400714
1.2
0.685
0.15
0.7
1
0.565
1.14
0.58
0.5
1.785
0.18
0.516624
0.5
3
1.605
-0.13
0.228035
0.707107
0.707107
0.3
0.1
1
0
1.495
0.44
0.202485
0.707107
0.707107
0.3
0.1
1
0
2.505
0.06
0.570351
1
0
1.2
0.3
1
0
0.176108
-0.778492
0.635
0.11
-0.403903
0.439655
0.435
1.07
0.025
1.59
0.987003
0.891605
0.915
1.53
1.465
0.47
2.185
0.19
1.51384
-0.209113
2.175
-0.22
0.774888
-1.09237
1.09334
-1.81688
1.725
-2.02
2.02351
-1.99015
-0.00344747
0.0437095
-0.0636937
0.32077
0.303689
0.799634
0.472344
0.691223
0.556669
0.637022
0.725323
0.528611
0.978303
0.366001
1.14696
0.257596
1.23128
0.203392
1.39994
0.0949857
1.11688
-0.438077
0.97835
-0.468199
0.83982
-0.498324
1.875
-1.99
0.527362
2
1.175
-1.54
0.442719
1.5
0.985
-0.81
0.400714
1.2
0.635
0.11
0.7
1
0.625
1.2
0.578213
0.5
1.715
0.13
0.541295
0.5
0
0.117988
-0.773654
0.595
0.105
-0.435733
0.458619
0.425
1.045
0.035
1.59
0.941002
0.880803
0.915
1.53
1.43
0.46
2.16
0.245
1.48825
-0.218837
2.145
-0.325
0.714944
-1.08618
1.01417
-1.86344
1.635
-2.085
1.93221
-2.09474
-0.0446712
0.053569
-0.0984534
0.331891
0.279868
0.801987
0.445922
0.689713
0.528947
0.633581
0.695
0.521307
0.944078
0.352902
1.11014
0.240633
1.19316
0.184498
1.35921
0.072229
1.06392
-0.453996
0.924752
-0.480887
0.785591
-0.507779
1.785
-2.06
0.527362
2
1.065
-1.59
0.442719
1.5
0.905
-0.845
0.400714
1.2
0.595
0.105
0.7
1
0.595
1.195
0.578213
0.5
1.71
0.11
0.541295
0.5
0
0.0598675
-0.768817
0.555
0.1
-0.467564
0.477582
0.415
1.02
0.045
1.59
0.895
0.87
0.915
1.53
1.395
0.45
2.135
0.3
1.46266
-0.22856
2.115
-0.43
0.655
-1.08
0.935
-1.91
1.545
-2.15
1.84092
-2.19932
-0.085895
0.0634285
-0.133213
0.343013
0.256048
0.80434
0.4195
0.688203
0.501225
0.630139
0.664677
0.514002
0.909853
0.339803
1.07331
0.223671
1.15503
0.165604
1.31848
0.0494722
1.01095
-0.469916
0.871155
-0.493575
0.731363
-0.517235
1.695
-2.13
0.528771
2
0.955
-1.64
0.426812
1.5
0.825
-0.88
0.470956
1.2
0.555
0.1
0.7
1
0.565
1.19
0.561063
0.5
1.705
0.09
0.592115
0.5
0
-0.00555655
-0.753307
0.515
0.1
-0.494733
0.50932
0.404014
1.02351
0.05226
1.60458
0.855
0.87
0.925
1.525
1.36155
0.446501
2.115
0.36
1.41609
-0.25349
2.045
-0.48
0.577863
-1.08201
0.831541
-1.92
1.41
-2.21
1.69821
-2.28786
-0.12643
0.0835817
-0.164926
0.364384
0.238443
0.813051
0.398093
0.691894
0.477917
0.63132
0.637568
0.510164
0.877041
0.328435
1.0367
0.207283
1.11651
0.146706
1.27617
0.0255542
0.952622
-0.483683
0.81222
-0.502931
0.671819
-0.522181
1.565
-2.225
0.528771
2
0.9
-1.69
0.426812
1.5
0.745
-0.905
0.470956
1.2
0.515
0.1
0.7
1
0.545
1.185
0.561063
0.5
1.635
0.075
0.592115
0.5
0
-0.0709806
-0.737798
0.475
0.1
-0.521903
0.541059
0.393027
1.02703
0.05952
1.61917
0.815
0.87
0.935
1.52
1.32811
0.443002
2.095
0.42
1.36951
-0.27842
1.975
-0.53
0.500726
-1.08402
0.728082
-1.93001
1.275
-2.27
1.5555
-2.3764
-0.166965
0.103735
-0.19664
0.385756
0.220839
0.821761
0.376687
0.695585
0.45461
0.632501
0.610459
0.506325
0.84423
0.317066
1.00008
0.190895
1.078
0.127808
1.23385
0.0016362
0.894294
-0.497451
0.753285
-0.512288
0.612275
-0.527127
1.435
-2.32
0.466313
2
0.845
-1.74
0.448344
1.5
0.665
-0.93
0.450444
1.2
0.475
0.1
0.7
1
0.525
1.18
0.587857
0.5
1.565
0.06
0.640312
0.5
0
-0.0929903
-0.638899
0.45
0.155
-0.535446
0.62036
0.374013
1.09351
0.05726
1.61458
0.775
0.91
0.94
1.515
1.30559
0.498185
2.07
0.52
1.32037
-0.253785
1.91
-0.59
0.467863
-1.03701
0.671541
-1.945
1.145
-2.275
1.39355
-2.43198
-0.191493
0.174549
-0.214202
0.457134
0.213773
0.882596
0.366419
0.752654
0.442742
0.687688
0.595389
0.557747
0.82436
0.362841
0.977008
0.232904
1.05333
0.167935
1.20598
0.0379979
0.854326
-0.452428
0.713035
-0.463782
0.571743
-0.475138
1.265
-2.33
0.466313
2
0.73
-1.65
0.448344
1.5
0.646954
-0.850141
0.450444
1.2
0.45
0.155
0.7
1
0.53
1.205
0.587857
0.5
1.59
0.065
0.640312
0.5
0
-0.115
-0.54
0.425
0.21
-0.548989
0.69966
0.355
1.16
0.055
1.61
0.735
0.95
0.945
1.51
1.28308
0.553369
2.045
0.62
1.27124
-0.229151
1.845
-0.65
0.435
-0.99
0.615
-1.96
1.015
-2.28
1.2316
-2.48757
-0.216021
0.245364
-0.231764
0.528513
0.206706
0.94343
0.356152
0.809724
0.430874
0.742875
0.58032
0.609169
0.804489
0.408615
0.953936
0.274913
1.02866
0.208061
1.1781
0.0743596
0.814357
-0.407404
0.672784
-0.415276
0.53121
-0.423149
1.095
-2.34
0.52469
2
0.615
-1.56
0.462709
1.5
0.628907
-0.770281
0.400714
1.2
0.425
0.21
0.7
1
0.535
1.23
0.558824
0.5
1.615
0.07
0.673647
0.5
0
-0.19
-0.49
0.38
0.235
-0.569582
0.768204
0.36
1.225
0.07
1.615
0.715
0.97
0.95
1.52
1.24392
0.568267
1.99
0.685
1.20756
-0.240524
1.74
-0.72
0.37
-0.95
0.485
-1.94
0.81
-2.31
1.00265
-2.53783
-0.258081
0.299614
-0.260839
0.582899
0.195706
0.976905
0.338728
0.836637
0.410237
0.766508
0.553259
0.626241
0.767792
0.415846
0.910815
0.275584
0.982326
0.205451
1.12534
0.0651895
0.740312
-0.398942
0.598671
-0.400321
0.457029
-0.401702
0.88
-2.4
0.52469
2
0.525
-1.585
0.462709
1.5
0.538645
-0.752587
0.400714
1.2
0.4
0.27
0.7
1
0.525
1.27
0.558824
0.5
1.57
0.075
0.673647
0.5
0
-0.265
-0.44
0.335
0.26
-0.590175
0.836748
0.365
1.29
0.085
1.62
0.695
0.99
0.955
1.53
1.20477
0.583164
1.935
0.75
1.14387
-0.251897
1.635
-0.79
0.305
-0.91
0.355
-1.92
0.605
-2.34
0.773693
-2.58808
-0.300142
0.353864
-0.289915
0.637285
0.184706
1.01038
0.321303
0.86355
0.389601
0.79014
0.526199
0.643313
0.731095
0.423077
0.867693
0.276255
0.935992
0.202842
1.07259
0.0560193
0.666267
-0.39048
0.524558
-0.385366
0.382847
-0.380255
0.665
-2.46
0.502892
2
0.435
-1.61
0.445533
1.5
0.448383
-0.734894
0.444834
1.2
0.375
0.33
0.7
1
0.515
1.31
0.533725
0.5
1.525
0.08
0.747165
0.5
0
-0.28
-0.435
0.295
0.28
-0.64989
0.822521
0.315
1.26
0.085
1.62
0.68
1.035
0.95
1.52
1.13309
0.670452
1.86
0.91
1.10528
-0.210019
1.565
-0.815
0.29
-0.89
0.36
-1.88
0.53
-2.35
0.646047
-2.62065
-0.342739
0.350748
-0.342787
0.634182
0.117726
1.02399
0.259467
0.882292
0.330337
0.811448
0.472079
0.669752
0.68469
0.457213
0.826432
0.315522
0.897303
0.244675
1.03904
0.102984
0.649401
-0.357665
0.507686
-0.357688
0.365969
-0.357714
0.58
-2.46
0.502892
2
0.415
-1.555
0.445533
1.5
0.444264
-0.709532
0.444834
1.2
0.315
0.315
0.7
1
0.56
1.175
0.533725
0.5
1.385
-0.14
0.747165
0.5
0
-0.295
-0.43
0.255
0.3
-0.709605
0.808294
0.265
1.23
0.085
1.62
0.665
1.08
0.945
1.51
1.06141
0.757741
1.785
1.07
1.06669
-0.16814
1.495
-0.84
0.275
-0.87
0.365
-1.84
0.455
-2.36
0.5184
-2.65322
-0.385336
0.347632
-0.395659
0.631079
0.0507455
1.0376
0.197631
0.901034
0.271073
0.832756
0.417958
0.696191
0.638285
0.491349
0.785171
0.354789
0.858614
0.286508
1.0055
0.149948
0.632536
-0.324849
0.490814
-0.33001
0.349091
-0.335173
0.495
-2.46
0.492443
2
0.395
-1.5
0.508035
1.5
0.440144
-0.68417
0.400714
1.2
0.255
0.3
0.7
1
0.605
1.04
0.703847
0.5
1.245
-0.36
0.520384
0.5
0
-0.275
-0.55
0.225
0.24
-0.781334
0.659862
0.225
1.22
0.0757681
1.59989
0.575
1.02
0.825
1.39
0.935
0.72
1.595
1.01
1.11619
-0.127549
1.645
-0.49
0.355
-0.89
0.065
-1.83
0.145
-2.19
0.175
-2.48
-0.417073
0.230073
-0.452751
0.511474
-0.0445328
0.956384
0.114008
0.833519
0.193277
0.772091
0.351817
0.649226
0.589627
0.464934
0.748167
0.342074
0.827438
0.280643
0.985976
0.157782
0.657028
-0.348554
0.516328
-0.366392
0.375628
-0.384233
0.165
-2.3
0.528867
2
0.175
-1.5
0.45607
1.5
0.415
-0.72
0.400714
1.2
0.225
0.24
0.7
1
0.365
1.21
0.506952
0.5
1.345
0.29
0.740945
0.5
0
-0.275
-0.5
0.225
0.29
-0.781334
0.709862
0.175
1.2
0.085
1.58
0.575
1.07
0.705
1.5
0.865
0.71
1.545
0.89
1.15358
-0.0483469
1.725
-0.28
0.355
-0.84
-0.065
-1.51
0.025
-1.9
0.105
-2.14
-0.417073
0.280073
-0.452751
0.561474
-0.0445328
1.00638
0.114008
0.883519
0.193277
0.822091
0.351817
0.699226
0.589627
0.514934
0.748167
0.392073
0.827438
0.330642
0.985976
0.207782
0.657028
-0.298554
0.516328
-0.316393
0.375628
-0.334233
0.005
-1.94
0.480417
2
0.135
-1.18
0.380789
1.5
0.435
-0.49
0.400714
1.2
0.245
0.29
0.7
1
0.355
1.19
0.474342
0.5
1.285
0.35
0.640781
0.5
0
-0.355
-0.28
0.185
0.31
-0.724382
0.913121
0.237141
1.19858
0.127645
1.63428
0.595
1.05
0.745
1.51
0.905
0.69
1.405
0.83
1.145
0.05
1.575
-0.17
0.385
-0.83
0.105
-1.47
0.265
-1.92
0.435
-2.16
-0.447816
0.421817
-0.429594
0.705093
0.0557839
1.06499
0.188311
0.914241
0.254574
0.838869
0.387102
0.688116
0.585892
0.461994
0.71842
0.311245
0.784684
0.235871
0.917211
0.085123
0.498097
-0.350148
0.35646
-0.341036
0.214822
-0.331926
0.275
-1.94
0.533385
2
0.115
-1.27
0.380789
1.5
0.265
-0.61
0.400714
1.2
0.185
0.31
0.7
1
0.32019
1.31629
0.419952
0.5
1.025
0.32
0.467148
0.5
0
-0.465
-0.24
0.075
0.35
-0.834382
0.953121
0.127141
1.23858
0.0176448
1.67428
0.495
1.13
0.495
1.54
0.775
0.67
1.205
0.58
0.975
0.25
1.325
0.06
0.195
-0.8
-0.045
-1.47
0.235
-1.91
0.503328
-2.04416
-0.557816
0.461817
-0.539594
0.745093
-0.0542161
1.10499
0.0783111
0.954241
0.144574
0.878869
0.277102
0.728116
0.475892
0.501994
0.60842
0.351245
0.674684
0.275871
0.807211
0.125123
0.388097
-0.310148
0.24646
-0.301036
0.104822
-0.291926
0.165
-1.9
0.533385
2
0.00500001
-1.23
0.380789
1.5
0.155
-0.57
0.400714
1.2
0.075
0.35
0.7
1
0.21019
1.35629
0.419952
0.5
0.915
0.36
0.467148
0.5
0
-0.54995
-0.244851
0.04125
0.3725
-0.847723
1.00321
0.111718
1.24812
0.0063224
1.66464
0.475
1.1525
0.44
1.58
0.74
0.6325
1.14321
0.516153
0.906372
0.255334
1.2075
0.03
0.0801854
-0.750067
-0.085
-1.5175
0.1375
-1.9525
0.407247
-2.06629
-0.587033
0.50401
-0.559944
0.786257
-0.0640466
1.13033
0.0635322
0.975662
0.127321
0.89833
0.2549
0.743659
0.446268
0.511658
0.573848
0.356991
0.637638
0.279657
0.765217
0.12499
0.333109
-0.296416
0.191987
-0.28287
0.0508636
-0.269327
0.19
-1.93
0.533385
2
0.0237947
-1.28316
0.380789
1.5
0.0924473
-0.587867
0.400714
1.2
0.04125
0.3725
0.7
1
0.207825
1.37292
0.419952
0.5
0.890057
0.329889
0.467148
0.5
0
-0.6349
-0.249703
0.0075
0.395
-0.861064
1.05329
0.0962954
1.25765
-0.005
1.655
0.455
1.175
0.385
1.62
0.705
0.595
1.08141
0.452306
0.837744
0.260669
1.09
5.58794e-09
-0.0346292
-0.700133
-0.125
-1.565
0.04
-1.995
0.311166
-2.08842
-0.61625
0.546204
-0.580294
0.827421
-0.0738771
1.15567
0.0487534
0.997082
0.110068
0.917791
0.232699
0.759201
0.416645
0.521322
0.539277
0.362737
0.600593
0.283443
0.723223
0.124857
0.278122
-0.282683
0.137514
-0.264704
-0.00309473
-0.246728
0.215
-1.96
0.441814
2
0.0425893
-1.33633
0.380789
1.5
0.0298947
-0.605733
0.400714
1.2
0.0075
0.395
0.7
1
0.20546
1.38955
0.419952
0.5
0.865115
0.299779
0.403113
0.5
0
