44
10
15
13
6
-0.01
0.17
0.045
1.16
-0.996541
0.840948
-0.775
1.58
-0.825
1.28
-0.515
1.76
-1.075
1.78
0.675997
1.72289
1.315
1.78
0.865
1.54
0.995
1.25
1.075
0.77
1.615
0.77
1.985
1.11
2.17142
1.34505
-0.465034
0.769357
-0.661416
0.974219
-0.598542
1.57503
-0.39792
1.57079
-0.297611
1.56867
-0.0969851
1.56442
0.203946
1.55806
0.404567
1.55382
0.504878
1.5517
0.705498
1.54746
0.742934
0.944539
0.640503
0.846349
0.538073
0.748157
2.125
1.29
0.393954
2
1.625
0.83
0.363456
1.5
0.915
0.77
0.39321
1.2
0.045
1.16
0.7
1
-0.815
1.56
0.419952
0.5
0.965
1.53
0.454863
0.5
0
0.01
0.12
0.065
1.11
-0.976541
0.790948
-0.745
1.58
-0.895
1.37
-0.435
1.74
-0.895
1.78
0.605
1.66
1.225
1.75
0.885
1.49
1.045
1.25
1.045
0.63
1.565
0.69
1.935
1.08
2.055
1.35
-0.445034
0.719357
-0.641416
0.924219
-0.578542
1.52503
-0.37792
1.52079
-0.277611
1.51867
-0.0769851
1.51442
0.223946
1.50806
0.424567
1.50382
0.524878
1.5017
0.725498
1.49746
0.762934
0.894539
0.660503
0.796349
0.558073
0.698157
2.145
1.24
0.393954
2
1.645
0.78
0.363456
1.5
0.935
0.72
0.39321
1.2
0.065
1.11
0.7
1
-0.795
1.51
0.419952
0.5
0.985
1.48
0.454863
0.5
0
0.01
0.0225001
0.065
1.0125
-0.976541
0.693448
-0.69
1.5325
-0.985
1.42
-0.3675
1.655
-0.7225
1.7775
0.5425
1.5975
1.0125
1.7625
0.84
1.4525
1.075
1.35
1.0425
0.5075
1.5225
0.5925
1.8025
0.985
1.88342
1.26195
-0.445034
0.621857
-0.641416
0.826719
-0.578542
1.42753
-0.37792
1.42329
-0.277611
1.42117
-0.0769851
1.41692
0.223946
1.41056
0.424567
1.40632
0.524878
1.4042
0.725498
1.39996
0.762934
0.797039
0.660503
0.698849
0.558073
0.600657
1.865
1.22
0.393954
2
1.645
0.6825
0.363456
1.5
0.935
0.6225
0.39321
1.2
0.065
1.0125
0.7
1
-0.595
1.55
0.419952
0.5
0.875
1.52
0.454863
0.5
0
0.01
-0.0749999
0.065
0.915
-0.976541
0.595948
-0.635
1.485
-0.845
1.63
-0.3
1.57
-0.465
1.8
0.48
1.535
0.715
1.78
0.795
1.415
1.025
1.63
1.04
0.385
1.48
0.495
1.67
0.89
1.71184
1.1739
-0.445034
0.524357
-0.641416
0.729219
-0.578542
1.33003
-0.37792
1.32579
-0.277611
1.32367
-0.0769851
1.31942
0.223946
1.31306
0.424567
1.30882
0.524878
1.3067
0.725498
1.30246
0.762934
0.699539
0.660503
0.601349
0.558073
0.503157
1.725
1.11
0.393954
2
1.645
0.585
0.363456
1.5
0.935
0.525
0.39321
1.2
0.065
0.915
0.7
1
-0.455
1.6
0.419952
0.5
0.705
1.5
0.454863
0.5
0
0.01
-0.1725
0.065
0.8175
-0.976541
0.498448
-0.58
1.4375
-0.645
1.68
-0.2325
1.485
-0.295
1.78
0.4175
1.4725
0.485
1.77
0.75
1.3775
0.815
1.65
1.0375
0.2625
1.4375
0.3975
1.5375
0.795
1.54026
1.08585
-0.445034
0.426857
-0.641416
0.631719
-0.578542
1.23253
-0.37792
1.22829
-0.277611
1.22617
-0.0769851
1.22192
0.223946
1.21556
0.424567
1.21132
0.524878
1.2092
0.725498
1.20496
0.762934
0.602039
0.660503
0.503849
0.558073
0.405657
1.575
1.03
0.393954
2
1.435
0.46
0.363456
1.5
0.935
0.4275
0.39321
1.2
0.065
0.8175
0.7
1
-0.445
1.53
0.419952
0.5
0.655
1.41
0.454863
0.5
0
0.01
-0.27
0.065
0.72
-0.976541
0.400948
-0.525
1.39
-0.555
1.8
-0.165
1.4
-0.175
1.78
0.355
1.41
0.375
1.8
0.705
1.34
0.695
1.8
1.035
0.14
1.395
0.3
1.405
0.7
1.36868
0.997794
-0.445034
0.329357
-0.641416
0.534219
-0.578542
1.13503
-0.37792
1.13079
-0.277611
1.12867
-0.0769851
1.12442
0.223946
1.11806
0.424567
1.11382
0.524878
1.1117
0.725498
1.10746
0.762934
0.504539
0.660503
0.406349
0.558073
0.308157
1.395
0.9
0.393954
2
1.415
0.43
0.363456
1.5
0.935
0.33
0.39321
1.2
0.065
0.72
0.7
1
-0.365
1.57
0.419952
0.5
0.565
1.51
0.454863
0.5
0
0.01
-0.27
0.065
0.72
-0.976541
0.400948
-0.525
1.39
-0.555
1.8
-0.165
1.4
-0.175
1.78
0.355
1.41
0.375
1.8
0.705
1.34
0.695
1.8
1.065
0.3
1.365
0.4
1.405
1
1.39786
1.29992
-0.445034
0.329357
-0.641416
0.534219
-0.578542
1.13503
-0.37792
1.13079
-0.277611
1.12867
-0.0769851
1.12442
0.223946
1.11806
0.424567
1.11382
0.524878
1.1117
0.725498
1.10746
0.762934
0.504539
0.660503
0.406349
0.558073
0.308157
1.495
1.19
0.393954
2
1.375
0.64
0.363456
1.5
0.935
0.33
0.39321
1.2
0.065
0.72
0.7
1
-0.345
1.58
0.419952
0.5
0.595
1.57
0.454863
0.5
0
0.01
-0.27
0.065
0.72
-0.976541
0.400948
-0.525
1.39
-0.555
1.8
-0.165
1.4
-0.175
1.78
0.355
1.41
0.375
1.8
0.705
1.34
0.695
1.8
1.085
0.37
1.465
0.86
1.415
1.26
1.40786
1.55992
-0.445034
0.329357
-0.641416
0.534219
-0.578542
1.13503
-0.37792
1.13079
-0.277611
1.12867
-0.0769851
1.12442
0.223946
1.11806
0.424567
1.11382
0.524878
1.1117
0.725498
1.10746
0.762934
0.504539
0.660503
0.406349
0.558073
0.308157
1.465
1.44
0.393954
2
1.375
0.81
0.363456
1.5
0.935
0.33
0.39321
1.2
0.065
0.72
0.7
1
-0.385
1.53
0.419952
0.5
0.525
1.55
0.454863
0.5
0
0.01
-0.27
0.065
0.72
-0.976541
0.400948
-0.525
1.39
-0.555
1.8
-0.165
1.4
-0.175
1.78
0.355
1.41
0.375
1.8
0.705
1.34
0.695
1.8
1.205
0.46
1.615
0.81
1.845
1.13
2.02201
1.37222
-0.445034
0.329357
-0.641416
0.534219
-0.578542
1.13503
-0.37792
1.13079
-0.277611
1.12867
-0.0769851
1.12442
0.223946
1.11806
0.424567
1.11382
0.524878
1.1117
0.725498
1.10746
0.762934
0.504539
0.660503
0.406349
0.558073
0.308157
1.995
1.25
0.393954
2
1.575
0.8
0.363456
1.5
0.935
0.33
0.39321
1.2
0.065
0.72
0.7
1
-0.325
1.57
0.419952
0.5
0.535
1.56
0.454863
0.5
1
2.105
1.38
0.605392
0.970142
0.242536
0.4
0.3
1
0
0.01
-0.27
0.065
0.72
-0.976541
0.400948
-0.525
1.39
-0.555
1.8
-0.165
1.4
-0.175
1.78
0.355
1.41
0.375
1.8
0.705
1.34
0.695
1.8
1.205
0.46
1.625
0.645
2.005
0.83
2.2425
0.968435
-0.445034
0.329357
-0.641416
0.534219
-0.578542
1.13503
-0.37792
1.13079
-0.277611
1.12867
-0.0769851
1.12442
0.223946
1.11806
0.424567
1.11382
0.524878
1.1117
0.725498
1.10746
0.762934
0.504539
0.660503
0.406349
0.558073
0.308157
2.165
0.885
0.393954
2
1.61
0.595
0.363456
1.5
0.935
0.33
0.39321
1.2
0.065
0.72
0.7
1
-0.325
1.575
0.419952
0.5
0.555
1.565
0.454863
0.5
1
2.175
0.91
0.605392
0.970142
0.242536
0.4
0.3
1
0
0.01
-0.27
0.065
0.72
-0.976541
0.400948
-0.525
1.39
-0.555
1.8
-0.165
1.4
-0.175
1.78
0.355
1.41
0.375
1.8
0.705
1.34
0.695
1.8
1.205
0.46
1.635
0.48
2.165
0.53
2.46299
0.56465
-0.445034
0.329357
-0.641416
0.534219
-0.578542
1.13503
-0.37792
1.13079
-0.277611
1.12867
-0.0769851
1.12442
0.223946
1.11806
0.424567
1.11382
0.524878
1.1117
0.725498
1.10746
0.762934
0.504539
0.660503
0.406349
0.558073
0.308157
2.335
0.52
0.393954
2
1.645
0.39
0.363456
1.5
0.935
0.33
0.39321
1.2
0.065
0.72
0.7
1
-0.325
1.58
0.419952
0.5
0.575
1.57
0.454863
0.5
1
2.525
0.64
0.721734
1
0
0.4
0.3
1
0
0.01
-0.27
0.065
0.72
-0.976541
0.400948
-0.525
1.39
-0.555
1.8
-0.165
1.4
-0.175
1.78
0.355
1.41
0.375
1.8
0.705
1.34
0.695
1.8
1.21
0.32
1.645
0.185
2.095
0.02
2.3688
-0.04588
-0.445034
0.329357
-0.641416
0.534219
-0.578542
1.13503
-0.37792
1.13079
-0.277611
1.12867
-0.0769851
1.12442
0.223946
1.11806
0.424567
1.11382
0.524878
1.1117
0.725498
1.10746
0.762934
0.504539
0.660503
0.406349
0.558073
0.308157
2.245
-0.05
0.393954
2
1.595
0.14
0.363456
1.5
0.935
0.33
0.39321
1.2
0.065
0.72
0.7
1
-0.335
1.585
0.419952
0.5
0.56
1.555
0.454863
0.5
1
2.405
0.01
0.721734
1
0
0.4
0.3
1
0
0.01
-0.27
0.065
0.72
-0.976541
0.400948
-0.525
1.39
-0.555
1.8
-0.165
1.4
-0.175
1.78
0.355
1.41
0.375
1.8
0.705
1.34
0.695
1.8
1.215
0.18
1.655
-0.11
2.025
-0.49
2.27462
-0.65641
-0.445034
0.329357
-0.641416
0.534219
-0.578542
1.13503
-0.37792
1.13079
-0.277611
1.12867
-0.0769851
1.12442
0.223946
1.11806
0.424567
1.11382
0.524878
1.1117
0.725498
1.10746
0.762934
0.504539
0.660503
0.406349
0.558073
0.308157
2.155
-0.62
0.461736
2
1.545
-0.11
0.406079
1.5
0.935
0.33
0.39321
1.2
0.065
0.72
0.7
1
-0.345
1.59
0.419952
0.5
0.545
1.54
0.454863
0.5
1
2.265
-0.55
0.721734
0.970143
-0.242536
0.4
0.3
1
0
0.01
-0.27
0.065
0.72
-0.976541
0.400948
-0.525
1.39
-0.555
1.8
-0.165
1.4
-0.175
1.78
0.355
1.41
0.375
1.8
0.705
1.34
0.695
1.8
1.06
0.055
1.3
-0.42
1.49
-0.905
1.6278
-1.13764
-0.445034
0.329357
-0.641416
0.534219
-0.578542
1.13503
-0.37792
1.13079
-0.277611
1.12867
-0.0769851
1.12442
0.223946
1.11806
0.424567
1.11382
0.524878
1.1117
0.725498
1.10746
0.762934
0.504539
0.660503
0.406349
0.558073
0.308157
1.57
-1.025
0.461736
2
1.24
-0.355
0.406079
1.5
0.865
0.235
0.39321
1.2
0.065
0.72
0.7
1
-0.325
1.57
0.419952
0.5
0.54
1.54
0.454863
0.5
1
1.655
-0.95
0.721734
0.970143
-0.242536
0.4
0.3
1
0
0.01
-0.27
0.065
0.72
-0.976541
0.400948
-0.525
1.39
-0.555
1.8
-0.165
1.4
-0.175
1.78
0.355
1.41
0.375
1.8
0.705
1.34
0.695
1.8
0.905
-0.07
0.945
-0.73
0.955
-1.32
0.980989
-1.61887
-0.445034
0.329357
-0.641416
0.534219
-0.578542
1.13503
-0.37792
1.13079
-0.277611
1.12867
-0.0769851
1.12442
0.223946
1.11806
0.424567
1.11382
0.524878
1.1117
0.725498
1.10746
0.762934
0.504539
0.660503
0.406349
0.558073
0.308157
0.985
-1.43
0.431857
2
0.935
-0.6
0.430465
1.5
0.795
0.14
0.39321
1.2
0.065
0.72
0.7
1
-0.305
1.55
0.419952
0.5
0.535
1.54
0.454863
0.5
1
0.975
-1.48
0.721734
0
-1
0.4
0.3
1
0
0.01
-0.27
0.065
0.72
-0.976541
0.400948
-0.525
1.39
-0.555
1.8
-0.165
1.4
-0.175
1.78
0.355
1.41
0.375
1.8
0.705
1.34
0.695
1.8
0.58
-0.08
0.395
-0.78
0.31
-1.31
0.254198
-1.59273
-0.445034
0.329357
-0.641416
0.534219
-0.578542
1.13503
-0.37792
1.13079
-0.277611
1.12867
-0.0769851
1.12442
0.223946
1.11806
0.424567
1.11382
0.524878
1.1117
0.725498
1.10746
0.762934
0.504539
0.660503
0.406349
0.558073
0.308157
0.295
-1.41
0.431857
2
0.465
-0.64
0.430465
1.5
0.555
0.045
0.39321
1.2
0.065
0.72
0.7
1
-0.345
1.55
0.419952
0.5
0.565
1.535
0.454863
0.5
1
0.275
-1.49
0.721734
0
-1
0.4
0.3
1
0
0.01
-0.27
0.065
0.72
-0.976541
0.400948
-0.525
1.39
-0.555
1.8
-0.165
1.4
-0.175
1.78
0.355
1.41
0.375
1.8
0.705
1.34
0.695
1.8
0.255
-0.09
-0.155
-0.83
-0.335
-1.3
-0.472593
-1.56659
-0.445034
0.329357
-0.641416
0.534219
-0.578542
1.13503
-0.37792
1.13079
-0.277611
1.12867
-0.0769851
1.12442
0.223946
1.11806
0.424567
1.11382
0.524878
1.1117
0.725498
1.10746
0.762934
0.504539
0.660503
0.406349
0.558073
0.308157
-0.395
-1.39
0.441475
2
-0.005
-0.68
0.393573
1.5
0.315
-0.05
0.39321
1.2
0.065
0.72
0.7
1
-0.385
1.55
0.419952
0.5
0.595
1.53
0.454863
0.5
1
-0.445
-1.5
0.721734
-0.242536
-0.970143
0.4
0.3
1
0
0.01
-0.27
0.065
0.72
-0.976541
0.400948
-0.525
1.39
-0.555
1.8
-0.165
1.4
-0.175
1.78
0.355
1.41
0.375
1.8
0.705
1.34
0.695
1.8
0.255
-0.05
-0.29
-0.64
-0.75
-0.985
-0.960686
-1.16694
-0.445034
0.329357
-0.641416
0.534219
-0.578542
1.13503
-0.37792
1.13079
-0.277611
1.12867
-0.0769851
1.12442
0.223946
1.11806
0.424567
1.11382
0.524878
1.1117
0.725498
1.10746
0.762934
0.504539
0.660503
0.406349
0.558073
0.308157
-0.845
-1.045
0.441475
2
-0.225
-0.52
0.393573
1.5
0.24
0.015
0.39321
1.2
0.065
0.72
0.7
1
-0.365
1.525
0.419952
0.5
0.585
1.52
0.454863
0.5
1
-0.825
-1.2
0.721734
-0.242536
-0.970143
0.4
0.3
1
0
0.01
-0.27
0.065
0.72
-0.976541
0.400948
-0.525
1.39
-0.555
1.8
-0.165
1.4
-0.175
1.78
0.355
1.41
0.375
1.8
0.705
1.34
0.695
1.8
0.255
-0.01
-0.425
-0.45
-1.165
-0.67
-1.44878
-0.767297
-0.445034
0.329357
-0.641416
0.534219
-0.578542
1.13503
-0.37792
1.13079
-0.277611
1.12867
-0.0769851
1.12442
0.223946
1.11806
0.424567
1.11382
0.524878
1.1117
0.725498
1.10746
0.762934
0.504539
0.660503
0.406349
0.558073
0.308157
-1.295
-0.7
0.487955
2
-0.445
-0.36
0.480104
1.5
0.165
0.08
0.39321
1.2
0.065
0.72
0.7
1
-0.345
1.5
0.419952
0.5
0.575
1.51
0.454863
0.5
1
-1.295
-0.77
0.721734
-0.707107
-0.707107
0.4
0.3
1
0
0.01
-0.27
0.065
0.72
-0.976541
0.400948
-0.525
1.39
-0.555
1.8
-0.165
1.4
-0.175
1.78
0.355
1.41
0.375
1.8
0.705
1.34
0.695
1.8
0.255
-0.01
-0.51
-0.22
-1.37
-0.35
-1.66183
-0.402814
-0.445034
0.329357
-0.641416
0.534219
-0.578542
1.13503
-0.37792
1.13079
-0.277611
1.12867
-0.0769851
1.12442
0.223946
1.11806
0.424567
1.11382
0.524878
1.1117
0.725498
1.10746
0.762934
0.504539
0.660503
0.406349
0.558073
0.308157
-1.495
-0.405
0.487955
2
-0.63
-0.175
0.480104
1.5
0
0.085
0.39321
1.2
0.065
0.72
0.7
1
-0.33
1.495
0.419952
0.5
0.58
1.46
0.454863
0.5
1
-1.435
-0.39
0.721734
-0.707107
-0.707107
0.4
0.3
1
0
0.01
-0.27
0.065
0.72
-0.976541
0.400948
-0.525
1.39
-0.555
1.8
-0.165
1.4
-0.175
1.78
0.355
1.41
0.375
1.8
0.705
1.34
0.695
1.8
0.255
-0.01
-0.595
0.01
-1.575
-0.03
-1.87488
-0.0383301
-0.445034
0.329357
-0.641416
0.534219
-0.578542
1.13503
-0.37792
1.13079
-0.277611
1.12867
-0.0769851
1.12442
0.223946
1.11806
0.424567
1.11382
0.524878
1.1117
0.725498
1.10746
0.762934
0.504539
0.660503
0.406349
0.558073
0.308157
-1.695
-0.11
0.516624
2
-0.815
0.01
0.436807
1.5
-0.165
0.09
0.39321
1.2
0.065
0.72
0.7
1
-0.315
1.49
0.419952
0.5
0.585
1.41
0.454863
0.5
1
-1.715
-0.13
0.623699
-1
0
0.4
0.3
1
0
0.01
-0.27
0.065
0.72
-0.976541
0.400948
-0.525
1.39
-0.555
1.8
-0.165
1.4
-0.175
1.78
0.355
1.41
0.375
1.8
0.705
1.34
0.695
1.8
0.315
-0.1
-0.545
-0.19
-1.605
0.15
-1.85166
0.320763
-0.445034
0.329357
-0.641416
0.534219
-0.578542
1.13503
-0.37792
1.13079
-0.277611
1.12867
-0.0769851
1.12442
0.223946
1.11806
0.424567
1.11382
0.524878
1.1117
0.725498
1.10746
0.762934
0.504539
0.660503
0.406349
0.558073
0.308157
-1.615
0.26
0.470106
2
-0.805
0.03
0.451221
1.5
-0.055
0.12
0.39321
1.2
0.065
0.72
0.7
1
-0.345
1.42
0.445982
0.5
0.565
1.49
0.454863
0.5
0
-0.125
-0.22
-0.005
0.69
-1.06922
0.457293
-0.485
1.4
-0.555
1.78
-0.178555
1.38658
-0.157405
1.76615
0.325
1.31
0.365
1.69
0.683653
1.25554
0.725
1.68
0.177025
-0.147759
-0.6875
-0.167038
-1.59068
0.198159
-1.82253
0.388555
-0.545336
0.342415
-0.724292
0.562681
-0.612427
1.15636
-0.412816
1.1357
-0.313012
1.12537
-0.113398
1.10471
0.186017
1.07373
0.385627
1.05307
0.485432
1.04275
0.685041
1.02209
0.672981
0.418099
0.562849
0.328622
0.452717
0.239143
-1.685
0.3
0.480936
2
-0.935
0.03
0.390512
1.5
-0.225
0.08
0.39321
1.2
-0.005
0.69
0.7
1
-0.325
1.47
0.419952
0.5
0.545
1.35
0.454863
0.5
0
-0.295
-0.28
-0.095
0.65
-1.17466
0.504316
-0.515896
1.39663
-0.554865
1.78108
-0.211526
1.35841
-0.205
1.63
0.284199
1.24125
0.315
1.52
0.595
1.16
0.655
1.44
0.065
-0.3
-0.775
-0.26
-1.475
0.03
-1.715
0.15
-0.661773
0.347338
-0.822297
0.581402
-0.662664
1.1641
-0.46537
1.12733
-0.366726
1.10894
-0.16943
1.07216
0.126509
1.01701
0.323802
0.980237
0.422449
0.961852
0.61974
0.925082
0.558756
0.324013
0.441724
0.243752
0.324693
0.163489
-1.495
0.02
0.510784
2
-0.645
-0.16
0.455412
1.5
0.135
0.09
0.39321
1.2
-0.095
0.65
0.7
1
-0.385
1.43
0.419952
0.5
0.455
1.24
0.454863
0.5
0
-0.415
-0.33
-0.155
0.62
-1.24119
0.534788
-0.533604
1.38901
-0.551059
1.77507
-0.195
1.29
-0.205
1.64
0.215
1.13
0.245
1.41
0.525
1.03
0.605
1.31
0.005
-0.34
-0.705
-0.35
-1.375
-0.09
-1.60795
0.0432171
-0.737827
0.349417
-0.885049
0.592094
-0.693133
1.16502
-0.498183
1.11729
-0.40071
1.09343
-0.205759
1.04569
0.0866643
0.974102
0.281613
0.926375
0.379088
0.902512
0.574036
0.854786
0.479596
0.258009
0.358257
0.184398
0.23692
0.110785
-1.445
-0.06
0.457056
2
-0.745
-0.2
0.363456
1.5
-0.085
-0.05
0.39321
1.2
-0.155
0.62
0.7
1
-0.395
1.42
0.419952
0.5
0.315
1.01
0.454863
0.5
0
-0.551336
-0.361742
-0.215
0.58
-1.30459
0.589626
-0.495
1.43
-0.545
1.77
-0.205
1.29
-0.225
1.63
0.165
1.03
0.285
1.26
0.465
0.94
0.615
1.18
-0.055
-0.36
-0.815
-0.44
-1.385
-0.26
-1.665
-0.21
-0.819215
0.361138
-0.944775
0.615728
-0.703711
1.16983
-0.513637
1.10531
-0.418602
1.07306
-0.228526
1.00853
0.056584
0.91176
0.246658
0.847246
0.341695
0.814988
0.531768
0.750474
0.385744
0.164125
0.25845
0.101346
0.131156
0.0385653
-1.465
-0.25
0.471275
2
-0.715
-0.35
0.363456
1.5
-0.055
-0.08
0.39321
1.2
-0.215
0.58
0.7
1
-0.355
1.44
0.419952
0.5
0.315
0.97
0.454863
0.5
0
-0.762513
-0.328625
-0.285
0.55
-1.35648
0.749254
-0.475
1.42
-0.545
1.77
-0.165
1.26
-0.215
1.62
0.195
0.93
0.435
1.13
0.475
0.79
0.715
0.97
-0.255
-0.29
-0.855
-0.41
-1.295
-0.46
-1.555
-0.5
-0.918222
0.439675
-0.997546
0.712293
-0.663611
1.21605
-0.48764
1.11941
-0.399656
1.07108
-0.223685
0.974424
0.0402708
0.829455
0.216242
0.732809
0.304228
0.684485
0.480198
0.587839
0.234252
0.0357658
0.0979431
-0.00389558
-0.0383659
-0.0435591
-1.415
-0.47
0.480416
2
-0.765
-0.34
0.363456
1.5
-0.175
-0.09
0.39321
1.2
-0.285
0.55
0.7
1
-0.415
1.39
0.419952
0.5
0.475
0.88
0.454863
0.5
0
-0.913191
-0.302897
-0.345
0.52
-1.3851
0.845961
-0.465
1.42
-0.52822
1.78192
-0.135
1.27
-0.185
1.61
0.235
0.84
0.585
0.94
0.455
0.67
0.785
0.74
-0.335
-0.25
-1.005
-0.59
-1.315
-0.76
-1.525
-0.92
-0.986948
0.486165
-1.03312
0.766345
-0.641303
1.22662
-0.478129
1.10962
-0.396543
1.05112
-0.233371
0.9341
0.0113901
0.758593
0.174564
0.641588
0.256152
0.583085
0.419325
0.46608
0.109105
-0.0526924
-0.0309848
-0.0757762
-0.171075
-0.0988621
-1.395
-0.83
0.451221
2
-0.925
-0.52
0.363456
1.5
-0.345
-0.23
0.39321
1.2
-0.345
0.52
0.7
1
-0.325
1.4
0.419952
0.5
0.415
0.73
0.454863
0.5
0
-1.06138
-0.311373
-0.425
0.46
-1.42512
0.893735
-0.455
1.4
-0.535
1.77
-0.105
1.22
-0.175
1.63
0.215
0.74
0.585
0.76
0.415
0.49
0.755
0.43
-0.445
-0.35
-1.145
-0.75
-1.315
-1.04
-1.42791
-1.31794
-1.06702
0.493959
-1.08343
0.77748
-0.645271
1.19399
-0.495307
1.06044
-0.420325
0.99366
-0.270364
0.860094
-0.0454164
0.659762
0.104548
0.526206
0.179531
0.459428
0.329495
0.325873
-0.0336784
-0.157409
-0.175438
-0.165613
-0.317199
-0.173819
-1.395
-1.2
0.520096
2
-0.965
-0.65
0.363456
1.5
-0.465
-0.29
0.39321
1.2
-0.425
0.46
0.7
1
-0.355
1.39
0.419952
0.5
0.395
0.57
0.454863
0.5
0
-1.28671
-0.24247
-0.575
0.46
-1.51839
1.00648
-0.496142
1.39727
-0.532844
1.77408
-0.135
1.22
-0.165
1.64
0.125
0.62
0.485
0.55
0.235
0.38
0.555
0.18
-0.688501
-0.342348
-1.415
-0.77
-1.565
-1.12
-1.61277
-1.41617
-1.20887
0.567951
-1.19239
0.851499
-0.708973
1.21462
-0.575435
1.06461
-0.508667
0.989601
-0.375134
0.839581
-0.174827
0.614567
-0.0412899
0.464556
0.0254796
0.389551
0.159017
0.239541
-0.257628
-0.198574
-0.399402
-0.190337
-0.541176
-0.182102
-1.625
-1.25
0.470744
2
-1.235
-0.68
0.363456
1.5
-0.705
-0.33
0.39321
1.2
-0.575
0.46
0.7
1
-0.335
1.41
0.419952
0.5
0.235
0.42
0.454863
0.5
0
-1.385
-0.27
-0.615
0.36
-1.50102
0.995368
-0.475
1.33
-0.525
1.75
-0.075
1.13
-0.145
1.63
0.045
0.5
0.455
0.36
0.155
0.2
0.485
-0.06
-0.895
-0.38
-1.615
-0.9
-1.635
-1.33
-1.66216
-1.62877
-1.23544
0.528882
-1.19157
0.80951
-0.675209
1.12408
-0.556834
0.961826
-0.497648
0.8807
-0.379278
0.718438
-0.201715
0.47506
-0.0833395
0.312808
-0.0241513
0.23168
0.0942236
0.0694285
-0.362939
-0.32626
-0.503253
-0.30432
-0.643567
-0.282383
-1.655
-1.53
0.444072
2
-1.505
-0.95
0.363456
1.5
-0.955
-0.53
0.39321
1.2
-0.615
0.36
0.7
1
-0.345
1.33
0.50636
0.5
0.155
0.18
0.454863
0.5
0
-1.23015
-0.313848
-0.465
0.33
-1.36142
0.95068
-0.341026
1.30222
-0.397954
1.72135
0.0622371
1.10884
-0.01601
1.60764
0.165
0.48
0.606067
0.355299
0.307567
0.182726
0.641827
-0.0718012
-0.745
-0.46
-1.465
-1.09
-1.365
-1.54
-1.3289
-1.83782
-1.08817
0.488623
-1.04893
0.769949
-0.537817
1.09301
-0.416774
0.932728
-0.356254
0.852587
-0.235217
0.692295
-0.0536536
0.451871
0.0673884
0.291589
0.12791
0.211446
0.248952
0.0511641
-0.201635
-0.352033
-0.342297
-0.332412
-0.48296
-0.312793
-1.305
-1.74
0.460977
2
-1.165
-0.96
0.430465
1.5
-0.615
-0.44
0.39321
1.2
-0.465
0.33
0.7
1
-0.225
1.29
0.482597
0.5
0.325
0.2
0.454863
0.5
0
-1.15345
-0.393187
-0.405
0.27
-1.31854
0.865303
-0.305
1.26
-0.395
1.73
0.055
0.99
0.085
1.44
0.220573
0.437634
0.664988
0.325357
0.371436
0.144464
0.712726
-0.100592
-0.725
-0.55
-1.365
-1.35
-1.185
-1.73
-1.05767
-2.00164
-1.03241
0.411075
-1.00108
0.693406
-0.499211
1.0307
-0.373711
0.873875
-0.310962
0.795461
-0.185466
0.638621
0.00278369
0.403377
0.128283
0.246547
0.191034
0.168131
0.316534
0.0113019
-0.122579
-0.404405
-0.263744
-0.388739
-0.40491
-0.373076
-1.125
-1.86
0.460435
2
-1.065
-1.03
0.393192
1.5
-0.525
-0.52
0.414367
1.2
-0.405
0.27
0.7
1
-0.205
1.22
0.52469
0.5
0.405
0.16
0.454863
0.5
0
-1.08483
-0.443634
-0.355
0.24
-1.28415
0.810826
-0.305
1.25
-0.405
1.73
0.015
0.91
0.115
1.32
0.315
0.41
0.725
0.25
0.435
0.13
0.715
-0.15
-0.765
-0.69
-1.245
-1.56
-0.955
-1.87
-0.757449
-2.09577
-0.986008
0.364333
-0.962203
0.647426
-0.469443
0.998003
-0.339798
0.844554
-0.274977
0.767831
-0.145338
0.614372
0.0491284
0.384201
0.178772
0.230753
0.243595
0.154028
0.373239
0.000580475
-0.0546934
-0.426713
-0.196239
-0.414811
-0.337786
-0.40291
-0.875
-1.97
0.494975
2
-0.945
-1.16
0.441814
1.5
-0.445
-0.58
0.44911
1.2
-0.355
0.24
0.7
1
-0.165
1.24
0.534603
0.5
0.445
0.13
0.454863
0.5
0
-1.03983
-0.443634
-0.31
0.24
-1.23915
0.810826
-0.275
1.22
-0.37
1.71
-0.005
0.83
0.115
1.26
0.36
0.41
0.77
0.25
0.48
0.13
0.76
-0.15
-0.705
-0.73
-1.115
-1.61
-0.85
-1.92
-0.620988
-2.10731
-0.941008
0.364333
-0.917203
0.647426
-0.424443
0.998003
-0.294798
0.844554
-0.229977
0.767831
-0.100338
0.614372
0.0941284
0.384201
0.223772
0.230753
0.288595
0.154028
0.418239
0.000580475
-0.00969343
-0.426713
-0.151239
-0.414811
-0.292786
-0.40291
-0.735
-2.01
0.450111
2
-0.885
-1.19
0.457056
1.5
-0.375
-0.59
0.39321
1.2
-0.31
0.24
0.7
1
-0.165
1.22
0.520384
0.5
0.535
0.19
0.454863
0.5
0
-0.994825
-0.443634
-0.265
0.24
-1.19415
0.810826
-0.245
1.19
-0.335
1.69
0.045
0.8
0.235
1.2
0.405
0.41
0.815
0.25
0.525
0.13
0.805
-0.15
-0.645
-0.77
-0.985
-1.66
-0.745
-1.97
-0.484527
-2.11884
-0.896008
0.364333
-0.872203
0.647426
-0.379443
0.998003
-0.249798
0.844554
-0.184977
0.767831
-0.0553378
0.614372
0.139128
0.384201
0.268772
0.230753
0.333595
0.154028
0.463239
0.000580475
0.0353066
-0.426713
-0.106239
-0.414811
-0.247786
-0.40291
-0.585
-2.07
0.460109
2
-0.785
-1.35
0.440114
1.5
-0.405
-0.68
0.410488
1.2
-0.265
0.24
0.7
1
-0.125
1.17
0.530377
0.5
0.515
0.13
0.454863
0.5
0
-0.958572
-0.426855
-0.231875
0.26
-1.15191
0.843552
-0.20375
1.19625
-0.29375
1.685
0.105
0.78
0.385
1.27
0.44375
0.42875
0.849102
0.274326
0.56125
0.145
0.83625
-0.13375
-0.5725
-0.7625
-0.8725
-1.66
-0.635
-1.9775
-0.369607
-2.10899
-0.86156
0.389023
-0.835631
0.671765
-0.340523
1.01841
-0.212116
0.864071
-0.147914
0.786905
-0.0195121
0.632561
0.173097
0.401061
0.301503
0.246727
0.365707
0.169559
0.494113
0.0152252
0.0632128
-0.408576
-0.0781572
-0.395612
-0.219528
-0.382649
-0.465
-2.05
0.431741
2
-0.645
-1.32
0.42107
1.5
-0.275
-0.59
0.443847
1.2
-0.231875
0.26
0.7
1
-0.065
1.24
0.505964
0.5
0.535
0.17
0.454863
0.5
0
-0.922319
-0.410077
-0.19875
0.28
-1.10966
0.876277
-0.1625
1.2025
-0.2525
1.68
0.145
0.76
0.525
1.29
0.4825
0.4475
0.883205
0.298653
0.5975
0.16
0.8675
-0.1175
-0.5
-0.755
-0.76
-1.66
-0.525
-1.985
-0.254687
-2.09913
-0.827113
0.413714
-0.79906
0.696104
-0.301603
1.03881
-0.174435
0.883588
-0.110851
0.805979
0.0163136
0.65075
0.207066
0.41792
0.334234
0.2627
0.397819
0.18509
0.524987
0.0298699
0.0911189
-0.39044
-0.050075
-0.376413
-0.19127
-0.362388
-0.365
-2.07
0.5001
2
-0.605
-1.27
0.427551
1.5
-0.265
-0.62
0.394588
1.2
-0.19875
0.28
0.7
1
0.055
1.25
0.534883
0.5
0.625
0.16
0.454863
0.5
0
-0.886066
-0.393298
-0.165625
0.3
-1.06741
0.909003
-0.12125
1.20875
-0.21125
1.675
0.205
0.79
0.585
1.35
0.52125
0.46625
0.917307
0.322979
0.63375
0.175
0.89875
-0.10125
-0.4275
-0.7475
-0.6475
-1.66
-0.415
-1.9925
-0.139767
-2.08927
-0.792665
0.438405
-0.762488
0.720443
-0.262683
1.05921
-0.136753
0.903105
-0.0737883
0.825053
0.0521393
0.668939
0.241035
0.43478
0.366965
0.278674
0.429931
0.20062
0.555861
0.0445145
0.119025
-0.372303
-0.0219929
-0.357214
-0.163012
-0.342128
-0.265
-2.04
0.457056
2
-0.515
-1.33
0.393192
1.5
-0.205
-0.62
0.400125
1.2
-0.165625
0.3
0.7
1
0.065
1.22
0.544059
0.5
0.645
0.19
0.454863
0.5
0
-0.849813
-0.37652
-0.1325
0.32
-1.02516
0.941728
-0.08
1.215
-0.17
1.67
0.215
0.81
0.555
1.41
0.56
0.485
0.95141
0.347306
0.67
0.19
0.93
-0.085
-0.355
-0.74
-0.535
-1.66
-0.305
-2
-0.0248471
-2.07942
-0.758217
0.463096
-0.725917
0.744782
-0.223763
1.07962
-0.0990707
0.922622
-0.0367252
0.844127
0.0879651
0.687128
0.275004
0.45164
0.399696
0.294648
0.462043
0.216151
0.586735
0.0591592
0.146931
-0.354166
0.00608931
-0.338016
-0.134754
-0.321867
-0.135
-2.02
0.485077
2
-0.385
-1.21
0.404475
1.5
-0.095
-0.57
0.419762
1.2
-0.1325
0.32
0.7
1
0.105
1.23
0.511566
0.5
0.685
0.18
0.454863
0.5
0
-0.813559
-0.359741
-0.099375
0.34
-0.98291
0.974454
-0.03875
1.22125
-0.12875
1.665
0.305
0.85
0.565
1.47
0.59875
0.50375
0.985512
0.371632
0.70625
0.205
0.96125
-0.06875
-0.2825
-0.7325
-0.4225
-1.66
-0.195
-2.0075
0.090073
-2.06956
-0.723769
0.487787
-0.689345
0.769121
-0.184843
1.10002
-0.0613888
0.942139
0.000337826
0.863201
0.123791
0.705317
0.308973
0.4685
0.432427
0.310622
0.494155
0.231682
0.617609
0.0738039
0.174837
-0.336029
0.0341715
-0.318817
-0.106496
-0.301606
-0.045
-2.06
0.488365
2
-0.295
-1.32
0.394588
1.5
-0.145
-0.61
0.39321
1.2
-0.099375
0.34
0.7
1
0.185
1.22
0.522015
0.5
0.765
0.26
0.454863
0.5
0
-0.777306
-0.342963
-0.06625
0.36
-0.940661
1.00718
0.0025
1.2275
-0.0875
1.66
0.405
0.87
0.605
1.53
0.6375
0.5225
1.01962
0.395959
0.7425
0.22
0.9925
-0.0525
-0.21
-0.725
-0.31
-1.66
-0.085
-2.015
0.204993
-2.0597
-0.689322
0.512478
-0.652773
0.79346
-0.145923
1.12042
-0.0237069
0.961656
0.0374009
0.882275
0.159617
0.723506
0.342941
0.485359
0.465158
0.326595
0.526267
0.247212
0.648483
0.0884486
0.202744
-0.317893
0.0622537
-0.299618
-0.0782374
-0.281345
0.085
-2
0.452769
2
-0.225
-1.33
0.363456
1.5
-0.085
-0.69
0.39321
1.2
-0.06625
0.36
0.7
1
0.245
1.24
0.538517
0.5
0.785
0.23
0.454863
0.5
0
-0.741053
-0.326185
-0.033125
0.38
-0.898413
1.0399
0.04375
1.23375
-0.04625
1.655
0.405
1.01
0.545
1.61
0.67625
0.54125
1.05372
0.420285
0.77875
0.235
1.02375
-0.03625
-0.1375
-0.7175
-0.1975
-1.66
0.025
-2.0225
0.319913
-2.04985
-0.654874
0.537169
-0.616202
0.817799
-0.107003
1.14083
0.0139751
0.981173
0.0744639
0.901349
0.195442
0.741695
0.37691
0.502219
0.497889
0.342569
0.558379
0.262743
0.679357
0.103093
0.23065
-0.299756
0.0903358
-0.28042
-0.0499793
-0.261085
0.205
-2.03
0.434166
2
-0.085
-1.39
0.436578
1.5
-0.045
-0.56
0.471699
1.2
-0.033125
0.38
0.7
1
0.215
1.27
0.483322
0.5
0.825868
0.228021
0.454863
0.5
0
-0.7048
-0.309406
0
0.4
-0.856164
1.07263
0.085
1.24
-0.005
1.65
0.445
1.17
0.385
1.62
0.715
0.56
1.08782
0.444612
0.815
0.25
1.055
-0.02
-0.065
-0.71
-0.085
-1.66
0.135
-2.03
0.434833
-2.03999
-0.620426
0.56186
-0.57963
0.842138
-0.0680835
1.16123
0.051657
1.00069
0.111527
0.920423
0.231268
0.759884
0.410879
0.519079
0.53062
0.358543
0.590491
0.278274
0.710231
0.117738
0.258556
-0.281619
0.118418
-0.261221
-0.0217212
-0.240824
0.285
-2.01
0.468188
2
0.005
-1.33
0.380789
1.5
0.005
-0.6
0.400714
1.2
0
0.4
0.7
1
0.215
1.39
0.419952
0.5
0.855
0.29
0.403113
0.5
0
