30
10
15
13
6
-0.7048
-0.309406
0
0.4
-0.856164
1.07263
0.085
1.24
-0.005
1.65
0.445
1.17
0.385
1.61
0.715
0.56
1.08782
0.444612
0.815
0.25
1.055
-0.02
-0.065
-0.71
-0.085
-1.66
0.135
-2.03
0.434833
-2.03999
-0.620426
0.56186
-0.57963
0.842138
-0.0680835
1.16123
0.051657
1.00069
0.111527
0.920423
0.231268
0.759884
0.410879
0.519079
0.53062
0.358543
0.590491
0.278274
0.710231
0.117738
0.258556
-0.281619
0.118418
-0.261221
-0.0217212
-0.240824
0.285
-2.01
0.447214
2
-0.015
-1.31
0.380789
1.5
0.005
-0.6
0.400714
1.2
0
0.4
0.7
1
0.215
1.39
0.419952
0.5
0.885
0.29
0.403113
0.5
0
-0.52
-0.35
0.105
0.38
-0.808733
0.972286
0.113478
1.22434
-0.0133452
1.62453
0.505
1.13
0.487545
1.58887
0.845
0.62
1.225
0.51
1.005
0.27
1.235
0.04
0.140929
-0.731443
0.207167
-1.67945
0.525
-2
0.824537
-1.98276
-0.527618
0.484943
-0.512404
0.767797
-0.0318481
1.132
0.101972
0.982966
0.168881
0.908451
0.302702
0.759415
0.503432
0.535865
0.637252
0.386832
0.704162
0.312315
0.837982
0.163282
0.424337
-0.275437
0.282911
-0.26783
0.141484
-0.260224
0.695
-1.89
0.448804
2
0.266878
-1.34261
0.380789
1.5
0.200672
-0.615536
0.400714
1.2
0.105
0.38
0.7
1
0.229352
1.38553
0.419952
0.5
1.035
0.32
0.403113
0.5
0
-0.375
-0.34
0.185
0.39
-0.763841
0.924438
0.141015
1.23331
-0.0104326
1.62489
0.615
1.13
0.606363
1.56362
0.965
0.67
1.345
0.54
1.125
0.24
1.365
0.01
0.289901
-0.717166
0.414903
-1.65931
0.905
-1.89
1.1938
-1.80878
-0.452972
0.455454
-0.455356
0.738733
0.00169253
1.13212
0.144524
0.991668
0.215939
0.921446
0.35877
0.780997
0.573017
0.570327
0.715848
0.429881
0.787264
0.359657
0.930094
0.219211
0.544462
-0.244394
0.402824
-0.245586
0.261185
-0.246779
1.005
-1.82
0.414849
2
0.453581
-1.31938
0.380789
1.5
0.342335
-0.597761
0.400714
1.2
0.185
0.39
0.7
1
0.335
1.33
0.440114
0.5
1.095
0.35
0.433244
0.5
0
-0.205
-0.32
0.285
0.42
-0.699585
0.88544
0.180986
1.25807
0.00199181
1.63787
0.736404
1.1519
0.775
1.53
1.135
0.75
1.485
0.56
1.245
0.26
1.52284
0.0882362
0.468594
-0.676921
0.660471
-1.6078
1.295
-1.7
1.55837
-1.55634
-0.356047
0.439796
-0.378627
0.722197
0.0492277
1.14719
0.201718
1.01728
0.277963
0.952326
0.430454
0.822413
0.659189
0.627548
0.811679
0.497638
0.887924
0.432682
1.04041
0.302772
0.688805
-0.187177
0.547605
-0.198466
0.406405
-0.209757
1.395
-1.57
0.433244
2
0.725
-1.26
0.380789
1.5
0.512382
-0.554075
0.400714
1.2
0.285
0.42
0.7
1
0.425
1.33
0.492443
0.5
1.275
0.42
0.475395
0.5
0
-0.035
-0.3
0.375
0.45
-0.646966
0.826492
0.197212
1.27562
-0.014704
1.63811
0.768576
1.20227
0.885
1.61
1.2213
0.77932
1.755
0.68
1.385
0.25
1.675
0.13
0.65497
-0.626422
0.928494
-1.53671
1.675
-1.45
1.915
-1.28
-0.265316
0.412981
-0.312802
0.692289
0.0757782
1.15351
0.239177
1.03759
0.320875
0.979641
0.484273
0.863728
0.729369
0.689862
0.892767
0.573952
0.974466
0.515997
1.13786
0.400087
0.830981
-0.119084
0.691327
-0.142827
0.551673
-0.166572
1.795
-1.34
0.460652
2
1.025
-1.15
0.442041
1.5
0.687715
-0.500176
0.400714
1.2
0.375
0.45
0.7
1
0.435
1.36
0.514781
0.5
1.375
0.45
0.478539
0.5
0
0.145
-0.27
0.475
0.48
-0.577206
0.761492
0.22244
1.28598
-0.021756
1.6276
0.831506
1.20117
1.055
1.6
1.2982
0.83915
1.955
0.81
1.50487
0.36102
2.015
0.26
0.852258
-0.566406
1.20791
-1.44795
2.035
-0.68
2.20862
-0.435348
-0.159305
0.384577
-0.23214
0.658398
0.112671
1.15326
0.285999
1.05276
0.372662
1.00252
0.545991
0.902025
0.805981
0.751285
0.979309
0.650793
1.06597
0.600546
1.2393
0.500054
0.981153
-0.0450526
0.844243
-0.0814694
0.707333
-0.117888
2.125
-0.52
0.411096
2
1.465
-0.84
0.43382
1.5
0.873324
-0.437684
0.400714
1.2
0.475
0.48
0.7
1
0.565
1.38
0.550727
0.5
1.615
0.55
0.553263
0.5
0
0.145
-0.27
0.475
0.48
-0.577206
0.761492
0.22244
1.28598
-0.021756
1.6276
0.828644
1.20765
1.115
1.62
1.2982
0.83915
1.975
0.69
1.50487
0.36102
1.965
0.48
0.852258
-0.566406
1.535
-0.86
2.095
-0.28
2.24135
-0.018117
-0.159305
0.384577
-0.23214
0.658398
0.112671
1.15326
0.285999
1.05276
0.372662
1.00252
0.545991
0.902025
0.805981
0.751285
0.979309
0.650793
1.06597
0.600546
1.2393
0.500054
0.981153
-0.0450526
0.844243
-0.0814694
0.707333
-0.117888
2.135
-0.16
0.495782
2
1.515
-0.61
0.380789
1.5
0.905
-0.3
0.400714
1.2
0.475
0.48
0.7
1
0.555
1.31
0.677422
0.5
1.595
0.55
0.505371
0.5
0
0.245
-0.26
0.475
0.48
-0.602826
0.637359
0.205
1.29
-0.015
1.64
0.74173
1.24384
0.915
1.68
1.25094
0.932367
1.84594
0.982678
1.51176
0.481464
1.95846
0.6233
1.05336
-0.418937
1.74441
-0.55962
2.17239
-0.0866836
2.28733
0.190438
-0.14395
0.31153
-0.248105
0.575046
0.0368942
1.10664
0.220731
1.02695
0.312648
0.987114
0.496485
0.907431
0.772237
0.78791
0.956073
0.708231
1.04799
0.66839
1.23183
0.58871
1.03874
0.0172828
0.906986
-0.034794
0.775228
-0.0868724
2.225
0.07
0.445982
2
1.715
-0.36
0.380789
1.5
1.025
-0.2
0.400714
1.2
0.475
0.48
0.7
1
0.505
1.41
0.584123
0.5
1.565
0.74
0.504777
0.5
0
0.355
-0.17
0.525
0.52
-0.560266
0.6145
0.208373
1.31304
-0.0316112
1.6497
0.746937
1.29813
0.765
1.65
1.27343
1.01673
1.765
1.19
1.56004
0.581687
1.965
0.81
1.235
-0.29
1.885
-0.3
2.305
0.18
2.40366
0.463361
-0.0831866
0.315841
-0.202485
0.572891
0.0511843
1.1202
0.23936
1.05132
0.333446
1.01688
0.521621
0.948005
0.803882
0.844691
0.992055
0.775816
1.08614
0.741378
1.27432
0.672503
1.11473
0.090761
0.986208
0.0311126
0.857684
-0.0285374
2.355
0.39
0.502096
2
1.885
-0.28
0.388973
1.5
1.235
-0.26
0.400714
1.2
0.525
0.52
0.7
1
0.395
1.41
0.544059
0.5
1.575
0.93
0.546717
0.5
0
0.43
-0.125
0.565
0.54
-0.522346
0.587584
0.214797
1.31795
-0.0392477
1.64366
0.725968
1.30906
0.71
1.665
1.25422
1.09336
1.72979
1.33957
1.58252
0.700844
1.9633
0.985765
1.36
-0.18
1.95
-0.16
2.33
0.34
2.41627
0.627091
-0.0332783
0.31002
-0.163429
0.561461
0.0662021
1.11869
0.256999
1.05804
0.352396
1.02772
0.543193
0.967074
0.829386
0.876107
1.02018
0.815463
1.11558
0.785141
1.30637
0.724496
1.17214
0.136948
1.04642
0.0718735
0.9207
0.00679716
2.365
0.51
0.487647
2
1.865
-0.08
0.380789
1.5
1.305
-0.03
0.400714
1.2
0.565
0.54
0.7
1
0.415
1.43
0.537587
0.5
1.555
0.94
0.480208
0.5
0
0.505
-0.08
0.605
0.56
-0.484427
0.560667
0.221221
1.32285
-0.0468842
1.63762
0.705
1.32
0.655
1.68
1.235
1.17
1.69459
1.48913
1.605
0.82
1.96159
1.16153
1.485
-0.07
2.015
-0.02
2.355
0.5
2.42889
0.790821
0.0166301
0.304199
-0.124374
0.550031
0.08122
1.11718
0.274639
1.06476
0.371346
1.03856
0.564765
0.986144
0.85489
0.907524
1.04831
0.855111
1.14502
0.828904
1.33843
0.77649
1.22954
0.183135
1.10663
0.112634
0.983716
0.0421317
2.415
0.59
0.478017
2
1.945
0.05
0.380789
1.5
1.385
-0.01
0.400714
1.2
0.605
0.56
0.7
1
0.355
1.45
0.525627
0.5
1.555
1.15
0.516237
0.5
0
0.525
-0.09
0.605
0.56
-0.483323
0.525168
0.223111
1.32143
-0.0459421
1.63381
0.66
1.34
0.576182
1.69303
1.19
1.19
1.55979
1.55457
1.59
0.895
1.8976
1.27597
1.495
0.005
2.015
0.08
2.315
0.6
2.37933
0.892928
0.0255729
0.285292
-0.123295
0.526274
0.0636054
1.09954
0.258532
1.05348
0.355994
1.03045
0.550921
0.984393
0.843308
0.915307
1.03823
0.869251
1.1357
0.846222
1.33062
0.800165
1.24118
0.203875
1.12069
0.129442
1.0002
0.0550069
2.345
0.74
0.468615
2
1.935
0.18
0.380789
1.5
1.355
0.14
0.400714
1.2
0.605
0.56
0.7
1
0.335
1.44
0.531626
0.5
1.515
1.18
0.543792
0.5
0
0.545
-0.1
0.605
0.56
-0.48222
0.489669
0.225
1.32
-0.045
1.63
0.615
1.36
0.497364
1.70606
1.145
1.21
1.425
1.62
1.575
0.97
1.8336
1.39041
1.505
0.08
2.015
0.18
2.275
0.7
2.32978
0.995035
0.0345157
0.266384
-0.122217
0.502518
0.0459908
1.0819
0.242426
1.04219
0.340641
1.02234
0.537076
0.982642
0.831726
0.923091
1.02816
0.883391
1.12638
0.863541
1.32281
0.82384
1.25281
0.224615
1.13475
0.146249
1.01668
0.067882
2.295
0.88
0.455412
2
1.975
0.27
0.380789
1.5
1.375
0.09
0.400714
1.2
0.605
0.56
0.7
1
0.285
1.45
0.475786
0.5
1.465
1.22
0.470949
0.5
0
0.57
-0.085
0.605
0.56
-0.477925
0.447948
0.22
1.325
-0.04
1.635
0.57
1.365
0.428258
1.70311
1.12
1.24
1.28
1.665
1.535
1.06
1.71404
1.5123
1.52215
0.115323
2.02756
0.234796
2.245
0.79
2.24556
1.0851
0.0466447
0.244868
-0.118943
0.474627
0.0267315
1.05963
0.224407
1.02754
0.323242
1.0115
0.520917
0.979411
0.817427
0.931282
1.0151
0.899197
1.11394
0.883154
1.31161
0.851067
1.26477
0.250026
1.14989
0.167233
1.03501
0.0844382
2.235
0.99
0.471699
2
1.965
0.34
0.380789
1.5
1.365
0.15
0.400714
1.2
0.605
0.56
0.7
1
0.265
1.44
0.419952
0.5
1.385
1.32
0.470957
0.5
0
0.595
-0.07
0.605
0.56
-0.47363
0.406227
0.215
1.33
-0.035
1.64
0.525
1.37
0.359153
1.70017
1.095
1.27
1.135
1.71
1.495
1.15
1.59449
1.6342
1.5393
0.150647
2.04011
0.289592
2.215
0.88
2.16133
1.17516
0.0587738
0.223351
-0.115669
0.446737
0.00747216
1.03736
0.206388
1.01289
0.305843
1.00065
0.504758
0.97618
0.803128
0.939473
1.00204
0.915002
1.1015
0.902766
1.30041
0.878295
1.27672
0.275436
1.16503
0.188216
1.05334
0.100994
2.145
1.02
0.464866
2
1.965
0.47
0.380789
1.5
1.455
0.23
0.400714
1.2
0.605
0.56
0.7
1
0.245
1.44
0.424349
0.5
1.285
1.39
0.486621
0.5
0
0.62
-0.07
0.605
0.56
-0.46569
0.362983
0.21
1.33
-0.03
1.64
0.515
1.37
0.357076
1.70008
1.055
1.305
1.035
1.72
1.455
1.225
1.46975
1.6771
1.65715
0.235323
2.01756
0.429796
2.145
0.98
2.03705
1.25376
0.0732292
0.20187
-0.109939
0.417861
-0.0108117
1.0125
0.18877
0.996084
0.288558
0.98788
0.488139
0.971467
0.787507
0.946849
0.987086
0.930438
1.08688
0.922233
1.28645
0.905821
1.28711
0.30298
1.17912
0.211397
1.07113
0.119813
2.095
1.12
0.431741
2
1.975
0.52
0.380789
1.5
1.465
0.22
0.400714
1.2
0.605
0.56
0.7
1
0.235
1.44
0.419952
0.5
1.235
1.39
0.474342
0.5
0
0.645
-0.07
0.605
0.56
-0.457749
0.31974
0.205
1.33
-0.025
1.64
0.505
1.37
0.355
1.7
1.015
1.34
0.935
1.73
1.415
1.3
1.345
1.72
1.775
0.32
1.995
0.57
2.075
1.08
1.91277
1.33235
0.0876846
0.180388
-0.104209
0.388985
-0.0290956
0.987635
0.171152
0.979281
0.271273
0.975106
0.47152
0.966754
0.771887
0.954226
0.972131
0.945875
1.07225
0.941699
1.2725
0.933347
1.2975
0.330524
1.19321
0.234579
1.08891
0.138631
2.005
1.23
0.441475
2
1.955
0.63
0.380789
1.5
1.475
0.24
0.400714
1.2
0.605
0.56
0.7
1
0.255
1.41
0.458118
0.5
1.145
1.42
0.518941
0.5
0
0.54
-0.1
0.535
0.53
-0.538301
0.353608
0.182061
1.32104
-0.0287522
1.64361
0.487711
1.36541
0.355
1.7
0.97
1.23
0.945
1.59
1.36
1.19
1.345
1.6
1.68669
0.221442
1.92076
0.457523
2.02
0.905
1.8733
1.1661
-0.00303029
0.182392
-0.181884
0.401644
-0.0715256
0.993756
0.127529
0.973554
0.227054
0.963455
0.426109
0.943255
0.724688
0.912956
0.92374
0.892757
1.02327
0.882658
1.22232
0.862459
1.21148
0.26025
1.10186
0.170824
0.992234
0.0813962
1.935
1.01
0.440114
2
1.875
0.45
0.380789
1.5
1.335
0.21
0.400714
1.2
0.535
0.53
0.7
1
0.255
1.43
0.419952
0.5
1.105
1.28
0.429535
0.5
0
0.435
-0.13
0.465
0.5
-0.618853
0.387477
0.159122
1.31209
-0.0325043
1.64722
0.470421
1.36082
0.355
1.7
0.925
1.12
0.955
1.45
1.305
1.08
1.345
1.48
1.59839
0.122883
1.84651
0.345046
1.965
0.73
1.83384
0.99984
-0.0937452
0.184395
-0.259559
0.414303
-0.113956
0.999877
0.0839069
0.967827
0.182836
0.951804
0.380698
0.919756
0.677489
0.871686
0.875349
0.83964
0.97428
0.823616
1.17214
0.79157
1.12546
0.189975
1.01051
0.107069
0.895558
0.0241615
1.895
0.86
0.407922
2
1.765
0.37
0.380789
1.5
1.295
0.13
0.400714
1.2
0.465
0.5
0.7
1
0.255
1.48
0.419952
0.5
1.145
1.29
0.403113
0.5
0
0.335
-0.15
0.4
0.48
-0.686788
0.427101
0.139455
1.30641
-0.0332699
1.65102
0.444774
1.34448
0.36
1.695
0.87
1.045
0.91
1.37
1.245
0.99
1.305
1.36
1.42669
0.0214416
1.74076
0.177523
1.905
0.54
1.83942
0.82492
-0.17435
0.195898
-0.327094
0.434193
-0.149891
1.01006
0.0456308
0.967284
0.143389
0.945897
0.338911
0.903121
0.63219
0.838958
0.827709
0.796183
0.92547
0.774796
1.12099
0.732021
1.04154
0.134767
0.922396
0.0583956
0.803249
-0.0179775
1.835
0.68
0.4
2
1.625
0.19
0.380789
1.5
1.145
0.1
0.400714
1.2
0.4
0.48
0.7
1
0.235
1.46
0.419952
0.5
1.095
1.15
0.403113
0.5
0
0.235
-0.17
0.335
0.46
-0.754723
0.466725
0.119788
1.30073
-0.0340355
1.65483
0.419127
1.32814
0.365
1.69
0.815
0.97
0.865
1.29
1.185
0.9
1.265
1.24
1.255
-0.08
1.635
0.01
1.845
0.35
1.845
0.65
-0.254954
0.207401
-0.39463
0.454083
-0.185826
1.02025
0.00735471
0.966741
0.103943
0.93999
0.297123
0.886485
0.586891
0.80623
0.780069
0.752727
0.876659
0.725975
1.06984
0.672472
0.957621
0.0795588
0.834281
0.0097219
0.71094
-0.0601165
1.825
0.54
0.393192
2
1.595
0.09
0.380789
1.5
1.015
-0.08
0.400714
1.2
0.335
0.46
0.7
1
0.195
1.46
0.419952
0.5
1.025
1.08
0.403113
0.5
0
0.185
-0.175
0.32
0.46
-0.764062
0.520519
0.118591
1.29805
-0.0292766
1.65612
0.418095
1.3261
0.3675
1.685
0.81
0.9475
0.8975
1.2475
1.17
0.8575
1.2975
1.185
1.20883
-0.122803
1.6275
-0.0975
1.8675
0.19
1.935
0.4375
-0.279546
0.237777
-0.406354
0.490152
-0.170606
1.04323
0.0189872
0.980447
0.113782
0.949056
0.303375
0.886271
0.587762
0.792095
0.777352
0.729311
0.872148
0.697919
1.06174
0.635136
0.920785
0.0506649
0.794598
-0.0127381
0.668411
-0.0761426
1.925
0.32
0.378021
2
1.495
-0.07
0.380789
1.5
0.895
-0.03
0.400714
1.2
0.32
0.46
0.7
1
0.205
1.44
0.419952
0.5
1.045
1.07
0.403113
0.5
0
0.135
-0.18
0.305
0.46
-0.773401
0.574313
0.117394
1.29536
-0.0245177
1.65741
0.417064
1.32407
0.37
1.68
0.805
0.925
0.93
1.205
1.155
0.815
1.33
1.13
1.16266
-0.165605
1.62
-0.205
1.89
0.03
2.025
0.225
-0.304139
0.268152
-0.418078
0.526221
-0.155386
1.06622
0.0306196
0.994152
0.12362
0.958122
0.309626
0.886056
0.588632
0.77796
0.774635
0.705896
0.867637
0.669864
1.05364
0.5978
0.883948
0.0217711
0.754915
-0.0351981
0.625882
-0.0921687
1.975
0.14
0.417732
2
1.415
-0.16
0.31257
1.5
0.905
-0.01
0.332415
1.2
0.305
0.46
0.7
1
0.205
1.42
0.419952
0.5
1.075
0.97
0.403113
0.5
0
0.035
-0.19
0.275
0.46
-0.792079
0.6819
0.115
1.29
-0.015
1.66
0.415
1.32
0.375
1.67
0.795
0.88
0.995
1.12
1.125
0.73
1.395
1.02
1.07031
-0.25121
1.605
-0.42
1.935
-0.29
2.205
-0.2
-0.353323
0.328904
-0.441527
0.598358
-0.124945
1.11219
0.0538845
1.02156
0.143298
0.976253
0.322129
0.885627
0.590372
0.749689
0.7692
0.659065
0.858615
0.613752
1.03744
0.523128
0.810275
-0.0360166
0.67555
-0.0801181
0.540823
-0.124221
2.075
-0.25
0.439318
2
1.405
-0.37
0.325576
1.5
0.855
-0.11
0.326956
1.2
0.275
0.46
0.7
1
0.215
1.46
0.419952
0.5
1.145
0.89
0.403113
0.5
0
-0.135
-0.19
0.185
0.46
-0.852069
0.795453
0.115235
1.30245
-0.045
1.65
0.425
1.32
0.365
1.68
0.715
0.84
0.985
1.03
1.015
0.66
1.385
0.84
0.835
-0.32
1.395
-0.67
1.765
-0.72
2.04313
-0.659572
-0.45382
0.397271
-0.512521
0.674668
-0.142465
1.15148
0.0255848
1.04213
0.109609
0.987459
0.277659
0.87811
0.529733
0.714088
0.697782
0.60474
0.781807
0.550066
0.949855
0.440719
0.663823
-0.0907672
0.525126
-0.120118
0.386428
-0.149469
1.895
-0.69
0.410122
2
1.245
-0.55
0.320156
1.5
0.675
-0.23
0.354401
1.2
0.185
0.46
0.7
1
0.225
1.46
0.419952
0.5
1.025
0.82
0.403113
0.5
0
-0.305
-0.14
0.085
0.46
-0.899652
0.927796
0.025
1.32
-0.045
1.66
0.441767
1.33693
0.415
1.68
0.660079
0.76774
0.995
0.87
0.935
0.52
1.355
0.52
0.555
-0.48
0.995
-0.93
1.405
-1.08
1.68868
-1.05633
-0.556637
0.481052
-0.578694
0.763773
-0.1496
1.18836
0.00278863
1.05802
0.0789825
0.99286
0.231373
0.862527
0.459956
0.667029
0.612344
0.536698
0.68854
0.471531
0.840927
0.3412
0.488028
-0.148551
0.346669
-0.159579
0.205309
-0.170608
1.565
-1.12
0.381182
2
0.935
-0.85
0.380789
1.5
0.465
-0.33
0.400714
1.2
0.085
0.46
0.7
1
0.245
1.46
0.419952
0.5
1.035
0.67
0.403113
0.5
0
-0.425
-0.2
0.035
0.4
-0.908341
0.946443
0.025
1.33
-0.035
1.66
0.427898
1.2832
0.415
1.67
0.633256
0.659907
0.995
0.65
0.887106
0.390591
1.295
0.26
0.426922
-0.575196
0.755
-1.17
1.195
-1.38
1.47968
-1.3795
-0.602824
0.473229
-0.601788
0.756822
-0.139525
1.14508
0.00175257
1.00276
0.0723911
0.931607
0.213671
0.789292
0.425587
0.575821
0.566865
0.433507
0.637505
0.362349
0.778781
0.220036
0.387158
-0.239378
0.245363
-0.23886
0.103567
-0.238342
1.315
-1.41
0.414367
2
0.845
-1.06
0.380789
1.5
0.405
-0.49
0.400714
1.2
0.035
0.4
0.7
1
0.205
1.45
0.419952
0.5
0.985
0.49
0.411096
0.5
0
-0.485
-0.15
0.005
0.37
-0.870254
1.0202
0.035
1.33
-0.035
1.66
0.424929
1.2762
0.415
1.68
0.645
0.54
1.065
0.43
0.865
0.24
1.235
0.04
0.235
-0.72
0.445
-1.48
0.795
-1.67
1.07793
-1.70186
-0.620458
0.515258
-0.587196
0.796935
-0.0837358
1.13019
0.0404711
0.972721
0.102575
0.893988
0.226783
0.736517
0.413095
0.500313
0.537302
0.342845
0.599406
0.264109
0.723613
0.106641
0.282257
-0.30535
0.141419
-0.288719
0.000580739
-0.272089
0.925
-1.7
0.4005
2
0.435
-1.21
0.380789
1.5
0.185
-0.56
0.400714
1.2
0.005
0.37
0.7
1
0.215
1.41
0.452217
0.5
0.945
0.29
0.441814
0.5
0
-0.5949
-0.229703
0.0025
0.385
-0.863209
1.04641
0.06
1.285
-0.02
1.655
0.434965
1.2231
0.39
1.645
0.68
0.55
1.07641
0.437306
0.84
0.245
1.145
0.01
0.085
-0.715
0.18
-1.57
0.465
-1.85
0.756381
-1.87093
-0.620442
0.538559
-0.583413
0.819536
-0.0759097
1.14571
0.0460641
0.986706
0.107051
0.907206
0.229026
0.748201
0.411987
0.509696
0.533961
0.350694
0.594949
0.271192
0.716922
0.11219
0.270406
-0.293484
0.129919
-0.27497
-0.0105702
-0.256457
0.615
-1.85
0.460977
2
0.215
-1.26
0.380789
1.5
0.185
-0.57
0.400714
1.2
0.0025
0.385
0.7
1
0.204231
1.37843
0.433057
0.5
0.895
0.3
0.40025
0.5
0
-0.7048
-0.309406
0
0.4
-0.856164
1.07263
0.085
1.24
-0.005
1.65
0.445
1.17
0.365
1.61
0.715
0.56
1.08782
0.444612
0.815
0.25
1.055
-0.02
-0.065
-0.71
-0.085
-1.66
0.135
-2.03
0.434833
-2.03999
-0.620426
0.56186
-0.57963
0.842138
-0.0680835
1.16123
0.051657
1.00069
0.111527
0.920423
0.231268
0.759884
0.410879
0.519079
0.53062
0.358543
0.590491
0.278274
0.710231
0.117738
0.258556
-0.281619
0.118418
-0.261221
-0.0217212
-0.240824
0.285
-2.01
0.378021
2
0.005
-1.33
0.380789
1.5
0.005
-0.6
0.400714
1.2
0
0.4
0.7
1
0.215
1.39
0.419952
0.5
0.855
0.29
0.403113
0.5
0
