1
10
15
13
6
0.145
-0.27
0.475
0.48
-0.577206
0.761492
0.22244
1.28598
-0.021756
1.6276
0.828644
1.20765
1.115
1.62
1.2982
0.83915
1.975
0.69
1.50487
0.36102
1.965
0.48
0.852258
-0.566406
1.535
-0.86
2.095
-0.28
2.24135
-0.018117
-0.159305
0.384577
-0.23214
0.658398
0.112671
1.15326
0.285999
1.05276
0.372662
1.00252
0.545991
0.902025
0.805981
0.751285
0.979309
0.650793
1.06597
0.600546
1.2393
0.500054
0.981153
-0.0450526
0.844243
-0.0814694
0.707333
-0.117888
2.135
-0.16
0.495782
2
1.515
-0.61
0.380789
1.5
0.905
-0.3
0.400714
1.2
0.475
0.48
0.7
1
0.555
1.31
0.677422
0.5
1.595
0.55
0.505371
0.5
0
