16
10
15
13
6
-0.804075
-0.194528
0
0.4
-0.772185
1.16553
0.215
1.15
0.285
1.34
0.425
0.87
0.485
1.14
0.765
0.25
1.055
-0.07
0.775
-0.08
0.825
-0.42
-0.455
-0.75
-0.535
-1.88
-0.015
-2.04
0.278891
-2.10044
-0.584309
0.664246
-0.496801
0.933662
0.0613238
1.16191
0.152277
0.983447
0.197754
0.894218
0.288708
0.715754
0.425139
0.448062
0.516093
0.269601
0.56157
0.18037
0.652524
0.00190893
0.139878
-0.315569
0.00517054
-0.271815
-0.129538
-0.228062
0.115
-2.06
0.44911
2
-0.395
-1.42
0.455412
1.5
-0.195
-0.6
0.460435
1.2
0
0.4
0.7
1
0.378989
1.33967
0.419952
0.5
0.725
-0.12
0.454863
0.5
0
-0.804075
-0.194528
0
0.4
-0.772185
1.16553
0.2425
1.1425
0.32
1.35
0.4425
0.8675
0.525
1.135
0.7725
0.2875
1.09301
0.00142221
0.785
-0.05
0.8725
-0.3775
-0.455
-0.75
-0.535
-1.88
-0.1025
-2.105
0.144253
-2.22055
-0.584309
0.664246
-0.496801
0.933662
0.0613238
1.16191
0.152277
0.983447
0.197754
0.894218
0.288708
0.715754
0.425139
0.448062
0.516093
0.269601
0.56157
0.18037
0.652524
0.00190893
0.139878
-0.315569
0.00517054
-0.271815
-0.129538
-0.228062
-0.025
-2.13
0.451221
2
-0.395
-1.42
0.455412
1.5
-0.195
-0.6
0.460435
1.2
0
0.4
0.7
1
0.378989
1.33967
0.419952
0.5
0.785
-0.01
0.454863
0.5
0
-0.804075
-0.194528
0
0.4
-0.772185
1.16553
0.27
1.135
0.355
1.36
0.46
0.865
0.565
1.13
0.78
0.325
1.13102
0.0728444
0.795
-0.02
0.92
-0.335
-0.455
-0.75
-0.535
-1.88
-0.19
-2.17
0.00961404
-2.34067
-0.584309
0.664246
-0.496801
0.933662
0.0613238
1.16191
0.152277
0.983447
0.197754
0.894218
0.288708
0.715754
0.425139
0.448062
0.516093
0.269601
0.56157
0.18037
0.652524
0.00190893
0.139878
-0.315569
0.00517054
-0.271815
-0.129538
-0.228062
-0.195
-2.25
0.450444
2
-0.395
-1.42
0.455412
1.5
-0.195
-0.6
0.460435
1.2
0
0.4
0.7
1
0.378989
1.33967
0.419952
0.5
0.835
0.04
0.454863
0.5
0
-0.804075
-0.194528
0
0.4
-0.772185
1.16553
0.2975
1.1275
0.39
1.37
0.4775
0.8625
0.605
1.125
0.7875
0.3625
1.16902
0.144267
0.805
0.00999999
0.9675
-0.2925
-0.455
-0.75
-0.535
-1.88
-0.2775
-2.235
-0.125024
-2.46078
-0.584309
0.664246
-0.496801
0.933662
0.0613238
1.16191
0.152277
0.983447
0.197754
0.894218
0.288708
0.715754
0.425139
0.448062
0.516093
0.269601
0.56157
0.18037
0.652524
0.00190893
0.139878
-0.315569
0.00517054
-0.271815
-0.129538
-0.228062
-0.225
-2.31
0.447214
2
-0.465
-1.51
0.455412
1.5
-0.215
-0.63
0.475184
1.2
0
0.4
0.7
1
0.315
1.03
0.419952
0.5
0.835
0.05
0.454863
0.5
0
-0.804075
-0.194528
0
0.4
-0.772185
1.16553
0.325
1.12
0.425
1.38
0.495
0.86
0.645
1.12
0.795
0.4
1.20703
0.215689
0.815
0.04
1.025
-0.25
-0.455
-0.75
-0.535
-1.88
-0.365
-2.3
-0.259663
-2.5809
-0.584309
0.664246
-0.496801
0.933662
0.0613238
1.16191
0.152277
0.983447
0.197754
0.894218
0.288708
0.715754
0.425139
0.448062
0.516093
0.269601
0.56157
0.18037
0.652524
0.00190893
0.139878
-0.315569
0.00517054
-0.271815
-0.129538
-0.228062
-0.335
-2.43
0.468402
2
-0.445
-1.57
0.455412
1.5
-0.235
-0.7
0.460435
1.2
0
0.4
0.7
1
0.355
1.05
0.419952
0.5
0.865
0.11
0.454863
0.5
0
-0.804075
-0.194528
0
0.4
-0.772185
1.16553
0.325
1.11
0.521214
1.34514
0.485
0.8
0.685
1.01
0.795
0.4
1.165
0.28
0.815
0.04
1.055
-0.18
-0.455
-0.75
-0.535
-1.88
-0.505
-2.32
-0.469948
-2.61795
-0.584309
0.664246
-0.496801
0.933662
0.0613238
1.16191
0.152277
0.983447
0.197754
0.894218
0.288708
0.715754
0.425139
0.448062
0.516093
0.269601
0.56157
0.18037
0.652524
0.00190893
0.139878
-0.315569
0.00517054
-0.271815
-0.129538
-0.228062
-0.485
-2.39
0.492443
2
-0.465
-1.45
0.480416
1.5
-0.155
-0.64
0.482597
1.2
0
0.4
0.7
1
0.345
0.99
0.419952
0.5
0.845
0.08
0.454863
0.5
0
-0.804075
-0.194528
0
0.4
-0.772185
1.16553
0.375
1.06
0.605
1.26
0.475
0.79
0.765
0.91
0.785
0.4
1.035
0.43
0.815
0.04
1.045
-0.05
-0.355
-0.75
-0.535
-1.88
-0.665
-2.27
-0.727251
-2.56347
-0.584309
0.664246
-0.496801
0.933662
0.0613238
1.16191
0.152277
0.983447
0.197754
0.894218
0.288708
0.715754
0.425139
0.448062
0.516093
0.269601
0.56157
0.18037
0.652524
0.00190893
0.139878
-0.315569
0.00517054
-0.271815
-0.129538
-0.228062
-0.695
-2.41
0.492443
2
-0.485
-1.55
0.455412
1.5
-0.225
-0.71
0.460435
1.2
0
0.4
0.7
1
0.395
0.96
0.419952
0.5
0.805
0.13
0.454863
0.5
0
-0.804075
-0.194528
0
0.4
-0.772185
1.16553
0.405
0.99
0.665
1.08
0.485
0.72
0.735
0.75
0.715
0.43
0.985
0.47
0.805
0.11
1.025
0.13
-0.135
-1.02
-0.395
-1.69
-0.815
-2.2
-1.035
-2.4
-0.584309
0.664246
-0.496801
0.933662
0.0613238
1.16191
0.152277
0.983447
0.197754
0.894218
0.288708
0.715754
0.425139
0.448062
0.516093
0.269601
0.56157
0.18037
0.652524
0.00190893
0.139878
-0.315569
0.00517054
-0.271815
-0.129538
-0.228062
-0.935
-2.26
0.504876
2
-0.375
-1.53
0.455412
1.5
-0.065
-0.71
0.460435
1.2
0
0.4
0.7
1
0.395
0.92
0.419952
0.5
0.755
0.22
0.454863
0.5
0
-0.804075
-0.194528
0
0.4
-0.772185
1.16553
0.445
1.08
0.65037
1.22963
0.535
0.8
0.740595
0.914003
0.8
0.4
1.06
0.39
0.865
0.105
1.08
0.075
-0.05
-0.93
-0.355
-1.7
-0.88
-2.115
-1.12833
-2.27301
-0.584309
0.664246
-0.496801
0.933662
0.0613238
1.16191
0.152277
0.983447
0.197754
0.894218
0.288708
0.715754
0.425139
0.448062
0.516093
0.269601
0.56157
0.18037
0.652524
0.00190893
0.139878
-0.315569
0.00517054
-0.271815
-0.129538
-0.228062
-0.955
-2.17
0.482701
2
-0.355
-1.48
0.455412
1.5
-0.045
-0.7
0.460435
1.2
0
0.4
0.7
1
0.395
0.98
0.419952
0.5
0.835
0.18
0.386005
0.5
0
-0.804075
-0.194528
0
0.4
-0.772185
1.16553
0.485
1.17
0.655741
1.38925
0.585
0.88
0.74619
1.07801
0.885
0.37
1.135
0.31
0.925
0.1
1.135
0.02
0.035
-0.84
-0.315
-1.71
-0.945
-2.03
-1.22166
-2.14602
-0.584309
0.664246
-0.496801
0.933662
0.0613238
1.16191
0.152277
0.983447
0.197754
0.894218
0.288708
0.715754
0.425139
0.448062
0.516093
0.269601
0.56157
0.18037
0.652524
0.00190893
0.139878
-0.315569
0.00517054
-0.271815
-0.129538
-0.228062
-0.985
-2.02
0.482597
2
-0.365
-1.48
0.455412
1.5
-0.015
-0.71
0.460435
1.2
0
0.4
0.7
1
0.455
1.02
0.419952
0.5
0.915
0.16
0.395601
0.5
0
-0.804075
-0.194528
0
0.4
-0.772185
1.16553
0.455
1.11
0.684362
1.2919
0.525
0.79
0.775504
0.922816
0.815
0.43
1.045
0.44
0.835
0.12
1.065
0.08
0.035
-0.84
-0.315
-1.71
-0.785
-2.12
-1.02279
-2.30291
-0.584309
0.664246
-0.496801
0.933662
0.0613238
1.16191
0.152277
0.983447
0.197754
0.894218
0.288708
0.715754
0.425139
0.448062
0.516093
0.269601
0.56157
0.18037
0.652524
0.00190893
0.139878
-0.315569
0.00517054
-0.271815
-0.129538
-0.228062
-0.885
-2.22
0.441814
2
-0.385
-1.52
0.457056
1.5
-0.015
-0.7
0.460435
1.2
0
0.4
0.7
1
0.445
0.97
0.419952
0.5
0.855
0.27
0.376563
0.5
0
-0.804075
-0.194528
0
0.4
-0.772185
1.16553
0.385
1.07
0.565
1.29
0.475
0.81
0.735
1.01
0.765
0.43
1.055
0.36
0.825
0.06
1.105
-0.11
-0.155
-0.84
-0.355
-1.71
-0.535
-2.32
-0.635323
-2.60273
-0.584309
0.664246
-0.496801
0.933662
0.0613238
1.16191
0.152277
0.983447
0.197754
0.894218
0.288708
0.715754
0.425139
0.448062
0.516093
0.269601
0.56157
0.18037
0.652524
0.00190893
0.139878
-0.315569
0.00517054
-0.271815
-0.129538
-0.228062
-0.575
-2.41
0.47927
2
-0.315
-1.56
0.455412
1.5
-0.055
-0.71
0.460435
1.2
0
0.4
0.7
1
0.405
0.97
0.419952
0.5
0.855
0.13
0.454863
0.5
0
-0.804075
-0.194528
0
0.4
-0.772185
1.16553
0.365
1.09
0.52
1.325
0.45
0.82
0.7
1.035
0.725
0.42
1.015
0.315
0.83
0.04
1.075
-0.2
-0.195
-0.865
-0.375
-1.73
-0.425
-2.32
-0.445744
-2.60845
-0.584309
0.664246
-0.496801
0.933662
0.0613238
1.16191
0.152277
0.983447
0.197754
0.894218
0.288708
0.715754
0.425139
0.448062
0.516093
0.269601
0.56157
0.18037
0.652524
0.00190893
0.139878
-0.315569
0.00517054
-0.271815
-0.129538
-0.228062
-0.435
-2.45
0.483011
2
-0.325
-1.57
0.455412
1.5
-0.125
-0.7
0.460435
1.2
0
0.4
0.7
1
0.425
1
0.419952
0.5
0.825
0.17
0.454863
0.5
0
-0.804075
-0.194528
0
0.4
-0.772185
1.16553
0.345
1.11
0.475
1.36
0.425
0.83
0.665
1.06
0.685
0.41
0.975
0.27
0.835
0.02
1.045
-0.29
-0.235
-0.89
-0.395
-1.75
-0.315
-2.32
-0.256165
-2.61417
-0.584309
0.664246
-0.496801
0.933662
0.0613238
1.16191
0.152277
0.983447
0.197754
0.894218
0.288708
0.715754
0.425139
0.448062
0.516093
0.269601
0.56157
0.18037
0.652524
0.00190893
0.139878
-0.315569
0.00517054
-0.271815
-0.129538
-0.228062
-0.255
-2.36
0.52345
2
-0.295
-1.41
0.455412
1.5
-0.195
-0.6
0.460435
1.2
0
0.4
0.7
1
0.405
0.95
0.419952
0.5
0.765
0.06
0.454863
0.5
0
-0.804075
-0.194528
0
0.4
-0.772185
1.16553
0.31
1.155
0.37
1.44
0.43
0.885
0.602382
1.15662
0.71
0.33
0.985
0.13
0.815
-0.055
0.933064
-0.366161
-0.235
-0.89
-0.325
-1.795
-0.19
-2.265
-0.0303461
-2.48651
-0.584309
0.664246
-0.496801
0.933662
0.0613238
1.16191
0.152277
0.983447
0.197754
0.894218
0.288708
0.715754
0.425139
0.448062
0.516093
0.269601
0.56157
0.18037
0.652524
0.00190893
0.139878
-0.315569
0.00517054
-0.271815
-0.129538
-0.228062
-0.155
-2.3
0.474342
2
-0.215
-1.4
0.455412
1.5
-0.195
-0.6
0.460435
1.2
0
0.4
0.7
1
0.365
1.06
0.419952
0.5
0.735
0.07
0.454863
0.5
0
-0.804075
-0.194528
0
0.4
-0.772185
1.16553
0.275
1.2
0.265
1.52
0.435
0.94
0.539765
1.25323
0.735
0.25
0.995
-0.00999999
0.795
-0.13
0.821127
-0.442323
-0.235
-0.89
-0.255
-1.84
-0.065
-2.21
0.195473
-2.35884
-0.584309
0.664246
-0.496801
0.933662
0.0613238
1.16191
0.152277
0.983447
0.197754
0.894218
0.288708
0.715754
0.425139
0.448062
0.516093
0.269601
0.56157
0.18037
0.652524
0.00190893
0.139878
-0.315569
0.00517054
-0.271815
-0.129538
-0.228062
0.035
-2.23
0.468722
2
-0.175
-1.46
0.455412
1.5
-0.195
-0.6
0.460435
1.2
0
0.4
0.7
1
0.345
1.17
0.419952
0.5
0.725
-0.1
0.454863
0.5
0
