45
10
15
13
6
-0.7048
-0.309406
0
0.4
-0.856164
1.07263
0.085
1.24
-0.005
1.65
0.445
1.17
0.385
1.63
0.715
0.56
1.08782
0.444612
0.815
0.25
1.055
-0.02
-0.065
-0.71
-0.085
-1.66
0.135
-2.03
0.434833
-2.03999
-0.620426
0.56186
-0.57963
0.842138
-0.0680835
1.16123
0.051657
1.00069
0.111527
0.920423
0.231268
0.759884
0.410879
0.519079
0.53062
0.358543
0.590491
0.278274
0.710231
0.117738
0.258556
-0.281619
0.118418
-0.261221
-0.0217212
-0.240824
0.285
-2.01
0.378021
2
0.005
-1.33
0.380789
1.5
0.005
-0.6
0.400714
1.2
0
0.4
0.7
1
0.215
1.39
0.419952
0.5
0.855
0.29
0.403113
0.5
0
-0.7048
-0.309406
0
0.4
-0.856164
1.07263
0.085
1.24
-0.005
1.65
0.445
1.17
0.385
1.63
0.715
0.56
1.08782
0.444612
0.815
0.25
1.045
-0.05
-0.065
-0.71
-0.085
-1.66
0.175
-1.99
0.474833
-1.99999
-0.620426
0.56186
-0.57963
0.842138
-0.0680835
1.16123
0.051657
1.00069
0.111527
0.920423
0.231268
0.759884
0.410879
0.519079
0.53062
0.358543
0.590491
0.278274
0.710231
0.117738
0.258556
-0.281619
0.118418
-0.261221
-0.0217212
-0.240824
0.285
-2.01
0.378021
2
0.005
-1.33
0.380789
1.5
0.005
-0.6
0.400714
1.2
0
0.4
0.7
1
0.215
1.39
0.419952
0.5
0.855
0.29
0.403113
0.5
0
-0.7048
-0.309406
0
0.4
-0.856164
1.07263
0.085
1.24
-0.005
1.65
0.445
1.17
0.385
1.63
0.705
0.59
1.055
0.45
0.845
0.23
1.015
-0.09
-0.105
-0.73
-0.085
-1.66
0.195
-1.97
0.494833
-1.97999
-0.620426
0.56186
-0.57963
0.842138
-0.0680835
1.16123
0.051657
1.00069
0.111527
0.920423
0.231268
0.759884
0.410879
0.519079
0.53062
0.358543
0.590491
0.278274
0.710231
0.117738
0.258556
-0.281619
0.118418
-0.261221
-0.0217212
-0.240824
0.285
-2.01
0.378021
2
0.005
-1.33
0.380789
1.5
0.005
-0.6
0.400714
1.2
0
0.4
0.7
1
0.215
1.39
0.419952
0.5
0.855
0.29
0.403113
0.5
0
-0.7048
-0.309406
0
0.4
-0.856164
1.07263
0.085
1.24
-0.005
1.65
0.445
1.17
0.385
1.63
0.695
0.57
1.04966
0.411049
0.845
0.23
1.095
-0.06
-0.105
-0.73
-0.085
-1.66
0.195
-1.96
0.494833
-1.96999
-0.620426
0.56186
-0.57963
0.842138
-0.0680835
1.16123
0.051657
1.00069
0.111527
0.920423
0.231268
0.759884
0.410879
0.519079
0.53062
0.358543
0.590491
0.278274
0.710231
0.117738
0.258556
-0.281619
0.118418
-0.261221
-0.0217212
-0.240824
0.285
-2.01
0.378021
2
0.005
-1.33
0.380789
1.5
0.005
-0.6
0.400714
1.2
0
0.4
0.7
1
0.215
1.39
0.419952
0.5
0.855
0.29
0.403113
0.5
0
-0.7048
-0.309406
0
0.4
-0.883006
1.03595
0.085
1.24
-0.005
1.65
0.445
1.17
0.395
1.62
0.665
0.53
1.005
0.41
0.925
0.2
1.195
-0.09
-0.065
-0.71
-0.085
-1.66
0.205
-1.93
0.504833
-1.93999
-0.620426
0.56186
-0.57963
0.842138
-0.0680835
1.16123
0.051657
1.00069
0.111527
0.920423
0.231268
0.759884
0.410879
0.519079
0.53062
0.358543
0.590491
0.278274
0.710231
0.117738
0.258556
-0.281619
0.118418
-0.261221
-0.0217212
-0.240824
0.385
-1.87
0.404969
2
-0.035
-1.21
0.380789
1.5
0.035
-0.52
0.356931
1.2
0
0.4
0.7
1
0.195
1.37
0.409789
0.5
0.885
0.28
0.403113
0.5
0
-0.7048
-0.309406
0
0.4
-0.883006
1.03595
0.085
1.24
-0.005
1.65
0.445
1.17
0.395
1.62
0.665
0.53
1.005
0.41
0.925
0.2
1.195
-0.12
-0.065
-0.71
-0.085
-1.66
0.185
-1.86
0.484833
-1.86999
-0.620426
0.56186
-0.57963
0.842138
-0.0680835
1.16123
0.051657
1.00069
0.111527
0.920423
0.231268
0.759884
0.410879
0.519079
0.53062
0.358543
0.590491
0.278274
0.710231
0.117738
0.258556
-0.281619
0.118418
-0.261221
-0.0217212
-0.240824
0.385
-1.87
0.404969
2
-0.035
-1.21
0.380789
1.5
0.035
-0.52
0.356931
1.2
0
0.4
0.7
1
0.195
1.37
0.409789
0.5
0.885
0.28
0.403113
0.5
0
-0.7048
-0.309406
0
0.4
-0.883006
1.03595
0.085
1.24
-0.005
1.65
0.445
1.17
0.395
1.62
0.665
0.53
1.005
0.41
0.925
0.2
1.225
-0.1
-0.065
-0.71
-0.085
-1.66
0.205
-1.8
0.485
-1.8
-0.620426
0.56186
-0.57963
0.842138
-0.0680835
1.16123
0.051657
1.00069
0.111527
0.920423
0.231268
0.759884
0.410879
0.519079
0.53062
0.358543
0.590491
0.278274
0.710231
0.117738
0.258556
-0.281619
0.118418
-0.261221
-0.0217212
-0.240824
0.385
-1.87
0.404969
2
-0.035
-1.21
0.380789
1.5
0.035
-0.52
0.356931
1.2
0
0.4
0.7
1
0.195
1.37
0.409789
0.5
0.885
0.28
0.403113
0.5
0
-0.7048
-0.309406
0
0.4
-0.883006
1.03595
0.085
1.24
-0.005
1.66
0.445
1.16
0.385
1.63
0.675
0.51
0.935
0.41
0.975
0.15
1.235
-0.13
-0.145
-0.73
-0.125
-1.66
0.245
-1.8
0.525
-1.78
-0.620426
0.56186
-0.57963
0.842138
-0.0680835
1.16123
0.051657
1.00069
0.111527
0.920423
0.231268
0.759884
0.410879
0.519079
0.53062
0.358543
0.590491
0.278274
0.710231
0.117738
0.258556
-0.281619
0.118418
-0.261221
-0.0217212
-0.240824
0.385
-1.87
0.404969
2
-0.035
-1.21
0.380789
1.5
0.035
-0.52
0.356931
1.2
0
0.4
0.7
1
0.195
1.37
0.409789
0.5
0.885
0.28
0.403113
0.5
0
-0.7048
-0.309406
0
0.4
-0.883006
1.03595
0.085
1.24
-0.005
1.66
0.445
1.16
0.385
1.63
0.675
0.51
0.935
0.41
0.975
0.15
1.245
-0.12
-0.145
-0.73
-0.125
-1.66
0.235
-1.83
0.530918
-1.78068
-0.620426
0.56186
-0.57963
0.842138
-0.0680835
1.16123
0.051657
1.00069
0.111527
0.920423
0.231268
0.759884
0.410879
0.519079
0.53062
0.358543
0.590491
0.278274
0.710231
0.117738
0.258556
-0.281619
0.118418
-0.261221
-0.0217212
-0.240824
0.385
-1.87
0.404969
2
-0.035
-1.21
0.380789
1.5
0.035
-0.52
0.356931
1.2
0
0.4
0.7
1
0.195
1.37
0.409789
0.5
0.885
0.28
0.403113
0.5
0
-0.7048
-0.309406
0
0.4
-0.883006
1.03595
0.085
1.24
-0.00459801
1.65006
0.445
1.17
0.395
1.63
0.675
0.46
0.975
0.41
0.935
0.18
1.245
-0.01
-0.095
-0.75
-0.085
-1.72
0.245
-1.81
0.540687
-1.75931
-0.620426
0.56186
-0.57963
0.842138
-0.0680835
1.16123
0.051657
1.00069
0.111527
0.920423
0.231268
0.759884
0.410879
0.519079
0.53062
0.358543
0.590491
0.278274
0.710231
0.117738
0.258556
-0.281619
0.118418
-0.261221
-0.0217212
-0.240824
0.425
-1.71
0.429418
2
-0.015
-1.15
0.396611
1.5
0.015
-0.51
0.343657
1.2
0
0.4
0.7
1
0.245
1.4
0.396232
0.5
0.865
0.25
0.418688
0.5
0
-0.7048
-0.309406
0
0.4
-0.883006
1.03595
0.075
1.25
0.005
1.65
0.435
1.17
0.395
1.64
0.695
0.49
0.995
0.43
0.915
0.23
1.245
0.05
-0.125
-0.76
-0.085
-1.67
0.235
-1.77
0.530687
-1.71931
-0.620426
0.56186
-0.57963
0.842138
-0.0680835
1.16123
0.051657
1.00069
0.111527
0.920423
0.231268
0.759884
0.410879
0.519079
0.53062
0.358543
0.590491
0.278274
0.710231
0.117738
0.258556
-0.281619
0.118418
-0.261221
-0.0217212
-0.240824
0.425
-1.71
0.429418
2
-0.015
-1.15
0.396611
1.5
0.015
-0.51
0.343657
1.2
0
0.4
0.7
1
0.245
1.4
0.396232
0.5
0.865
0.25
0.418688
0.5
0
-0.7048
-0.309406
0
0.4
-0.883006
1.03595
0.075
1.25
0.005
1.65
0.435
1.17
0.395
1.64
0.705
0.52
1.015
0.44
0.915
0.23
1.245
0.05
-0.125
-0.76
-0.085
-1.67
0.285
-1.74
0.545
-1.66
-0.620426
0.56186
-0.57963
0.842138
-0.0680835
1.16123
0.051657
1.00069
0.111527
0.920423
0.231268
0.759884
0.410879
0.519079
0.53062
0.358543
0.590491
0.278274
0.710231
0.117738
0.258556
-0.281619
0.118418
-0.261221
-0.0217212
-0.240824
0.425
-1.71
0.429418
2
-0.015
-1.15
0.396611
1.5
0.015
-0.51
0.343657
1.2
0
0.4
0.7
1
0.245
1.4
0.396232
0.5
0.865
0.25
0.418688
0.5
0
-0.7048
-0.309406
0
0.4
-0.883006
1.03595
0.075
1.26
-0.005
1.65
0.435
1.18
0.395
1.64
0.765
0.53
1.045
0.42
0.885
0.25
1.215
0.07
-0.185
-0.77
-0.105
-1.61
0.315
-1.74
0.598706
-1.64248
-0.620426
0.56186
-0.57963
0.842138
-0.0680835
1.16123
0.051657
1.00069
0.111527
0.920423
0.231268
0.759884
0.410879
0.519079
0.53062
0.358543
0.590491
0.278274
0.710231
0.117738
0.258556
-0.281619
0.118418
-0.261221
-0.0217212
-0.240824
0.425
-1.71
0.429418
2
-0.015
-1.15
0.396611
1.5
0.015
-0.51
0.343657
1.2
0
0.4
0.7
1
0.245
1.4
0.396232
0.5
0.865
0.25
0.418688
0.5
0
-0.7048
-0.309406
0
0.4
-0.883006
1.03595
0.075
1.26
-0.005
1.65
0.435
1.18
0.395
1.64
0.805
0.55
1.095
0.41
0.855
0.25
1.175
0.04
-0.215
-0.77
-0.105
-1.55
0.315
-1.74
0.598706
-1.64248
-0.620426
0.56186
-0.57963
0.842138
-0.0680835
1.16123
0.051657
1.00069
0.111527
0.920423
0.231268
0.759884
0.410879
0.519079
0.53062
0.358543
0.590491
0.278274
0.710231
0.117738
0.258556
-0.281619
0.118418
-0.261221
-0.0217212
-0.240824
0.425
-1.71
0.429418
2
-0.015
-1.15
0.396611
1.5
0.015
-0.51
0.343657
1.2
0
0.4
0.7
1
0.245
1.4
0.396232
0.5
0.865
0.25
0.418688
0.5
0
-0.7048
-0.309406
0
0.4
-0.883006
1.03595
0.075
1.26
0.005
1.66
0.435
1.19
0.405
1.63
0.845
0.53
1.115
0.39
0.815
0.26
1.145
0.04
-0.255
-0.79
-0.125
-1.55
0.325
-1.71
0.609605
-1.61513
-0.620426
0.56186
-0.57963
0.842138
-0.0680835
1.16123
0.051657
1.00069
0.111527
0.920423
0.231268
0.759884
0.410879
0.519079
0.53062
0.358543
0.590491
0.278274
0.710231
0.117738
0.258556
-0.281619
0.118418
-0.261221
-0.0217212
-0.240824
0.455
-1.65
0.390512
2
-0.085
-1.21
0.378021
1.5
0.025
-0.53
0.4005
1.2
0
0.4
0.7
1
0.195
1.4
0.41869
0.5
0.835
0.2
0.403113
0.5
0
-0.7048
-0.309406
0
0.4
-0.883006
1.03595
0.075
1.26
0.005
1.66
0.435
1.19
0.405
1.63
0.875
0.52
1.195
0.34
0.785
0.24
1.115
0.06
-0.245
-0.75
-0.155
-1.47
0.325
-1.71
0.609605
-1.61513
-0.620426
0.56186
-0.57963
0.842138
-0.0680835
1.16123
0.051657
1.00069
0.111527
0.920423
0.231268
0.759884
0.410879
0.519079
0.53062
0.358543
0.590491
0.278274
0.710231
0.117738
0.258556
-0.281619
0.118418
-0.261221
-0.0217212
-0.240824
0.455
-1.65
0.390512
2
-0.085
-1.21
0.378021
1.5
0.025
-0.53
0.4005
1.2
0
0.4
0.7
1
0.195
1.4
0.41869
0.5
0.835
0.2
0.403113
0.5
0
-0.7048
-0.309406
0
0.4
-0.881523
1.03825
0.075
1.26
0.005
1.66
0.435
1.2
0.405
1.63
0.910261
0.494219
1.245
0.29
0.745
0.22
1.065
0.05
-0.225
-0.72
-0.195
-1.48
0.305
-1.7
0.589605
-1.60513
-0.620426
0.56186
-0.57963
0.842138
-0.0680835
1.16123
0.051657
1.00069
0.111527
0.920423
0.231268
0.759884
0.410879
0.519079
0.53062
0.358543
0.590491
0.278274
0.710231
0.117738
0.258556
-0.281619
0.118418
-0.261221
-0.0217212
-0.240824
0.455
-1.65
0.390512
2
-0.085
-1.21
0.378021
1.5
0.025
-0.53
0.4005
1.2
0
0.4
0.7
1
0.195
1.4
0.41869
0.5
0.835
0.2
0.403113
0.5
0
-0.7048
-0.309406
0
0.4
-0.881523
1.03825
0.075
1.26
0.005
1.66
0.435
1.2
0.405
1.63
0.90761
0.461998
1.265
0.21
0.745
0.22
1.005
0.03
-0.175
-0.7
-0.215
-1.43
0.295
-1.69
0.579605
-1.59513
-0.620426
0.56186
-0.57963
0.842138
-0.0680835
1.16123
0.051657
1.00069
0.111527
0.920423
0.231268
0.759884
0.410879
0.519079
0.53062
0.358543
0.590491
0.278274
0.710231
0.117738
0.258556
-0.281619
0.118418
-0.261221
-0.0217212
-0.240824
0.455
-1.65
0.390512
2
-0.085
-1.21
0.378021
1.5
0.025
-0.53
0.4005
1.2
0
0.4
0.7
1
0.195
1.4
0.41869
0.5
0.835
0.2
0.403113
0.5
0
-0.7048
-0.309406
0
0.4
-0.883006
1.03595
0.065
1.26
0.005
1.65
0.435
1.2
0.415
1.63
0.901626
0.423335
1.295
0.17
0.745
0.2
0.955
0.03
-0.135
-0.71
-0.255
-1.43
0.295
-1.66
0.578612
-1.5622
-0.620426
0.56186
-0.57963
0.842138
-0.0680835
1.16123
0.051657
1.00069
0.111527
0.920423
0.231268
0.759884
0.410879
0.519079
0.53062
0.358543
0.590491
0.278274
0.710231
0.117738
0.258556
-0.281619
0.118418
-0.261221
-0.0217212
-0.240824
0.415
-1.55
0.4272
2
-0.055
-1.1
0.375899
1.5
0.065
-0.43
0.380526
1.2
0
0.4
0.7
1
0.205
1.38
0.410279
0.5
0.855
0.16
0.418688
0.5
0
-0.7048
-0.309406
0
0.4
-0.795
1.07
0.065
1.26
0.005
1.65
0.435
1.2
0.415
1.63
0.901626
0.423335
1.285
0.08
0.765
0.23
0.945
0.08
-0.135
-0.71
-0.215
-1.33
0.305
-1.61
0.588612
-1.5122
-0.620426
0.56186
-0.57963
0.842138
-0.0680835
1.16123
0.051657
1.00069
0.111527
0.920423
0.231268
0.759884
0.410879
0.519079
0.53062
0.358543
0.590491
0.278274
0.710231
0.117738
0.258556
-0.281619
0.118418
-0.261221
-0.0217212
-0.240824
0.415
-1.55
0.4272
2
-0.055
-1.1
0.375899
1.5
0.065
-0.43
0.380526
1.2
0
0.4
0.7
1
0.205
1.38
0.410279
0.5
0.855
0.16
0.418688
0.5
0
-0.7048
-0.309406
0
0.4
-0.805
1.07
0.075
1.26
0.015
1.66
0.425
1.2
0.405
1.63
0.905988
0.449315
1.305
0.03
0.815
0.25
0.965245
0.0621023
-0.135
-0.71
-0.245
-1.34
0.315
-1.57
0.598612
-1.4722
-0.620426
0.56186
-0.57963
0.842138
-0.0680835
1.16123
0.051657
1.00069
0.111527
0.920423
0.231268
0.759884
0.410879
0.519079
0.53062
0.358543
0.590491
0.278274
0.710231
0.117738
0.258556
-0.281619
0.118418
-0.261221
-0.0217212
-0.240824
0.415
-1.55
0.4272
2
-0.055
-1.1
0.375899
1.5
0.065
-0.43
0.380526
1.2
0
0.4
0.7
1
0.205
1.38
0.410279
0.5
0.855
0.16
0.418688
0.5
0
-0.7048
-0.309406
0
0.4
-0.805
1.07
0.075
1.26
0.015
1.66
0.425
1.2
0.405
1.63
0.905988
0.449315
1.305
0.14
0.815
0.25
0.985
0.03
-0.155
-0.68
-0.245
-1.32
0.295
-1.57
0.578612
-1.4722
-0.620426
0.56186
-0.57963
0.842138
-0.0680835
1.16123
0.051657
1.00069
0.111527
0.920423
0.231268
0.759884
0.410879
0.519079
0.53062
0.358543
0.590491
0.278274
0.710231
0.117738
0.258556
-0.281619
0.118418
-0.261221
-0.0217212
-0.240824
0.415
-1.55
0.4272
2
-0.055
-1.1
0.375899
1.5
0.065
-0.43
0.380526
1.2
0
0.4
0.7
1
0.205
1.38
0.410279
0.5
0.855
0.16
0.418688
0.5
0
-0.7048
-0.309406
0
0.4
-0.805
1.07
0.095
1.26
0.015
1.66
0.425
1.2
0.405
1.64
0.875
0.44
1.25769
0.199266
0.785
0.22
0.985
-0.01
-0.185
-0.59
-0.245
-1.29
0.285
-1.54
0.57807
-1.47589
-0.620426
0.56186
-0.57963
0.842138
-0.0680835
1.16123
0.051657
1.00069
0.111527
0.920423
0.231268
0.759884
0.410879
0.519079
0.53062
0.358543
0.590491
0.278274
0.710231
0.117738
0.258556
-0.281619
0.118418
-0.261221
-0.0217212
-0.240824
0.415
-1.55
0.4272
2
-0.055
-1.1
0.375899
1.5
0.065
-0.43
0.380526
1.2
0
0.4
0.7
1
0.205
1.38
0.410279
0.5
0.855
0.16
0.418688
0.5
0
-0.7048
-0.309406
0
0.4
-0.805
1.07
0.095
1.26
0.015
1.66
0.425
1.2
0.405
1.64
0.875
0.44
1.275
0.24
0.785
0.22
1.005
-0.02
-0.185
-0.59
-0.245
-1.29
0.275
-1.53
0.56807
-1.46589
-0.620426
0.56186
-0.57963
0.842138
-0.0680835
1.16123
0.051657
1.00069
0.111527
0.920423
0.231268
0.759884
0.410879
0.519079
0.53062
0.358543
0.590491
0.278274
0.710231
0.117738
0.258556
-0.281619
0.118418
-0.261221
-0.0217212
-0.240824
0.415
-1.55
0.4272
2
-0.055
-1.1
0.375899
1.5
0.065
-0.43
0.380526
1.2
0
0.4
0.7
1
0.205
1.38
0.410279
0.5
0.855
0.16
0.418688
0.5
0
-0.7048
-0.309406
0
0.4
-0.805
1.07
0.095
1.27
0.025
1.66
0.425
1.21
0.405
1.63
0.835
0.48
1.235
0.26
0.835
0.21
1.045
-0.01
-0.185
-0.54
-0.245
-1.26
0.275
-1.49
0.567458
-1.42315
-0.620426
0.56186
-0.57963
0.842138
-0.0680835
1.16123
0.051657
1.00069
0.111527
0.920423
0.231268
0.759884
0.410879
0.519079
0.53062
0.358543
0.590491
0.278274
0.710231
0.117738
0.258556
-0.281619
0.118418
-0.261221
-0.0217212
-0.240824
0.405
-1.38
0.447772
2
-0.085
-1.02
0.375766
1.5
0.035
-0.44
0.363456
1.2
0
0.4
0.7
1
0.285
1.4
0.41026
0.5
0.825
0.11
0.410366
0.5
0
-0.7048
-0.309406
0
0.4
-0.805
1.07
0.095
1.27
0.025
1.66
0.425
1.21
0.405
1.63
0.835
0.48
1.245
0.31
0.835
0.21
1.055
-0.02
-0.115
-0.56
-0.175
-1.22
0.275
-1.49
0.567458
-1.42315
-0.620426
0.56186
-0.57963
0.842138
-0.0680835
1.16123
0.051657
1.00069
0.111527
0.920423
0.231268
0.759884
0.410879
0.519079
0.53062
0.358543
0.590491
0.278274
0.710231
0.117738
0.258556
-0.281619
0.118418
-0.261221
-0.0217212
-0.240824
0.405
-1.38
0.447772
2
-0.085
-1.02
0.375766
1.5
0.035
-0.44
0.363456
1.2
0
0.4
0.7
1
0.285
1.4
0.41026
0.5
0.825
0.11
0.410366
0.5
0
-0.7048
-0.309406
0
0.4
-0.805
1.07
0.095
1.27
0.015
1.66
0.415
1.21
0.405
1.65
0.805
0.5
1.255
0.34
0.855
0.17
1.085
-0.03
-0.065
-0.57
-0.135
-1.2
0.305
-1.48
0.597458
-1.41315
-0.620426
0.56186
-0.57963
0.842138
-0.0680835
1.16123
0.051657
1.00069
0.111527
0.920423
0.231268
0.759884
0.410879
0.519079
0.53062
0.358543
0.590491
0.278274
0.710231
0.117738
0.258556
-0.281619
0.118418
-0.261221
-0.0217212
-0.240824
0.405
-1.38
0.447772
2
-0.085
-1.02
0.375766
1.5
0.035
-0.44
0.363456
1.2
0
0.4
0.7
1
0.285
1.4
0.41026
0.5
0.825
0.11
0.410366
0.5
0
-0.7048
-0.309406
0
0.4
-0.805
1.07
0.095
1.27
0.015
1.66
0.415
1.21
0.405
1.65
0.805
0.5
1.255
0.34
0.855
0.17
1.095
-0.07
-0.065
-0.57
-0.135
-1.2
0.295
-1.52
0.587458
-1.45315
-0.620426
0.56186
-0.57963
0.842138
-0.0680835
1.16123
0.051657
1.00069
0.111527
0.920423
0.231268
0.759884
0.410879
0.519079
0.53062
0.358543
0.590491
0.278274
0.710231
0.117738
0.258556
-0.281619
0.118418
-0.261221
-0.0217212
-0.240824
0.405
-1.38
0.447772
2
-0.085
-1.02
0.375766
1.5
0.035
-0.44
0.363456
1.2
0
0.4
0.7
1
0.285
1.4
0.41026
0.5
0.825
0.11
0.410366
0.5
0
-0.7048
-0.309406
0
0.4
-0.805
1.07
0.095
1.27
0.015
1.67
0.415
1.21
0.405
1.63
0.775
0.52
1.225
0.37
0.895
0.15
1.095
-0.11
-0.085
-0.58
-0.155
-1.23
0.305
-1.57
0.597458
-1.50315
-0.620426
0.56186
-0.57963
0.842138
-0.0680835
1.16123
0.051657
1.00069
0.111527
0.920423
0.231268
0.759884
0.410879
0.519079
0.53062
0.358543
0.590491
0.278274
0.710231
0.117738
0.258556
-0.281619
0.118418
-0.261221
-0.0217212
-0.240824
0.425
-1.54
0.434166
2
0.065
-1.23
0.357771
1.5
0.055
-0.56
0.386264
1.2
0
0.4
0.7
1
0.245
1.4
0.436731
0.5
0.885
0.17
0.440454
0.5
0
-0.7048
-0.309406
0
0.4
-0.805
1.07
0.095
1.27
0.015
1.67
0.415
1.21
0.405
1.63
0.765
0.54
1.215
0.33
0.895
0.15
1.135
-0.13
-0.105
-0.6
-0.175
-1.32
0.295
-1.61
0.587458
-1.54315
-0.620426
0.56186
-0.57963
0.842138
-0.0680835
1.16123
0.051657
1.00069
0.111527
0.920423
0.231268
0.759884
0.410879
0.519079
0.53062
0.358543
0.590491
0.278274
0.710231
0.117738
0.258556
-0.281619
0.118418
-0.261221
-0.0217212
-0.240824
0.425
-1.54
0.434166
2
0.065
-1.23
0.357771
1.5
0.055
-0.56
0.386264
1.2
0
0.4
0.7
1
0.245
1.4
0.436731
0.5
0.885
0.17
0.440454
0.5
0
-0.7048
-0.309406
0
0.4
-0.835
1.08
0.095
1.28
0.015
1.68
0.415
1.21
0.405
1.65
0.755
0.58
1.195
0.33
0.955
0.17
1.175
-0.09
-0.145
-0.63
-0.205
-1.39
0.285
-1.65
0.577458
-1.58315
-0.620426
0.56186
-0.57963
0.842138
-0.0680835
1.16123
0.051657
1.00069
0.111527
0.920423
0.231268
0.759884
0.410879
0.519079
0.53062
0.358543
0.590491
0.278274
0.710231
0.117738
0.258556
-0.281619
0.118418
-0.261221
-0.0217212
-0.240824
0.425
-1.54
0.434166
2
0.065
-1.23
0.357771
1.5
0.055
-0.56
0.386264
1.2
0
0.4
0.7
1
0.245
1.4
0.436731
0.5
0.885
0.17
0.440454
0.5
0
-0.7048
-0.309406
0
0.4
-0.835
1.08
0.095
1.28
0.015
1.68
0.415
1.21
0.405
1.65
0.755
0.58
1.155
0.38
0.955
0.17
1.205
-0.13
-0.145
-0.63
-0.175
-1.5
0.285
-1.67
0.577458
-1.60315
-0.620426
0.56186
-0.57963
0.842138
-0.0680835
1.16123
0.051657
1.00069
0.111527
0.920423
0.231268
0.759884
0.410879
0.519079
0.53062
0.358543
0.590491
0.278274
0.710231
0.117738
0.258556
-0.281619
0.118418
-0.261221
-0.0217212
-0.240824
0.425
-1.54
0.434166
2
0.065
-1.23
0.357771
1.5
0.055
-0.56
0.386264
1.2
0
0.4
0.7
1
0.245
1.4
0.436731
0.5
0.885
0.17
0.440454
0.5
0
-0.7048
-0.309406
0
0.4
-0.868157
1.05743
0.095
1.28
0.015
1.69
0.415
1.22
0.405
1.66
0.735
0.59
1.115
0.39
1.005
0.2
1.275
-0.13
-0.175
-0.68
-0.105
-1.58
0.295
-1.71
0.587458
-1.64315
-0.620426
0.56186
-0.57963
0.842138
-0.0680835
1.16123
0.051657
1.00069
0.111527
0.920423
0.231268
0.759884
0.410879
0.519079
0.53062
0.358543
0.590491
0.278274
0.710231
0.117738
0.258556
-0.281619
0.118418
-0.261221
-0.0217212
-0.240824
0.475
-1.67
0.414367
2
-0.015
-1.14
0.380789
1.5
0.085
-0.45
0.410488
1.2
0
0.4
0.7
1
0.235
1.39
0.443784
0.5
0.875
0.18
0.417732
0.5
0
-0.7048
-0.309406
0
0.4
-0.868157
1.05743
0.095
1.28
0.015
1.69
0.415
1.22
0.405
1.66
0.695
0.58
1.095
0.43
1.005
0.2
1.325
-0.13
-0.175
-0.68
-0.105
-1.58
0.285
-1.73
0.577458
-1.66315
-0.620426
0.56186
-0.57963
0.842138
-0.0680835
1.16123
0.051657
1.00069
0.111527
0.920423
0.231268
0.759884
0.410879
0.519079
0.53062
0.358543
0.590491
0.278274
0.710231
0.117738
0.258556
-0.281619
0.118418
-0.261221
-0.0217212
-0.240824
0.475
-1.67
0.414367
2
-0.015
-1.14
0.380789
1.5
0.085
-0.45
0.410488
1.2
0
0.4
0.7
1
0.235
1.39
0.443784
0.5
0.875
0.18
0.417732
0.5
0
-0.7048
-0.309406
0
0.4
-0.87164
1.05269
0.095
1.28
0.015
1.69
0.425
1.22
0.415
1.66
0.675
0.56
1.055
0.43
1.075
0.19
1.365
-0.14
-0.185
-0.73
-0.105
-1.61
0.305
-1.75
0.597458
-1.68315
-0.620426
0.56186
-0.57963
0.842138
-0.0680835
1.16123
0.051657
1.00069
0.111527
0.920423
0.231268
0.759884
0.410879
0.519079
0.53062
0.358543
0.590491
0.278274
0.710231
0.117738
0.258556
-0.281619
0.118418
-0.261221
-0.0217212
-0.240824
0.475
-1.67
0.414367
2
-0.015
-1.14
0.380789
1.5
0.085
-0.45
0.410488
1.2
0
0.4
0.7
1
0.235
1.39
0.443784
0.5
0.875
0.18
0.417732
0.5
0
-0.7048
-0.309406
0
0.4
-0.867045
1.05892
0.095
1.28
0.015
1.69
0.425
1.22
0.415
1.66
0.645
0.54
1.075
0.45
1.075
0.19
1.415
-0.16
-0.145
-0.75
-0.105
-1.63
0.315
-1.79
0.607458
-1.72315
-0.620426
0.56186
-0.57963
0.842138
-0.0680835
1.16123
0.051657
1.00069
0.111527
0.920423
0.231268
0.759884
0.410879
0.519079
0.53062
0.358543
0.590491
0.278274
0.710231
0.117738
0.258556
-0.281619
0.118418
-0.261221
-0.0217212
-0.240824
0.475
-1.67
0.414367
2
-0.015
-1.14
0.380789
1.5
0.085
-0.45
0.410488
1.2
0
0.4
0.7
1
0.235
1.39
0.443784
0.5
0.875
0.18
0.417732
0.5
0
-0.7048
-0.309406
0
0.4
-0.867045
1.05892
0.095
1.28
0.015
1.69
0.425
1.22
0.415
1.66
0.645
0.54
1.075
0.45
1.075
0.19
1.415
-0.16
-0.145
-0.75
-0.115
-1.64
0.315
-1.81
0.607458
-1.74315
-0.620426
0.56186
-0.57963
0.842138
-0.0680835
1.16123
0.051657
1.00069
0.111527
0.920423
0.231268
0.759884
0.410879
0.519079
0.53062
0.358543
0.590491
0.278274
0.710231
0.117738
0.258556
-0.281619
0.118418
-0.261221
-0.0217212
-0.240824
0.475
-1.67
0.414367
2
-0.015
-1.14
0.380789
1.5
0.085
-0.45
0.410488
1.2
0
0.4
0.7
1
0.235
1.39
0.443784
0.5
0.875
0.18
0.417732
0.5
0
-0.7048
-0.309406
0
0.4
-0.868157
1.05743
0.095
1.29
0.015
1.69
0.425
1.22
0.415
1.65
0.615
0.53
1.045
0.47
1.07463
0.153324
1.435
-0.2
-0.105
-0.75
-0.145
-1.67
0.315
-1.83
0.607458
-1.76315
-0.620426
0.56186
-0.57963
0.842138
-0.0680835
1.16123
0.051657
1.00069
0.111527
0.920423
0.231268
0.759884
0.410879
0.519079
0.53062
0.358543
0.590491
0.278274
0.710231
0.117738
0.258556
-0.281619
0.118418
-0.261221
-0.0217212
-0.240824
0.465
-1.77
0.393954
2
0.015
-1.35
0.414849
1.5
0.065
-0.57
0.403113
1.2
0
0.4
0.7
1
0.195
1.38
0.457788
0.5
0.855
0.25
0.436005
0.5
0
-0.7048
-0.309406
0
0.4
-0.8653
1.06121
0.095
1.29
0.015
1.69
0.425
1.22
0.415
1.66
0.615
0.53
0.945
0.51
1.07463
0.153324
1.395
-0.11
-0.105
-0.75
-0.145
-1.67
0.285
-1.87
0.575
-1.84
-0.620426
0.56186
-0.57963
0.842138
-0.0680835
1.16123
0.051657
1.00069
0.111527
0.920423
0.231268
0.759884
0.410879
0.519079
0.53062
0.358543
0.590491
0.278274
0.710231
0.117738
0.258556
-0.281619
0.118418
-0.261221
-0.0217212
-0.240824
0.465
-1.77
0.393954
2
0.015
-1.35
0.414849
1.5
0.065
-0.57
0.403113
1.2
0
0.4
0.7
1
0.195
1.38
0.457788
0.5
0.855
0.25
0.436005
0.5
0
-0.7048
-0.309406
0
0.4
-0.868009
1.05763
0.095
1.29
0.015
1.7
0.425
1.22
0.415
1.64
0.565
0.51
0.895
0.5
1.08127
0.182675
1.405
-0.07
-0.105
-0.75
-0.145
-1.67
0.245
-1.88
0.543352
-1.84859
-0.620426
0.56186
-0.57963
0.842138
-0.0680835
1.16123
0.051657
1.00069
0.111527
0.920423
0.231268
0.759884
0.410879
0.519079
0.53062
0.358543
0.590491
0.278274
0.710231
0.117738
0.258556
-0.281619
0.118418
-0.261221
-0.0217212
-0.240824
0.465
-1.77
0.393954
2
0.015
-1.35
0.414849
1.5
0.065
-0.57
0.403113
1.2
0
0.4
0.7
1
0.195
1.38
0.457788
0.5
0.855
0.25
0.436005
0.5
0
-0.7048
-0.309406
0
0.4
-0.868009
1.05763
0.095
1.29
0.015
1.7
0.425
1.22
0.415
1.64
0.605
0.52
0.995
0.46
1.035
0.19
1.355
-0.05
-0.105
-0.75
-0.125
-1.67
0.235
-1.9
0.534378
-1.88069
-0.620426
0.56186
-0.57963
0.842138
-0.0680835
1.16123
0.051657
1.00069
0.111527
0.920423
0.231268
0.759884
0.410879
0.519079
0.53062
0.358543
0.590491
0.278274
0.710231
0.117738
0.258556
-0.281619
0.118418
-0.261221
-0.0217212
-0.240824
0.465
-1.77
0.393954
2
0.015
-1.35
0.414849
1.5
0.065
-0.57
0.403113
1.2
0
0.4
0.7
1
0.195
1.38
0.457788
0.5
0.855
0.25
0.436005
0.5
0
-0.7048
-0.309406
0
0.4
-0.868157
1.05743
0.085
1.29
0.025
1.7
0.435
1.21
0.415
1.62
0.645
0.52
1.025
0.44
0.995
0.2
1.325
-0.03
-0.065
-0.73
-0.095
-1.65
0.225
-1.93
0.524416
-1.91129
-0.620426
0.56186
-0.57963
0.842138
-0.0680835
1.16123
0.051657
1.00069
0.111527
0.920423
0.231268
0.759884
0.410879
0.519079
0.53062
0.358543
0.590491
0.278274
0.710231
0.117738
0.258556
-0.281619
0.118418
-0.261221
-0.0217212
-0.240824
0.365
-1.9
0.4272
2
-0.005
-1.24
0.414367
1.5
0.045
-0.53
0.4005
1.2
0
0.4
0.7
1
0.215
1.39
0.422472
0.5
0.865
0.25
0.432666
0.5
0
-0.7048
-0.309406
0
0.4
-0.868157
1.05743
0.085
1.29
0.025
1.7
0.435
1.21
0.415
1.62
0.685
0.52
1.075
0.43
0.975
0.21
1.285
-0.05
-0.065
-0.73
-0.095
-1.65
0.185
-1.95
0.484844
-1.95967
-0.620426
0.56186
-0.57963
0.842138
-0.0680835
1.16123
0.051657
1.00069
0.111527
0.920423
0.231268
0.759884
0.410879
0.519079
0.53062
0.358543
0.590491
0.278274
0.710231
0.117738
0.258556
-0.281619
0.118418
-0.261221
-0.0217212
-0.240824
0.365
-1.9
0.4272
2
-0.005
-1.24
0.414367
1.5
0.045
-0.53
0.4005
1.2
0
0.4
0.7
1
0.215
1.39
0.422472
0.5
0.865
0.25
0.432666
0.5
0
-0.7048
-0.309406
0
0.4
-0.875
1.04
0.085
1.3
0.015
1.7
0.435
1.22
0.405
1.65
0.725
0.52
1.105
0.4
0.935
0.21
1.265
-0.03
-0.065
-0.73
-0.095
-1.65
0.165
-1.97
0.464844
-1.97967
-0.620426
0.56186
-0.57963
0.842138
-0.0680835
1.16123
0.051657
1.00069
0.111527
0.920423
0.231268
0.759884
0.410879
0.519079
0.53062
0.358543
0.590491
0.278274
0.710231
0.117738
0.258556
-0.281619
0.118418
-0.261221
-0.0217212
-0.240824
0.365
-1.9
0.4272
2
-0.005
-1.24
0.414367
1.5
0.045
-0.53
0.4005
1.2
0
0.4
0.7
1
0.215
1.39
0.422472
0.5
0.865
0.25
0.432666
0.5
0
-0.7048
-0.309406
0
0.4
-0.868157
1.05743
0.095
1.3
0.025
1.71
0.425
1.22
0.415
1.63
0.725
0.57
1.0717
0.441601
0.855
0.23
1.145
0.01
-0.065
-0.73
-0.095
-1.65
0.135
-2.01
0.433605
-2.0389
-0.620426
0.56186
-0.57963
0.842138
-0.0680835
1.16123
0.051657
1.00069
0.111527
0.920423
0.231268
0.759884
0.410879
0.519079
0.53062
0.358543
0.590491
0.278274
0.710231
0.117738
0.258556
-0.281619
0.118418
-0.261221
-0.0217212
-0.240824
0.235
-2
0.446542
2
-0.005
-1.21
0.412311
1.5
0.045
-0.47
0.37054
1.2
0
0.4
0.7
1
0.195
1.38
0.432897
0.5
0.855
0.26
0.444072
0.5
0
