27
10
15
13
6
-0.794122
-0.294236
-0.005
0.32
-0.744869
1.11912
0.125
1.23
0.005
1.63
0.555712
1.01057
0.545
1.47
0.715
0.45
1.095
0.34
0.825
0
0.995
-0.31
-0.243852
-0.766207
-0.455
-1.75
-0.315
-2.11
-0.129654
-2.3459
-0.592376
0.577499
-0.50798
0.847933
0.0475198
1.08264
0.140538
0.905221
0.187047
0.816515
0.280065
0.639098
0.419593
0.372977
0.512612
0.195563
0.559122
0.106854
0.65214
-0.0705591
0.143151
-0.393969
0.00793486
-0.351771
-0.127282
-0.309574
-0.235
-2.27
0.462385
2
-0.345
-1.48
0.450999
1.5
-0.115
-0.69
0.410488
1.2
-0.005
0.32
0.7
1
0.275
1.21
0.471699
0.5
0.822243
0.0768196
0.467289
0.5
0
-0.886639
-0.24994
-0.055
0.3
-0.717525
1.15892
0.155
1.22
0.005
1.635
0.600356
0.860285
0.75
1.32
0.675
0.405
1.085
0.33
0.76
-0.165
0.805
-0.54
-0.399426
-0.728104
-0.715
-1.545
-0.615
-1.97
-0.452222
-2.22059
-0.614676
0.607971
-0.50677
0.868706
0.0652951
1.05188
0.141708
0.86755
0.179916
0.775391
0.25633
0.591069
0.370951
0.314589
0.447365
0.13027
0.485573
0.0381082
0.561987
-0.146211
0.0281303
-0.421534
-0.102236
-0.367581
-0.232604
-0.313629
-0.525
-2.11
0.462385
2
-0.6
-1.4
0.450999
1.5
-0.265
-0.635
0.410488
1.2
-0.055
0.3
0.7
1
0.350556
1.1766
0.471699
0.5
0.758621
0.0084098
0.467289
0.5
0
-0.979157
-0.205643
-0.105
0.28
-0.690181
1.19871
0.185
1.21
0.005
1.64
0.645
0.71
0.955
1.17
0.635
0.36
1.075
0.32
0.695
-0.33
0.615
-0.77
-0.555
-0.69
-0.975
-1.34
-0.915
-1.83
-0.77479
-2.09529
-0.636977
0.638444
-0.505561
0.88948
0.0830704
1.02111
0.142879
0.829879
0.172784
0.734267
0.232594
0.543039
0.322309
0.256201
0.382119
0.0649761
0.412024
-0.0306375
0.471834
-0.221862
-0.0868903
-0.449099
-0.212407
-0.383392
-0.337926
-0.317684
-0.815
-1.95
0.441814
2
-0.855
-1.32
0.441022
1.5
-0.415
-0.58
0.450999
1.2
-0.105
0.28
0.7
1
0.426111
1.14321
0.559874
0.5
0.695
-0.06
0.580086
0.5
0
-0.792535
-0.320748
-0.04
0.31
-0.79616
1.05577
0.1
1.215
0
1.63
0.589077
0.89297
0.85
1.375
0.64
0.595
1.02762
0.666215
0.865
-0.065
0.97
-0.455
-0.29
-0.715
-0.625
-1.295
-0.465
-1.68
-0.273992
-1.90161
-0.62363
0.534868
-0.553378
0.802065
-0.0225838
1.05531
0.0758873
0.886577
0.125123
0.802215
0.223595
0.633487
0.371303
0.380401
0.469775
0.211677
0.519012
0.127314
0.617483
-0.04141
0.135927
-0.379008
0.00233001
-0.343882
-0.131269
-0.308756
-0.38
-1.77
0.441814
2
-0.45
-1.135
0.441022
1.5
-0.13
-0.45
0.450999
1.2
-0.04
0.31
0.7
1
0.410556
1.2066
0.559874
0.5
0.855
0.01
0.580086
0.5
0
-0.605914
-0.435853
0.025
0.34
-0.902138
0.91284
0.015
1.22
-0.005
1.62
0.533153
1.07594
0.745
1.58
0.645
0.83
0.980231
1.01243
1.035
0.2
1.325
-0.14
-0.025
-0.74
-0.275
-1.25
-0.015
-1.53
0.226806
-1.70794
-0.610283
0.431291
-0.601194
0.71465
-0.128238
1.0895
0.00889551
0.943274
0.0774621
0.870163
0.214597
0.723935
0.420298
0.504601
0.557432
0.358377
0.626
0.285265
0.763133
0.139042
0.358745
-0.308916
0.217067
-0.304372
0.0753879
-0.299827
0.055
-1.59
0.482701
2
-0.045
-0.95
0.380789
1.5
0.155
-0.32
0.400714
1.2
0.025
0.34
0.7
1
0.395
1.27
0.623939
0.5
1.015
0.08
0.403113
0.5
0
-0.125
-0.41
0.245
0.4
-0.807907
0.682757
0.055
1.24
-0.025
1.62
0.525
1.13
0.725
1.56
0.615
1
0.915
1.27
1.33456
0.474608
1.835
0.42
-0.375
-0.61
0.015
-0.97
0.515
-1.08
0.814238
-1.10137
-0.389981
0.305094
-0.462622
0.579238
-0.117021
1.07423
0.0563707
0.973474
0.143066
0.923099
0.316459
0.822345
0.576545
0.67122
0.749936
0.570469
0.836633
0.520093
1.01002
0.419343
0.751118
-0.126019
0.614048
-0.162339
0.476976
-0.19866
0.685
-1.12
0.449444
2
0.155
-0.77
0.380789
1.5
0.315
-0.1
0.400714
1.2
0.245
0.4
0.7
1
0.355
1.25
0.614003
0.5
1.435
0.42
0.487647
0.5
1
1.825
0.42
0.470106
0.980581
-0.196116
0.4
0.1
1
1
0.035
-0.49
0.295
0.32
-0.785512
0.466175
0.055
1.22
-0.025
1.61
0.516777
1.13926
0.705
1.58
0.505
0.95
0.545
1.36
1.36584
0.541315
2.075
0.48
-0.191181
-0.760969
0.241606
-1.06833
0.751619
-1.11366
1.05118
-1.09669
-0.322771
0.144859
-0.429798
0.407533
-0.150116
0.942629
0.0347344
0.864803
0.127159
0.825892
0.31201
0.748066
0.589283
0.631332
0.774132
0.553509
0.866558
0.514597
1.05141
0.436774
0.864149
-0.13723
0.732814
-0.190744
0.601477
-0.244257
0.895
-1.11
0.470744
2
0.285
-0.78
0.380789
1.5
0.585
-0.19
0.400714
1.2
0.295
0.32
0.7
1
0.335
1.35
0.510392
0.5
1.695
0.47
0.491935
0.5
1
2.125
0.48
0.470106
0.980581
-0.196116
0.4
0.1
1
1
0.035
-0.49
0.295
0.32
-0.785512
0.466175
0.055
1.22
-0.025
1.61
0.555361
1.08404
0.725
1.57
0.425
0.94
0.315
1.39
1.36639
0.501532
2.06715
0.371762
-0.191181
-0.760969
0.241606
-1.06833
0.751619
-1.11366
1.05118
-1.09669
-0.322771
0.144859
-0.429798
0.407533
-0.150116
0.942629
0.0347344
0.864803
0.127159
0.825892
0.31201
0.748066
0.589283
0.631332
0.774132
0.553509
0.866558
0.514597
1.05141
0.436774
0.864149
-0.13723
0.732814
-0.190744
0.601477
-0.244257
0.905
-1.13
0.493964
2
0.345
-0.86
0.380789
1.5
0.445
-0.36
0.400714
1.2
0.295
0.32
0.7
1
0.325
1.31
0.554707
0.5
1.815
0.4
0.403113
0.5
0
-0.035
-0.47
0.295
0.32
-0.7683
0.561582
0.055
1.22
-0.025
1.61
0.619947
1.06247
0.845
1.6
0.479564
0.926027
0.345
1.41
1.37832
0.405654
2.06481
0.214144
-0.235
-0.53
0.045
-0.99
0.695
-0.99
0.99369
-0.961998
-0.335911
0.200419
-0.419187
0.471572
-0.0930682
0.979731
0.084146
0.88579
0.172752
0.838821
0.349967
0.74488
0.615787
0.603973
0.793
0.510035
0.881607
0.463066
1.05882
0.369128
0.821308
-0.185997
0.685733
-0.227635
0.550156
-0.269272
0.825
-0.98
0.490306
2
0.225
-0.69
0.380789
1.5
0.495
-0.15
0.400714
1.2
0.295
0.32
0.7
1
0.365
1.37
0.608276
0.5
1.745
0.3
0.403113
0.5
0
-0.035
-0.47
0.295
0.32
-0.7683
0.561582
0.055
1.22
-0.025
1.61
0.619947
1.06247
0.845
1.6
0.479564
0.926027
0.425
1.41
1.345
0.33
2.00484
0.0151573
-0.315
-0.56
-0.035
-0.98
0.685
-0.87
0.98369
-0.841998
-0.335911
0.200419
-0.419187
0.471572
-0.0930682
0.979731
0.084146
0.88579
0.172752
0.838821
0.349967
0.74488
0.615787
0.603973
0.793
0.510035
0.881607
0.463066
1.05882
0.369128
0.821308
-0.185997
0.685733
-0.227635
0.550156
-0.269272
0.865
-1.01
0.45607
2
0.265
-0.75
0.380789
1.5
0.515
-0.22
0.400714
1.2
0.295
0.32
0.7
1
0.355
1.29
0.584123
0.5
1.695
0.27
0.45793
0.5
0
-0.165
-0.48
0.255
0.31
-0.78024
0.652761
0.055
1.22
-0.025
1.62
0.633784
1.05498
0.855
1.6
0.497018
0.895525
0.415
1.47
1.295
0.26
1.885
-0.05
-0.205
-0.56
-0.115
-0.95
0.715
-0.8
1.01232
-0.759976
-0.384551
0.251646
-0.441368
0.529579
-0.0678509
1.00407
0.0995236
0.893505
0.18321
0.838226
0.350586
0.727666
0.601646
0.56183
0.76902
0.451273
0.852708
0.395993
1.02008
0.285436
0.730251
-0.244325
0.591286
-0.272734
0.452319
-0.301142
0.835
-0.81
0.458803
2
0.195
-0.69
0.380789
1.5
0.435
-0.11
0.400714
1.2
0.255
0.31
0.7
1
0.415
1.31
0.587963
0.5
1.625
0.06
0.403113
0.5
0
-0.314101
-0.588559
0.215
0.26
-0.787366
0.690911
0.065
1.21
-0.0442915
1.59746
0.648433
0.989959
0.905
1.59
0.525
0.74
0.535
1.38
1.245
0.18
1.725
-0.24
-0.318528
-0.567549
0.135037
-1.12898
0.779395
-0.993909
1.07921
-0.979647
-0.427528
0.25697
-0.460202
0.53891
-0.0469776
0.979671
0.110328
0.855036
0.18898
0.79272
0.346287
0.668084
0.582244
0.481136
0.739549
0.356505
0.818202
0.294187
0.975507
0.169556
0.640936
-0.333518
0.499967
-0.349855
0.358998
-0.366191
0.895
-1.01
0.44643
2
0.225
-0.83
0.380789
1.5
0.285
-0.46
0.400714
1.2
0.215
0.26
0.7
1
0.485
1.31
0.552268
0.5
1.545
-0.08
0.403113
0.5
0
-0.33137
-0.57729
0.215
0.26
-0.772403
0.72305
0.07
1.205
-0.0530437
1.60379
0.661346
0.999995
0.900429
1.60917
0.57
0.73
0.69
1.35
1.24141
0.146625
1.645
-0.305
-0.211764
-0.583775
0.205019
-1.17449
0.877198
-1.08695
1.17719
-1.08244
-0.427006
0.277841
-0.450491
0.56057
-0.0233514
0.987485
0.129754
0.857861
0.206307
0.793051
0.359414
0.663426
0.589072
0.468996
0.742177
0.339375
0.81873
0.274563
0.971835
0.144944
0.621248
-0.346779
0.479886
-0.358521
0.338521
-0.370264
0.985
-1.105
0.44643
2
0.325
-0.885
0.380789
1.5
0.315
-0.445
0.400714
1.2
0.215
0.26
0.7
1
0.455
1.28
0.552268
0.5
1.43
-0.065
0.403113
0.5
0
-0.348638
-0.566022
0.215
0.26
-0.757441
0.755188
0.075
1.2
-0.061796
1.61012
0.674259
1.01003
0.895859
1.62835
0.615
0.72
0.845
1.32
1.23781
0.11325
1.565
-0.37
-0.105
-0.6
0.275
-1.22
0.975
-1.18
1.27516
-1.18524
-0.426484
0.298712
-0.440781
0.582229
0.000274792
0.995298
0.149181
0.860686
0.223633
0.793381
0.37254
0.658768
0.595899
0.456855
0.744804
0.322246
0.819257
0.25494
0.968162
0.120331
0.601561
-0.360039
0.459804
-0.367187
0.318045
-0.374336
1.075
-1.2
0.463249
2
0.425
-0.94
0.440114
1.5
0.345
-0.43
0.400714
1.2
0.215
0.26
0.7
1
0.425
1.25
0.567274
0.5
1.315
-0.05
0.451221
0.5
0
-0.433304
-0.535957
0.17
0.26
-0.773573
0.805215
0.0800723
1.2048
-0.048398
1.61506
0.634629
1.01502
0.790429
1.62418
0.62
0.71
0.93
1.22
1.1764
0.066625
1.44202
-0.454547
-0.09
-0.655
0.23
-1.33
0.885
-1.395
1.18405
-1.41609
-0.46766
0.33251
-0.466932
0.615998
-0.0052655
1.00461
0.136113
0.8625
0.206802
0.791446
0.348181
0.649336
0.560248
0.436176
0.701626
0.29407
0.772315
0.223016
0.913692
0.0809094
0.522717
-0.378752
0.380975
-0.378388
0.239231
-0.378025
1.005
-1.43
0.463249
2
0.33
-1.075
0.440114
1.5
0.265
-0.475
0.400714
1.2
0.17
0.26
0.7
1
0.405
1.23
0.567274
0.5
1.25
-0.145
0.451221
0.5
0
-0.51797
-0.505891
0.125
0.26
-0.789704
0.855241
0.0851445
1.20959
-0.035
1.62
0.595
1.02
0.685
1.62
0.625
0.7
1.015
1.12
1.115
0.02
1.31904
-0.539094
-0.075
-0.71
0.185
-1.44
0.795
-1.61
1.09294
-1.64694
-0.508836
0.366309
-0.493083
0.649766
-0.0108058
1.01392
0.123045
0.864314
0.18997
0.789512
0.323821
0.639904
0.524597
0.415498
0.658447
0.265895
0.725373
0.191091
0.859223
0.0414879
0.443873
-0.397466
0.302146
-0.389589
0.160418
-0.381713
0.935
-1.66
0.475395
2
0.235
-1.21
0.461411
1.5
0.185
-0.52
0.440114
1.2
0.125
0.26
0.7
1
0.385
1.21
0.629365
0.5
1.185
-0.24
0.403113
0.5
0
-0.600039
-0.476499
0.075
0.26
-0.808992
0.897878
0.0809062
1.20934
-0.024684
1.6201
0.584968
1.02428
0.675
1.63
0.625
0.665
1.0774
0.948631
1.06
-0.075
1.24202
-0.614547
-0.115
-0.86
0.115
-1.595
0.625
-1.76
0.920486
-1.81119
-0.552279
0.396551
-0.522928
0.678605
-0.0242363
1.01873
0.102114
0.863032
0.165289
0.785181
0.29164
0.629476
0.481165
0.395925
0.607516
0.240225
0.670691
0.162373
0.797041
0.006673
0.361525
-0.411305
0.2205
-0.396629
0.0794738
-0.381954
0.77
-1.805
0.475395
2
0.14
-1.295
0.461411
1.5
0.12
-0.565
0.440114
1.2
0.075
0.26
0.7
1
0.355
1.275
0.629365
0.5
1.105
-0.295
0.403113
0.5
0
-0.682107
-0.447107
0.025
0.26
-0.82828
0.940514
0.0766678
1.2091
-0.0143679
1.6202
0.574936
1.02856
0.665
1.64
0.625
0.63
1.1398
0.777262
1.005
-0.17
1.165
-0.69
-0.155
-1.01
0.045
-1.75
0.455
-1.91
0.748032
-1.97543
-0.595722
0.426794
-0.552774
0.707444
-0.0376668
1.02355
0.0811832
0.861749
0.140608
0.78085
0.259459
0.619048
0.437734
0.376352
0.556584
0.214555
0.616009
0.133655
0.734859
-0.0281419
0.279178
-0.425143
0.138854
-0.403669
-0.00147036
-0.382195
0.605
-1.95
0.490408
2
0.045
-1.38
0.429418
1.5
0.055
-0.61
0.411947
1.2
0.025
0.26
0.7
1
0.325
1.34
0.528015
0.5
1.025
-0.35
0.440114
0.5
0
-0.767265
-0.409123
-0.03
0.265
-0.847587
0.986052
0.0684568
1.20926
-0.0020388
1.62387
0.524968
1.03928
0.625
1.63
0.63
0.57
1.1124
0.518631
0.899997
-0.240442
1.07
-0.75
-0.195
-1.025
-0.04
-1.775
0.3
-1.995
0.589092
-2.07476
-0.640982
0.462074
-0.584265
0.739925
-0.0547739
1.02981
0.0557921
0.862522
0.111075
0.77888
0.221641
0.611594
0.387491
0.360671
0.498057
0.193388
0.55334
0.109746
0.663906
-0.0575358
0.1897
-0.431056
0.0507749
-0.402698
-0.0881502
-0.374339
0.41
-1.99
0.490408
2
-0.035
-1.365
0.429418
1.5
-0.02
-0.62
0.411947
1.2
-0.03
0.265
0.7
1
0.3
1.305
0.528015
0.5
0.935
-0.175
0.440114
0.5
0
-0.852424
-0.371139
-0.085
0.27
-0.866893
1.03159
0.0602458
1.20942
0.0102903
1.62754
0.475
1.05
0.585
1.62
0.635
0.51
1.085
0.26
0.794994
-0.310884
0.975
-0.81
-0.235
-1.04
-0.125
-1.8
0.145
-2.08
0.430152
-2.17409
-0.686242
0.497354
-0.615757
0.772406
-0.0718809
1.03607
0.030401
0.863295
0.0815419
0.776911
0.183824
0.60414
0.337248
0.344989
0.43953
0.172222
0.490672
0.0858371
0.592954
-0.0869298
0.100221
-0.436969
-0.0373041
-0.401727
-0.17483
-0.366484
0.215
-2.03
0.475184
2
-0.115
-1.35
0.420119
1.5
-0.095
-0.63
0.42107
1.2
-0.085
0.27
0.7
1
0.275
1.27
0.570195
0.5
0.845
0
0.572713
0.5
0
-0.965422
-0.295847
-0.155
0.29
-0.876144
1.10955
0.0620519
1.2156
0.005
1.63
0.425
1.09
0.495
1.64
0.665
0.39
0.965
-0.00999999
0.705
-0.29
0.855
-0.9
-0.40528
-1.00478
-0.354014
-1.77109
-0.106299
-2.07106
0.170816
-2.1868
-0.73707
0.562933
-0.645639
0.831792
-0.0830283
1.0529
0.00568399
0.872752
0.0500402
0.782681
0.138753
0.602533
0.271823
0.332318
0.360535
0.152176
0.404892
0.0621027
0.493605
-0.11804
-0.024648
-0.429215
-0.159076
-0.383501
-0.293505
-0.337785
-0.005
-2.14
0.496488
2
-0.315
-1.45
0.4245
1.5
-0.215
-0.69
0.4272
1.2
-0.155
0.29
0.7
1
0.237851
1.22671
0.552375
0.5
0.675
-0.03
0.518652
0.5
0
-1.0047
-0.312799
-0.185
0.26
-0.891251
1.09248
0.055
1.22
0.005
1.63
0.409079
1.07368
0.485
1.63
0.605
0.3
0.795
-0.12
0.615
-0.24
0.835
-0.76
-0.385
-1.04
-0.425
-1.89
-0.178953
-2.10165
0.116821
-2.15183
-0.762068
0.543413
-0.665792
0.810588
-0.099257
1.0215
-0.0138095
0.839778
0.0289142
0.748916
0.114362
0.567188
0.242535
0.294603
0.327982
0.112881
0.370707
0.0220174
0.456154
-0.159706
-0.0676553
-0.461481
-0.201241
-0.413344
-0.334827
-0.365206
-0.025
-2.16
0.468722
2
-0.295
-1.5
0.424264
1.5
-0.295
-0.78
0.445982
1.2
-0.185
0.26
0.7
1
0.275
1.28
0.524826
0.5
0.585
-0.16
0.555428
0.5
0
-0.835
-0.34
-0.075
0.26
-0.841601
1.03746
0.0925933
1.23538
0.0120765
1.64055
0.445
1.12
0.415
1.63
0.665
0.42
0.994546
0.0807606
0.725
-0.11
0.985
-0.5
-0.177283
-1.05148
-0.153633
-1.90221
0.10758
-2.09489
0.406315
-2.12283
-0.671716
0.499517
-0.59567
0.773176
-0.0464132
1.02588
0.0523915
0.85103
0.101794
0.763604
0.200599
0.588748
0.348807
0.326472
0.447612
0.151622
0.497015
0.064195
0.59582
-0.110655
0.0959672
-0.450784
-0.0408606
-0.412762
-0.177689
-0.374738
0.245
-2.1
0.523927
2
-0.055
-1.47
0.43
1.5
-0.075
-0.68
0.477553
1.2
-0.075
0.27
0.7
1
0.255
1.31
0.497718
0.5
0.76163
0.0423928
0.569963
0.5
0
-0.812901
-0.31237
-0.055
0.34
-0.862595
1.07501
0.065
1.26
-0.005
1.65
0.415
1.16
0.395
1.64
0.675378
0.539771
1.065
0.32
0.745
0.1
1.015
-0.24
-0.045
-0.81
-0.015
-1.63
0.195
-2.01
0.494851
-2.02176
-0.663869
0.546961
-0.602709
0.824367
-0.0678316
1.10642
0.04029
0.937132
0.0943506
0.852491
0.202473
0.683205
0.364656
0.429283
0.472777
0.260002
0.526839
0.175359
0.63496
0.00607845
0.154145
-0.360608
0.0154436
-0.330029
-0.123259
-0.299449
0.315
-2.02
0.471699
2
0.045
-1.38
0.380789
1.5
-0.035
-0.68
0.400714
1.2
-0.055
0.34
0.7
1
0.231954
1.31471
0.482407
0.5
0.792282
0.167883
0.494352
0.5
0
-0.75885
-0.310888
-0.0275
0.37
-0.859379
1.07382
0.075
1.25
-0.005
1.65
0.43
1.165
0.4
1.635
0.695189
0.549885
1.07641
0.382306
0.78
0.175
1.035
-0.13
-0.055
-0.76
-0.05
-1.645
0.165
-2.02
0.464842
-2.03087
-0.642148
0.55441
-0.59117
0.833253
-0.0679576
1.13382
0.0459735
0.968911
0.102939
0.886457
0.216871
0.721544
0.387767
0.474181
0.501699
0.309272
0.558665
0.226817
0.672596
0.0619082
0.206351
-0.321114
0.0669308
-0.295625
-0.0724901
-0.270136
0.325
-1.99
0.428707
2
-0.085307
-1.36045
0.380789
1.5
-0.0588047
-0.630339
0.400714
1.2
-0.0275
0.37
0.7
1
0.223477
1.35235
0.442433
0.5
0.823641
0.228942
0.445426
0.5
0
-0.731825
-0.310147
-0.01375
0.385
-0.857772
1.07323
0.08
1.245
-0.005
1.65
0.4375
1.1675
0.4025
1.6325
0.705094
0.554943
1.08212
0.413459
0.7975
0.2125
1.045
-0.075
-0.06
-0.735
-0.0675
-1.6525
0.15
-2.025
0.449837
-2.03543
-0.631287
0.558135
-0.5854
0.837695
-0.0680205
1.14753
0.0488152
0.984801
0.107233
0.90344
0.224069
0.740714
0.399323
0.49663
0.516159
0.333908
0.574578
0.252545
0.691413
0.0898231
0.232453
-0.301366
0.0926744
-0.278423
-0.0471056
-0.25548
0.227525
-2.03036
0.468355
2
-0.0401535
-1.34523
0.380789
1.5
-0.0269023
-0.615169
0.400714
1.2
-0.01375
0.385
0.7
1
0.219238
1.37118
0.426178
0.5
0.839321
0.259471
0.457937
0.5
0
-0.7048
-0.309406
0
0.4
-0.856164
1.07263
0.085
1.24
-0.005
1.65
0.445
1.17
0.405
1.63
0.715
0.56
1.08782
0.444612
0.815
0.25
1.055
-0.02
-0.065
-0.71
-0.085
-1.66
0.135
-2.03
0.434833
-2.03999
-0.620426
0.56186
-0.57963
0.842138
-0.0680835
1.16123
0.051657
1.00069
0.111527
0.920423
0.231268
0.759884
0.410879
0.519079
0.53062
0.358543
0.590491
0.278274
0.710231
0.117738
0.258556
-0.281619
0.118418
-0.261221
-0.0217212
-0.240824
0.285
-2.01
0.464866
2
0.005
-1.33
0.380789
1.5
0.005
-0.6
0.400714
1.2
0
0.4
0.7
1
0.215
1.39
0.43382
0.5
0.855
0.29
0.424264
0.5
0
