4
10
15
13
6
-0.767037
-0.127264
-0.0175
0.5
-0.818593
1.20776
0.135
1.27
0.12
1.485
0.385
1.01
0.415
1.31
0.755
0.46
1.06
0.215
0.805
0.115
0.915
-0.18
-0.325
-0.7
-0.34
-1.76
0.105
-1.88
0.40173
-1.91947
-0.61759
0.721869
-0.549456
0.996146
-0.0100719
1.26256
0.0929991
1.09136
0.144535
1.00575
0.247607
0.834547
0.402214
0.57774
0.505286
0.406535
0.556822
0.320933
0.659893
0.149728
0.172046
-0.202289
0.0349083
-0.168222
-0.102231
-0.134156
0.27001
-1.94008
0.393954
2
-0.282563
-1.33904
0.455412
1.5
-0.141212
-0.508911
0.460435
1.2
-0.0175
0.5
0.7
1
0.293561
1.46182
0.419952
0.5
0.740597
0.0335039
0.454863
0.5
0
-0.73
-0.0599999
-0.035
0.6
-0.865
1.25
0.055
1.39
0.005
1.62
0.345
1.15
0.345
1.48
0.745
0.67
1.065
0.5
0.835
0.31
1.005
0.06
-0.195
-0.65
-0.145
-1.64
0.225
-1.72
0.524569
-1.73851
-0.650871
0.779492
-0.602111
1.05863
-0.0814676
1.36321
0.0337212
1.19926
0.0913156
1.11729
0.206505
0.95334
0.379289
0.707418
0.494478
0.54347
0.552073
0.461495
0.667263
0.297547
0.204215
-0.0890085
0.0646461
-0.0646285
-0.0749235
-0.0402499
0.42502
-1.82017
0.393954
2
-0.170126
-1.25808
0.455412
1.5
-0.0874239
-0.417823
0.460435
1.2
-0.035
0.6
0.7
1
0.208133
1.58396
0.419952
0.5
0.756195
0.187008
0.454863
0.5
0
-0.655
-0.03
-0.015
0.68
-0.89676
1.25799
0.015
1.42
-0.005
1.63
0.385
1.3
0.365
1.63
0.715
0.84
1.005
0.73
0.855
0.56
1.085
0.35
0.015
-0.55
0.045
-1.42
0.335
-1.64
0.635089
-1.63327
-0.643827
0.80711
-0.618697
1.08938
-0.125453
1.43667
0.00311736
1.28297
0.0674021
1.20612
0.195973
1.05242
0.388829
0.821866
0.517399
0.668166
0.581684
0.591316
0.710255
0.437616
0.281297
0.0134792
0.140161
0.0260446
-0.000974435
0.0386085
0.646837
-1.69314
0.393954
2
0.00650683
-1.18301
0.455412
1.5
0.0183021
-0.338709
0.460435
1.2
-0.015
0.68
0.7
1
0.144593
1.68099
0.419952
0.5
0.808169
0.334933
0.454863
0.5
0
-0.505
-0.04
0.035
0.67
-0.897535
1.16212
0.015
1.44
0.015
1.67
0.305
1.31
0.375
1.65
0.675
0.89
0.935
0.87
0.875
0.68
1.095
0.55
0.185
-0.41
0.175
-1.34
0.445
-1.48
0.743139
-1.44493
-0.60309
0.737114
-0.604751
1.02052
-0.146493
1.41292
-0.00395676
1.27204
0.0673106
1.20161
0.209848
1.06073
0.423651
0.849416
0.566187
0.708542
0.637455
0.638105
0.779991
0.497231
0.393002
0.0344036
0.251297
0.0335732
0.109591
0.0327415
0.918258
-1.63019
0.393954
2
0.232512
-1.18283
0.455412
1.5
0.164449
-0.341103
0.460435
1.2
0.035
0.67
0.7
1
0.0992768
1.6817
0.419952
0.5
0.887184
0.404253
0.454863
0.5
0
