4
10
15
13
6
-0.5
-0.23
0.075
0.49
-0.875
0.98
0.0607088
1.33424
-0.015
1.65
0.405
1.22
0.405
1.64
0.745
0.74
1.045
0.64
0.895
0.47
1.125
0.28
0.105
-0.69
0.125
-1.63
0.395
-1.8
0.693957
-1.77469
-0.560204
0.577846
-0.552623
0.861001
-0.0820715
1.23802
0.0557155
1.09265
0.124609
1.01997
0.262396
0.8746
0.469076
0.656548
0.606863
0.511181
0.675758
0.438496
0.813544
0.293129
0.411886
-0.156575
0.27031
-0.152784
0.128732
-0.148995
0.595
-1.8
0.403113
2
0.283261
-1.22758
0.380789
1.5
0.197478
-0.502575
0.400714
1.2
0.075
0.49
0.7
1
0.172193
1.4985
0.419952
0.5
0.93708
0.481225
0.403113
0.5
0
-0.425
-0.1
0.095
0.66
-0.89383
1.06631
0.025
1.41
-0.015
1.66
0.495
1.3
0.545
1.63
0.715
0.97
1.015
0.92
0.913769
0.710784
1.165
0.63
0.226647
-0.51316
0.215
-1.15
0.525
-1.31
0.820696
-1.259
-0.54549
0.692753
-0.562354
0.975542
-0.12601
1.39178
0.0238162
1.25882
0.0987285
1.19234
0.248555
1.05937
0.473294
0.85993
0.62312
0.726969
0.698033
0.660487
0.847859
0.527525
0.486429
0.0448067
0.345035
0.036375
0.203641
0.0279421
0.745
-1.29
0.378021
2
0.325
-0.89
0.380789
1.5
0.275
-0.26
0.400714
1.2
0.095
0.66
0.7
1
0.255
1.46
0.419952
0.5
0.954729
0.725597
0.403113
0.5
0
-0.215
-0.16
0.205
0.66
-0.830765
0.925217
0.075
1.41
0.005
1.67
0.455
1.33
0.465
1.68
0.795
1.08
1.125
1.07
1.035
0.84
1.345
0.77
0.415
-0.56
0.565
-1.12
1.065
-1.02
1.30846
-0.844709
-0.433917
0.603564
-0.48986
0.881311
-0.115444
1.35412
0.0514022
1.24322
0.134824
1.18777
0.30167
1.07687
0.551937
0.910514
0.718781
0.799613
0.802205
0.744161
0.969049
0.63326
0.678056
0.105
0.539183
0.0770283
0.40031
0.0490556
1.155
-0.94
0.43566
2
0.545
-0.61
0.380789
1.5
0.515
-0.05
0.400714
1.2
0.205
0.66
0.7
1
0.235
1.48
0.419952
0.5
1.085
0.91
0.403113
0.5
0
-0.075
-0.0600001
0.275
0.78
-0.779801
0.955229
0.055
1.46
0.035
1.67
0.435
1.35
0.425
1.67
0.775
1.21
1.065
1.25
1.045
1.01
1.305
0.99
0.465
-0.53
0.705
-0.77
1.225
-0.56
1.42728
-0.338454
-0.356747
0.668853
-0.436359
0.940784
-0.103941
1.44406
0.0718317
1.3479
0.159716
1.29982
0.335489
1.20366
0.599146
1.05942
0.774916
0.963266
0.862803
0.915186
1.03857
0.819028
0.794041
0.267674
0.658077
0.227868
0.522112
0.18806
1.365
-0.43
0.466154
2
0.715
-0.43
0.380789
1.5
0.585
0.2
0.400714
1.2
0.275
0.78
0.7
1
0.255
1.51
0.419952
0.5
1.035
1.05
0.403113
0.5
0
