1
10
15
13
6
-0.41
0.59
0.475
0.74
0.136915
1.77753
1.04
1.35
1.21
1.58
1.06996
0.96457
1.24737
1.17805
1.15
0.43
1.27
0.07
1.08
0.00999999
1.23
-0.55
-0.26
-0.34
-0.0700003
-1.44
0.8
-1.55
1.09
-1.57
0.0746609
1.2439
0.276358
1.44424
0.879247
1.39196
0.878567
1.19094
0.878229
1.09043
0.877543
0.889406
0.876525
0.587881
0.875847
0.386864
0.875508
0.286356
0.874829
0.08534
0.27161
0.03712
0.171441
0.137967
0.0712699
0.238814
-0.5508
-1.50855
0.393954
2
-0.71244
-0.70333
0.455412
1.5
-0.157771
-0.063144
0.460435
1.2
0.475
0.74
0.7
1
1.24433
1.4049
0.419952
0.5
0.8836
-0.056723
0.454863
0.5
0
