41
10
15
13
6
-0.804075
-0.194528
0
0.4
-0.772185
1.16553
0.215
1.15
0.235
1.35
0.425
0.87
0.485
1.14
0.765
0.25
1.055
-0.08
0.775
-0.08
0.825
-0.42
-0.455
-0.75
-0.535
-1.88
-0.015
-2.04
0.278891
-2.10044
-0.584309
0.664246
-0.496801
0.933662
0.0613238
1.16191
0.152277
0.983447
0.197754
0.894218
0.288708
0.715754
0.425139
0.448062
0.516093
0.269601
0.56157
0.18037
0.652524
0.00190893
0.139878
-0.315569
0.00517054
-0.271815
-0.129538
-0.228062
0.115
-2.06
0.393954
2
-0.395
-1.42
0.455412
1.5
-0.195
-0.6
0.460435
1.2
0
0.4
0.7
1
0.378989
1.33967
0.419952
0.5
0.725
-0.12
0.454863
0.5
0
-0.917521
-0.0506448
-0.015
0.38
-0.598077
1.29809
0.465
1.11
0.455
1.35
0.685
0.77
0.865
1.02
0.745
0.02
0.875
-0.38
0.635
-0.31
0.505
-0.61
-0.714149
-0.640515
-1.04313
-1.72481
-0.571521
-1.99634
-0.29832
-2.12055
-0.526176
0.76748
-0.380997
1.0108
0.214018
1.10945
0.263088
0.915202
0.287624
0.818079
0.336694
0.623828
0.410301
0.332456
0.459372
0.138208
0.483907
0.0410835
0.532979
-0.153165
-0.0374992
-0.348941
-0.159159
-0.276352
-0.280819
-0.203764
-0.449177
-2.04471
0.442131
2
-0.804431
-1.30727
0.455412
1.5
-0.427265
-0.551966
0.460435
1.2
-0.015
0.38
0.7
1
0.595
1.04
0.419952
0.5
0.576588
-0.288155
0.454863
0.5
0
-0.966942
0.0737228
-0.015
0.38
-0.419703
1.38986
0.675
0.95
0.845
1.19
0.845
0.63
1.095
0.81
0.681731
-0.154112
0.605
-0.53
0.445
-0.42
0.225
-0.64
-1.155
-0.56
-1.555
-1.5
-0.925
-1.74
-0.643062
-1.84252
-0.446466
0.854903
-0.259018
1.06749
0.344181
1.0552
0.356751
0.855185
0.363038
0.755177
0.375608
0.555156
0.394466
0.255129
0.407037
0.0551113
0.413323
-0.0448979
0.425895
-0.244916
-0.171018
-0.332636
-0.277312
-0.238912
-0.383608
-0.145189
-0.805
-1.78
0.453982
2
-1.10117
-1.13409
0.455412
1.5
-0.591567
-0.460677
0.460435
1.2
-0.015
0.38
0.7
1
0.745
1.02
0.485077
0.5
0.44398
-0.385663
0.454863
0.5
0
-0.976524
0.105279
-0.015
0.38
-0.378027
1.40564
0.745
1.01
1.075
1.02
0.869108
0.644979
1.125
0.65
0.635894
-0.196348
0.521254
-0.563655
0.365
-0.46
0.1154
-0.619938
-1.1926
-0.512573
-1.63078
-1.43545
-1.0111
-1.70106
-0.733584
-1.81505
-0.426677
0.872198
-0.230672
1.07695
0.371549
1.03996
0.375918
0.839586
0.378104
0.7394
0.382473
0.539022
0.389029
0.238459
0.393399
0.0380842
0.395585
-0.0621036
0.399955
-0.262479
-0.200079
-0.325684
-0.302451
-0.227682
-0.404825
-0.129679
-0.885
-1.78
0.410122
2
-1.16232
-1.08842
0.455412
1.5
-0.62554
-0.436402
0.460435
1.2
-0.015
0.38
0.7
1
0.675
1
0.59203
0.5
0.412263
-0.403855
0.454863
0.5
2
1.305
0.85
0.314006
0.707107
-0.707107
1.2
0.1
1
0
0.595
0.75
0.480937
0.707107
-0.707107
0.6
0.1
1
0
-0.976524
0.105279
-0.015
0.38
-0.378027
1.40564
0.765
0.96
1.105
0.96
0.869108
0.644979
1.15901
0.649441
0.596154
-0.216622
0.443191
-0.572781
0.325
-0.45
0.0554496
-0.585657
-1.1926
-0.512573
-1.63078
-1.43545
-1.0111
-1.70106
-0.733584
-1.81505
-0.426677
0.872198
-0.230672
1.07695
0.371549
1.03996
0.375918
0.839586
0.378104
0.7394
0.382473
0.539022
0.389029
0.238459
0.393399
0.0380842
0.395585
-0.0621036
0.399955
-0.262479
-0.200079
-0.325684
-0.302451
-0.227682
-0.404825
-0.129679
-0.905
-1.45
0.610328
2
-0.825
-0.5
0.573149
1.5
0.985
0.7
0.335261
1.2
-0.015
0.38
0.7
1
0.485
1.23
0.429535
0.5
0.412263
-0.403855
0.454863
0.5
2
1.215
0.81
0.302655
0.707107
-0.707107
1.2
0.1
1
0
0.585
0.72
0.509902
0.707107
-0.707107
0.6
0.1
1
0
-0.976524
0.105279
-0.015
0.38
-0.378027
1.40564
0.695
0.97
1.045
0.98
0.869108
0.644979
1.19301
0.648882
0.549731
-0.235012
0.362243
-0.574146
0.305
-0.39
0.00509188
-0.549293
-1.1926
-0.512573
-1.63078
-1.43545
-1.0111
-1.70106
-0.733584
-1.81505
-0.426677
0.872198
-0.230672
1.07695
0.371549
1.03996
0.375918
0.839586
0.378104
0.7394
0.382473
0.539022
0.389029
0.238459
0.393399
0.0380842
0.395585
-0.0621036
0.399955
-0.262479
-0.200079
-0.325684
-0.302451
-0.227682
-0.404825
-0.129679
-0.855
-1.75
0.393954
2
-1.16232
-1.08842
0.455412
1.5
0.935
0.66
0.32499
1.2
0.155
0.19
0.880909
1
0.405
1.23
0.419952
0.5
-0.695
-0.46
0.454863
0.5
2
1.215
0.8
0.291548
0.707107
-0.707107
1.2
0.1
1
0
0.475
0.74
0.510882
0.707107
-0.707107
0.6
0.1
1
0
-0.976524
0.105279
-0.015
0.38
-0.378027
1.40564
0.745
0.96
1.045
0.98
0.869108
0.644979
1.22702
0.648323
0.518199
-0.244568
0.31197
-0.570878
0.295
-0.36
0.005
-0.48
-1.1926
-0.512573
-1.63078
-1.43545
-1.0111
-1.70106
-0.733584
-1.81505
-0.426677
0.872198
-0.230672
1.07695
0.371549
1.03996
0.375918
0.839586
0.378104
0.7394
0.382473
0.539022
0.389029
0.238459
0.393399
0.0380842
0.395585
-0.0621036
0.399955
-0.262479
-0.200079
-0.325684
-0.302451
-0.227682
-0.404825
-0.129679
-0.905
-1.74
0.514781
2
-1.16232
-1.08842
0.455412
1.5
-0.62554
-0.436402
0.460435
1.2
0.155
0.25
0.904765
1
0.365
1.23
0.419952
0.5
1.025
0.72
0.454863
0.5
2
1.135
0.79
0.316228
0.707107
-0.707107
0.9
0
1
0
0.495
0.78
0.407185
0.707107
-0.707107
0.45
0
1
0
-0.976524
0.105279
-0.015
0.38
-0.378027
1.40564
0.715
0.94
1.055
0.95
0.869108
0.644979
1.26102
0.647765
0.584684
-0.22167
0.465
-0.66
0.325
-0.4
0.0416225
-0.576348
-1.1926
-0.512573
-1.63078
-1.43545
-1.0111
-1.70106
-0.733584
-1.81505
-0.426677
0.872198
-0.230672
1.07695
0.371549
1.03996
0.375918
0.839586
0.378104
0.7394
0.382473
0.539022
0.389029
0.238459
0.393399
0.0380842
0.395585
-0.0621036
0.399955
-0.262479
-0.200079
-0.325684
-0.302451
-0.227682
-0.404825
-0.129679
-0.915
-1.72
0.460109
2
-1.16232
-1.08842
0.455412
1.5
-0.62554
-0.436402
0.460435
1.2
0.235
0.22
0.89
1
0.335
1.26
0.419952
0.5
0.965
0.66
0.454863
0.5
2
1.175
0.8
0.300666
0.707107
-0.707107
0.9
0
1
0
0.475
0.68
0.511566
0.707107
-0.707107
0.45
0
1
0
-0.976524
0.105279
-0.015
0.38
-0.378027
1.40564
0.725
0.95
1.185
0.94
0.869108
0.644979
1.29503
0.647206
0.610189
-0.209969
0.485
-0.68
0.345
-0.41
0.045
-0.63
-1.1926
-0.512573
-1.63078
-1.43545
-1.0111
-1.70106
-0.733584
-1.81505
-0.426677
0.872198
-0.230672
1.07695
0.371549
1.03996
0.375918
0.839586
0.378104
0.7394
0.382473
0.539022
0.389029
0.238459
0.393399
0.0380842
0.395585
-0.0621036
0.399955
-0.262479
-0.200079
-0.325684
-0.302451
-0.227682
-0.404825
-0.129679
-0.885
-1.74
0.432897
2
-1.16232
-1.08842
0.455412
1.5
-0.735
-0.45
0.376962
1.2
0.155
0.18
0.934719
1
0.395
1.31
0.419952
0.5
1.015
0.64
0.454863
0.5
2
1.195
0.78
0.260192
0.707107
-0.707107
0.9
0
1
0
0.625
0.69
0.473814
0.707107
-0.707107
0.45
0
1
0
-0.976524
0.105279
-0.015
0.38
-0.378027
1.40564
0.785
0.95
1.205
0.95
0.869108
0.644979
1.32904
0.646647
0.645548
-0.190724
0.505
-0.67
0.355
-0.42
0.065
-0.65
-1.1926
-0.512573
-1.63078
-1.43545
-1.0111
-1.70106
-0.733584
-1.81505
-0.426677
0.872198
-0.230672
1.07695
0.371549
1.03996
0.375918
0.839586
0.378104
0.7394
0.382473
0.539022
0.389029
0.238459
0.393399
0.0380842
0.395585
-0.0621036
0.399955
-0.262479
-0.200079
-0.325684
-0.302451
-0.227682
-0.404825
-0.129679
-0.895
-1.75
0.470425
2
-1.16232
-1.08842
0.455412
1.5
-0.62554
-0.436402
0.460435
1.2
0.215
0.25
0.86267
1
0.475
1.26
0.419952
0.5
0.995
0.65
0.454863
0.5
2
1.195
0.79
0.28
0.707107
-0.707107
0.9
0
1
0
0.565
0.67
0.471275
0.707107
-0.707107
0.45
0
1
0
-0.976524
0.105279
-0.015
0.38
-0.378027
1.40564
0.845
0.95
1.285
0.95
0.869108
0.644979
1.36304
0.646088
0.678765
-0.169037
0.535
-0.68
0.385
-0.44
0.105
-0.67
-1.1926
-0.512573
-1.63078
-1.43545
-1.0111
-1.70106
-0.733584
-1.81505
-0.426677
0.872198
-0.230672
1.07695
0.371549
1.03996
0.375918
0.839586
0.378104
0.7394
0.382473
0.539022
0.389029
0.238459
0.393399
0.0380842
0.395585
-0.0621036
0.399955
-0.262479
-0.200079
-0.325684
-0.302451
-0.227682
-0.404825
-0.129679
-0.945
-1.75
0.500899
2
-1.16232
-1.08842
0.455412
1.5
-0.62554
-0.436402
0.460435
1.2
0.155
0.24
0.97509
1
0.545
1.21
0.419952
0.5
1.025
0.71
0.454863
0.5
2
1.295
0.79
0.25
0.707107
-0.707107
0.9
0
1
0
0.655
0.78
0.467547
0.707107
-0.707107
0.45
0
1
0
-0.976524
0.105279
-0.015
0.38
-0.378027
1.40564
0.775
0.93
1.295
0.93
0.869108
0.644979
1.39705
0.645529
0.705624
-0.148539
0.575
-0.69
0.445
-0.44
0.145
-0.68
-1.1926
-0.512573
-1.63078
-1.43545
-1.0111
-1.70106
-0.733584
-1.81505
-0.426677
0.872198
-0.230672
1.07695
0.371549
1.03996
0.375918
0.839586
0.378104
0.7394
0.382473
0.539022
0.389029
0.238459
0.393399
0.0380842
0.395585
-0.0621036
0.399955
-0.262479
-0.200079
-0.325684
-0.302451
-0.227682
-0.404825
-0.129679
-0.925
-1.78
0.470106
2
-1.16232
-1.08842
0.455412
1.5
-0.62554
-0.436402
0.460435
1.2
0.175
0.22
0.91706
1
0.545
1.24
0.419952
0.5
1.065
0.65
0.454863
0.5
2
1.355
0.78
0.2502
0.707107
-0.707107
0.9
0
1
0
0.655
0.71
0.470425
0.707107
-0.707107
0.45
0
1
0
-0.976524
0.105279
-0.015
0.38
-0.378027
1.40564
0.855
0.95
1.355
0.95
0.869108
0.644979
1.43106
0.64497
0.725007
-0.131836
0.605
-0.69
0.465
-0.43
0.195
-0.72
-1.1926
-0.512573
-1.63078
-1.43545
-1.0111
-1.70106
-0.733584
-1.81505
-0.426677
0.872198
-0.230672
1.07695
0.371549
1.03996
0.375918
0.839586
0.378104
0.7394
0.382473
0.539022
0.389029
0.238459
0.393399
0.0380842
0.395585
-0.0621036
0.399955
-0.262479
-0.200079
-0.325684
-0.302451
-0.227682
-0.404825
-0.129679
-0.905
-1.74
0.450111
2
-1.16232
-1.08842
0.455412
1.5
-0.62554
-0.436402
0.460435
1.2
0.335
0.23
0.983514
1
0.615
1.23
0.419952
0.5
1.045
0.65
0.454863
0.5
2
1.345
0.78
0.280179
0.707107
-0.707107
0.9
0
1
0
0.645
0.72
0.519711
0.707107
-0.707107
0.45
0
1
0
-0.976524
0.105279
-0.015
0.38
-0.378027
1.40564
0.861963
0.942524
1.385
0.94
0.869108
0.644979
1.46506
0.644411
0.759274
-0.0975747
0.635
-0.7
0.515
-0.37
0.215
-0.72
-1.1926
-0.512573
-1.63078
-1.43545
-1.0111
-1.70106
-0.733584
-1.81505
-0.426677
0.872198
-0.230672
1.07695
0.371549
1.03996
0.375918
0.839586
0.378104
0.7394
0.382473
0.539022
0.389029
0.238459
0.393399
0.0380842
0.395585
-0.0621036
0.399955
-0.262479
-0.200079
-0.325684
-0.302451
-0.227682
-0.404825
-0.129679
-0.885
-1.77
0.440954
2
-1.16232
-1.08842
0.450286
1.5
-0.695
-0.46
0.371214
1.2
0.355
0.18
1.00185
1
0.635
1.3
0.419952
0.5
1.105
0.65
0.454863
0.5
2
1.345
0.82
0.254951
0.707107
-0.707107
0.9
0
1
0
0.675
0.76
0.463249
0.707107
-0.707107
0.45
0
1
0
-0.976524
0.105279
-0.015
0.38
-0.378027
1.40564
0.863588
0.951092
1.475
0.95
0.869108
0.644979
1.49907
0.643852
0.783981
-0.0681557
0.675
-0.7
0.555
-0.33
0.245
-0.73
-1.1926
-0.512573
-1.63078
-1.43545
-1.0111
-1.70106
-0.733584
-1.81505
-0.426677
0.872198
-0.230672
1.07695
0.371549
1.03996
0.375918
0.839586
0.378104
0.7394
0.382473
0.539022
0.389029
0.238459
0.393399
0.0380842
0.395585
-0.0621036
0.399955
-0.262479
-0.200079
-0.325684
-0.302451
-0.227682
-0.404825
-0.129679
-0.905
-1.79
0.420476
2
-1.16232
-1.08842
0.455412
1.5
-0.62554
-0.436402
0.460435
1.2
0.365
0.25
0.981529
1
0.635
1.39
0.419952
0.5
1.165
0.62
0.454863
0.5
2
1.405
0.81
0.269258
0.707107
-0.707107
0.9
0
1
0
0.655
0.7
0.565685
0.707107
-0.707107
0.45
0
1
0
-0.976524
0.105279
-0.015
0.38
-0.378027
1.40564
0.865
0.96
1.475
0.97
0.869108
0.644979
1.53307
0.643294
0.755
-0.04
0.705
-0.68
0.535
-0.3
0.275
-0.71
-1.1926
-0.512573
-1.63078
-1.43545
-1.0111
-1.70106
-0.733584
-1.81505
-0.426677
0.872198
-0.230672
1.07695
0.371549
1.03996
0.375918
0.839586
0.378104
0.7394
0.382473
0.539022
0.389029
0.238459
0.393399
0.0380842
0.395585
-0.0621036
0.399955
-0.262479
-0.200079
-0.325684
-0.302451
-0.227682
-0.404825
-0.129679
-0.885
-1.73
0.461736
2
-1.16232
-1.08842
0.455412
1.5
-0.62554
-0.436402
0.460435
1.2
0.355
0.25
1.0021
1
0.535
1.37
0.419952
0.5
1.245
0.65
0.454863
0.5
2
1.495
0.79
0.251794
0.707107
-0.707107
0.9
0
1
0
0.825
0.73
0.480521
0.707107
-0.707107
0.45
0
1
0
-0.976524
0.105279
-0.015
0.38
-0.378027
1.40564
0.863862
0.95262
1.565
0.95
0.869108
0.644979
1.56708
0.642735
0.755
0
0.735
-0.68
0.545
-0.26
0.325
-0.69
-1.1926
-0.512573
-1.63078
-1.43545
-1.0111
-1.70106
-0.733584
-1.81505
-0.426677
0.872198
-0.230672
1.07695
0.371549
1.03996
0.375918
0.839586
0.378104
0.7394
0.382473
0.539022
0.389029
0.238459
0.393399
0.0380842
0.395585
-0.0621036
0.399955
-0.262479
-0.200079
-0.325684
-0.302451
-0.227682
-0.404825
-0.129679
-0.865
-1.78
0.448397
2
-1.16232
-1.08842
0.455412
1.5
-0.62554
-0.436402
0.421244
1.2
0.345
0.3
0.94541
1
0.465
1.3
0.419952
0.5
1.315
0.64
0.454863
0.5
2
1.575
0.77
0.271662
0.707107
-0.707107
0.9
0
1
0
0.805
0.76
0.514198
0.707107
-0.707107
0.45
0
1
0
-0.976524
0.105279
-0.015
0.38
-0.378027
1.40564
0.861976
0.942586
1.555
0.95
0.869108
0.644979
1.60109
0.642176
0.725
0.03
0.725
-0.62
0.555
-0.23
0.395
-0.7
-1.1926
-0.512573
-1.63078
-1.43545
-1.0111
-1.70106
-0.733584
-1.81505
-0.426677
0.872198
-0.230672
1.07695
0.371549
1.03996
0.375918
0.839586
0.378104
0.7394
0.382473
0.539022
0.389029
0.238459
0.393399
0.0380842
0.395585
-0.0621036
0.399955
-0.262479
-0.200079
-0.325684
-0.302451
-0.227682
-0.404825
-0.129679
-0.885
-1.77
0.450444
2
-1.16232
-1.08842
0.455412
1.5
-0.62554
-0.436402
0.460435
1.2
0.325
0.29
0.9272
1
0.465
1.31
0.419952
0.5
1.355
0.66
0.454863
0.5
2
1.595
0.76
0.271662
0.707107
-0.707107
0.9
0
1
0
0.845
0.71
0.5004
0.707107
-0.707107
0.45
0
1
0
-0.976524
0.105279
-0.015
0.38
-0.378027
1.40564
0.815
0.96
1.585
0.94
0.869108
0.644979
1.63509
0.641617
0.715
0.07
0.775
-0.61
0.555
-0.22
0.465
-0.69
-1.1926
-0.512573
-1.63078
-1.43545
-1.0111
-1.70106
-0.733584
-1.81505
-0.426677
0.872198
-0.230672
1.07695
0.371549
1.03996
0.375918
0.839586
0.378104
0.7394
0.382473
0.539022
0.389029
0.238459
0.393399
0.0380842
0.395585
-0.0621036
0.399955
-0.262479
-0.200079
-0.325684
-0.302451
-0.227682
-0.404825
-0.129679
-0.885
-1.77
0.451774
2
-1.16232
-1.08842
0.455412
1.5
-0.62554
-0.436402
0.460435
1.2
0.355
0.21
0.997246
1
0.365
1.29
0.419952
0.5
1.325
0.64
0.454863
0.5
2
1.605
0.78
0.261725
0.707107
-0.707107
0.9
0
1
0
0.915
0.77
0.425793
0.707107
-0.707107
0.45
0
1
0
-0.976524
0.105279
-0.015
0.38
-0.378027
1.40564
0.815
0.94
1.61495
0.931305
0.869108
0.644979
1.6691
0.641058
0.645
0.07
0.815
-0.56
0.525
-0.22
0.495
-0.66
-1.1926
-0.512573
-1.63078
-1.43545
-1.0111
-1.70106
-0.733584
-1.81505
-0.426677
0.872198
-0.230672
1.07695
0.371549
1.03996
0.375918
0.839586
0.378104
0.7394
0.382473
0.539022
0.389029
0.238459
0.393399
0.0380842
0.395585
-0.0621036
0.399955
-0.262479
-0.200079
-0.325684
-0.302451
-0.227682
-0.404825
-0.129679
-0.915
-1.77
0.441814
2
-1.16232
-1.08842
0.455412
1.5
-0.62554
-0.436402
0.460435
1.2
0.405
0.28
1.00424
1
0.405
1.38
0.419952
0.5
1.395
0.68
0.454863
0.5
2
1.645
0.76
0.264764
0.707107
-0.707107
0.9
0
1
0
0.915
0.69
0.430813
0.707107
-0.707107
0.45
0
1
0
-0.976524
0.105279
-0.015
0.38
-0.378027
1.40564
0.857398
0.921848
1.65736
0.929195
0.869108
0.644979
1.6691
0.641058
0.605
0.09
0.805
-0.48
0.505
-0.21
0.545
-0.58
-1.1926
-0.512573
-1.63078
-1.43545
-1.0111
-1.70106
-0.733584
-1.81505
-0.426677
0.872198
-0.230672
1.07695
0.371549
1.03996
0.375918
0.839586
0.378104
0.7394
0.382473
0.539022
0.389029
0.238459
0.393399
0.0380842
0.395585
-0.0621036
0.399955
-0.262479
-0.200079
-0.325684
-0.302451
-0.227682
-0.404825
-0.129679
-0.855
-1.77
0.463897
2
-1.16232
-1.08842
0.455412
1.5
-0.62554
-0.436402
0.460435
1.2
0.365
0.25
0.995389
1
0.395
1.34
0.419952
0.5
1.325
0.64
0.454863
0.5
2
1.705
0.74
0.254951
0.707107
-0.707107
0.9
0
1
0
0.905
0.67
0.580775
0.707107
-0.707107
0.45
0
1
0
-0.976524
0.105279
-0.015
0.38
-0.378027
1.40564
0.835
0.95
1.635
0.95
0.869108
0.644979
1.6691
0.641058
0.545
0.11
0.885
-0.39
0.505
-0.24
0.605
-0.53
-1.1926
-0.512573
-1.63078
-1.43545
-1.0111
-1.70106
-0.733584
-1.81505
-0.426677
0.872198
-0.230672
1.07695
0.371549
1.03996
0.375918
0.839586
0.378104
0.7394
0.382473
0.539022
0.389029
0.238459
0.393399
0.0380842
0.395585
-0.0621036
0.399955
-0.262479
-0.200079
-0.325684
-0.302451
-0.227682
-0.404825
-0.129679
-0.905
-1.74
0.520096
2
-1.16232
-1.08842
0.455412
1.5
-0.62554
-0.436402
0.460435
1.2
0.405
0.32
0.9993
1
0.315
1.15
0.419952
0.5
1.495
0.63
0.454863
0.5
2
1.695
0.77
0.245967
0.707107
-0.707107
0.9
0
1
0
0.955
0.74
0.45607
0.707107
-0.707107
0.45
0
1
0
-0.976524
0.105279
-0.015
0.38
-0.378027
1.40564
0.86448
0.956178
1.66437
0.94276
0.869108
0.644979
1.6691
0.641058
0.545
0.14
0.865
-0.25
0.525
-0.18
0.675
-0.47
-1.1926
-0.512573
-1.63078
-1.43545
-1.0111
-1.70106
-0.733584
-1.81505
-0.426677
0.872198
-0.230672
1.07695
0.371549
1.03996
0.375918
0.839586
0.378104
0.7394
0.382473
0.539022
0.389029
0.238459
0.393399
0.0380842
0.395585
-0.0621036
0.399955
-0.262479
-0.200079
-0.325684
-0.302451
-0.227682
-0.404825
-0.129679
-0.835
-1.77
0.393954
2
-1.16232
-1.08842
0.455412
1.5
-0.62554
-0.436402
0.460435
1.2
0.315
0.31
0.955667
1
0.325
1.17
0.419952
0.5
1.425
0.64
0.454863
0.5
2
1.705
0.79
0.288444
0.707107
-0.707107
0.9
0
1
0
0.915
0.72
0.497393
0.707107
-0.707107
0.45
0
1
0
-0.962556
0.0634659
-0.015
0.38
-0.428408
1.38499
0.834867
1.00528
1.555
1.03
0.853706
0.688524
1.61205
0.720529
0.55563
0.168577
0.894344
-0.204477
0.551674
-0.151642
0.715804
-0.433437
-1.1238
-0.586286
-1.42789
-1.48273
-0.868051
-1.72053
-0.585513
-1.82037
-0.450275
0.85042
-0.264982
1.06446
0.337619
1.05767
0.351992
0.858005
0.359181
0.758172
0.373555
0.558501
0.395118
0.259
0.409494
0.0593318
0.416681
-0.0405024
0.431057
-0.24017
-0.164354
-0.333214
-0.271375
-0.240567
-0.378398
-0.147921
-0.725
-1.78
0.411096
2
-1.08612
-1.14218
0.455412
1.5
-0.583243
-0.464928
0.460435
1.2
0.345
0.3
0.974987
1
0.315
1.13
0.419952
0.5
1.385
0.65
0.454863
0.5
0
-0.955572
0.0425594
-0.015
0.38
-0.453598
1.37467
0.745
1.02
1.465
1.07
0.846006
0.710297
1.58352
0.760265
0.560945
0.182865
0.909015
-0.181716
0.565011
-0.137464
0.736206
-0.415156
-1.0894
-0.623143
-1.32644
-1.50636
-0.796525
-1.73027
-0.511477
-1.82303
-0.462074
0.839531
-0.282137
1.05822
0.320653
1.06653
0.34003
0.867214
0.349719
0.767558
0.369096
0.568241
0.398163
0.26927
0.417541
0.0699556
0.42723
-0.0297018
0.446608
-0.229016
-0.146492
-0.336979
-0.255837
-0.24701
-0.365185
-0.157042
-0.655
-1.78
0.393954
2
-1.04803
-1.16907
0.455412
1.5
-0.562095
-0.479191
0.460435
1.2
0.335
0.31
0.932148
1
0.345
1.15
0.419952
0.5
1.355
0.78
0.454863
0.5
0
-0.948588
0.0216529
-0.015
0.38
-0.478788
1.36435
0.645
1.02
1.375
1.1
0.838305
0.732069
1.555
0.8
0.56626
0.197153
0.923687
-0.158954
0.578348
-0.123285
0.756607
-0.396875
-1.055
-0.66
-1.225
-1.53
-0.725
-1.74
-0.437441
-1.82569
-0.473873
0.828642
-0.299292
1.05198
0.303688
1.07539
0.328067
0.876424
0.340257
0.776944
0.364637
0.577981
0.401207
0.27954
0.425588
0.0805794
0.437778
-0.0189012
0.462159
-0.217862
-0.128629
-0.340744
-0.240299
-0.253453
-0.351971
-0.166163
-0.595
-1.78
0.393954
2
-1.00993
-1.19595
0.455412
1.5
-0.540947
-0.493454
0.460435
1.2
0.255
0.32
0.868332
1
0.325
1.13
0.419952
0.5
1.345
0.78
0.454863
0.5
0
-0.937691
0.0037397
-0.015
0.38
-0.502128
1.35196
0.615
1.04
1.355
1.13
0.807479
0.751552
1.5125
0.8375
0.585945
0.212865
0.959015
-0.114216
0.592511
-0.107464
0.783706
-0.377656
-1.0175
-0.71
-1.1475
-1.565
-0.6675
-1.79
-0.378195
-1.86862
-0.484226
0.816995
-0.315263
1.04431
0.286453
1.08231
0.31563
0.884172
0.330219
0.785103
0.359397
0.58696
0.403164
0.289751
0.432342
0.0916114
0.446931
-0.00745864
0.476109
-0.205598
-0.111016
-0.342668
-0.224675
-0.258187
-0.338335
-0.173706
-0.575
-1.84
0.393954
2
-0.970555
-1.21826
0.455412
1.5
-0.519154
-0.505203
0.460435
1.2
0.265
0.32
0.861626
1
0.265
1.13
0.419952
0.5
1.285
0.73
0.454863
0.5
0
-0.926794
-0.0141735
-0.015
0.38
-0.525468
1.33958
0.615
1.05
1.285
1.14
0.776652
0.771035
1.47
0.875
0.60563
0.228577
0.994344
-0.069477
0.606674
-0.0916424
0.810804
-0.358437
-0.98
-0.76
-1.07
-1.6
-0.61
-1.84
-0.318948
-1.91154
-0.494578
0.805347
-0.331234
1.03664
0.269219
1.08924
0.303193
0.89192
0.320181
0.793262
0.354156
0.59594
0.40512
0.299962
0.439096
0.102643
0.456083
0.00398389
0.490059
-0.193335
-0.0934037
-0.344592
-0.209051
-0.26292
-0.324699
-0.181249
-0.495
-1.85
0.393954
2
-0.931182
-1.24058
0.455412
1.5
-0.497361
-0.516952
0.460435
1.2
0.275
0.33
0.894986
1
0.305
1.12
0.419952
0.5
1.275
0.8
0.454863
0.5
0
-0.915897
-0.0320868
-0.015
0.38
-0.548808
1.32719
0.555
1.06
1.245
1.19
0.745826
0.790517
1.4275
0.9125
0.625315
0.244288
1.02967
-0.0247385
0.620837
-0.0758212
0.837902
-0.339219
-0.9425
-0.81
-0.9925
-1.635
-0.5525
-1.89
-0.259702
-1.95447
-0.50493
0.793699
-0.347205
1.02897
0.251985
1.09617
0.290757
0.899668
0.310144
0.80142
0.348916
0.604919
0.407076
0.310173
0.44585
0.113676
0.465236
0.0154264
0.50401
-0.181071
-0.0757909
-0.346516
-0.193426
-0.267654
-0.311063
-0.188791
-0.445
-1.92
0.393954
2
-0.891809
-1.26289
0.455412
1.5
-0.475569
-0.5287
0.460435
1.2
0.275
0.31
0.893197
1
0.325
1.17
0.419952
0.5
1.305
0.86
0.454863
0.5
0
-0.905
-0.05
-0.015
0.38
-0.572148
1.3148
0.525
1.09
1.185
1.22
0.715
0.81
1.385
0.95
0.645
0.26
1.065
0.02
0.635
-0.06
0.865
-0.32
-0.905
-0.86
-0.915
-1.67
-0.495
-1.94
-0.200455
-1.9974
-0.515282
0.782051
-0.363175
1.0213
0.23475
1.10309
0.27832
0.907416
0.300106
0.809579
0.343676
0.613899
0.409032
0.320384
0.452604
0.124708
0.474389
0.0268689
0.51796
-0.168808
-0.0581782
-0.348441
-0.177802
-0.272387
-0.297427
-0.196334
-0.325
-1.91
0.393954
2
-0.852436
-1.2852
0.455412
1.5
-0.453776
-0.540449
0.460435
1.2
0.255
0.35
0.888651
1
0.285
1.17
0.419952
0.5
1.135
0.86
0.454863
0.5
0
-0.8975
-0.07
-0.015
0.38
-0.595772
1.29906
0.515
1.12
1.045
1.27
0.702835
0.828455
1.3425
0.9925
0.6625
0.2725
1.08
0.035
0.65
-0.0325
0.8925
-0.295
-0.8425
-0.89
-0.835
-1.6975
-0.4225
-1.965
-0.126848
-2.01465
-0.525099
0.768487
-0.379427
1.01138
0.215581
1.10865
0.264191
0.914364
0.288498
0.817224
0.337109
0.622937
0.410028
0.331511
0.45864
0.137227
0.482946
0.0400852
0.531558
-0.154198
-0.0391411
-0.348607
-0.160589
-0.27577
-0.282038
-0.202934
-0.305
-1.9
0.393954
2
-0.807945
-1.30483
0.455412
1.5
-0.429215
-0.55067
0.460435
1.2
0.325
0.35
0.869253
1
0.355
1.24
0.419952
0.5
1.065
0.91
0.454863
0.5
0
-0.89
-0.09
-0.015
0.38
-0.619396
1.28331
0.535
1.11
1.015
1.25
0.69067
0.84691
1.3
1.035
0.68
0.285
1.095
0.05
0.665
-0.005
0.92
-0.27
-0.78
-0.92
-0.755
-1.725
-0.35
-1.99
-0.0532398
-2.0319
-0.534917
0.754922
-0.395678
1.00147
0.196411
1.11421
0.250063
0.921313
0.27689
0.824869
0.330543
0.631975
0.411023
0.342638
0.464676
0.149747
0.491503
0.0533015
0.545157
-0.139589
-0.0201041
-0.348773
-0.143376
-0.279154
-0.266649
-0.209535
-0.195
-2.01
0.430465
2
-0.665
-1.34
0.455412
1.5
-0.404655
-0.560891
0.460435
1.2
0.325
0.41
0.917606
1
0.345
1.21
0.419952
0.5
1.065
0.91
0.454863
0.5
0
-0.8825
-0.11
-0.015
0.38
-0.64302
1.26756
0.475
1.12
0.965
1.31
0.678505
0.865364
1.2575
1.0775
0.6975
0.2975
1.11
0.065
0.68
0.0225
0.9475
-0.245
-0.7175
-0.95
-0.675
-1.7525
-0.2775
-2.015
0.020368
-2.04915
-0.544734
0.741358
-0.41193
0.991552
0.177241
1.11976
0.235935
0.928262
0.265282
0.832514
0.323976
0.641012
0.412018
0.353765
0.470713
0.162267
0.50006
0.0665178
0.558755
-0.12498
-0.00106704
-0.348939
-0.126163
-0.282537
-0.251261
-0.216135
-0.145
-2.01
0.431856
2
-0.615
-1.3
0.455412
1.5
-0.380094
-0.571113
0.460435
1.2
0.345
0.42
0.89822
1
0.275
1.23
0.419952
0.5
1.005
0.99
0.454863
0.5
0
-0.875
-0.13
-0.015
0.38
-0.666643
1.25181
0.465
1.16
0.865
1.32
0.66634
0.883819
1.215
1.12
0.715
0.31
1.125
0.08
0.695
0.05
0.975
-0.22
-0.655
-0.98
-0.595
-1.78
-0.205
-2.04
0.0939758
-2.0664
-0.554551
0.727793
-0.428181
0.981636
0.158072
1.12532
0.221806
0.93521
0.253674
0.840158
0.31741
0.65005
0.413013
0.364892
0.476749
0.174787
0.508617
0.079734
0.572353
-0.110371
0.01797
-0.349106
-0.10895
-0.28592
-0.235872
-0.222735
-0.075
-2.03
0.44
2
-0.505
-1.4
0.455412
1.5
-0.355533
-0.581334
0.460435
1.2
0.395
0.52
0.941116
1
0.365
1.29
0.419952
0.5
0.935
1.08
0.454863
0.5
0
-0.859718
-0.152876
-0.015
0.38
-0.692187
1.23019
0.405
1.17
0.765
1.35
0.648505
0.912865
1.155
1.1675
0.705
0.34
1.1125
0.15
0.703805
0.0724064
0.995
-0.17
-0.5875
-1.0125
-0.505
-1.7975
-0.1075
-2.045
0.191729
-2.06217
-0.564221
0.710585
-0.445877
0.967833
0.134874
1.12924
0.204324
0.941444
0.23905
0.847547
0.308502
0.659749
0.41268
0.378057
0.482131
0.190262
0.516857
0.0963645
0.586309
-0.0914299
0.0402865
-0.346735
-0.0883367
-0.287563
-0.216961
-0.228391
0.015
-1.97
0.461736
2
-0.405
-1.24
0.455412
1.5
-0.185
-0.44
0.460435
1.2
0.425
0.57
0.933916
1
0.335
1.27
0.419952
0.5
0.875
1.04
0.454863
0.5
0
-0.844435
-0.175751
-0.015
0.38
-0.717731
1.20856
0.405
1.18
0.715
1.42
0.63067
0.94191
1.095
1.215
0.695
0.37
1.1
0.22
0.712611
0.0948129
1.015
-0.12
-0.52
-1.045
-0.415
-1.815
-0.01
-2.05
0.289482
-2.05795
-0.57389
0.693377
-0.463572
0.95403
0.111676
1.13316
0.186842
0.947677
0.224426
0.854936
0.299594
0.669448
0.412346
0.391222
0.487513
0.205738
0.525097
0.112995
0.600265
-0.072489
0.0626029
-0.344365
-0.067723
-0.289205
-0.19805
-0.234047
0.155
-2.05
0.393954
2
-0.315
-1.41
0.455412
1.5
-0.295253
-0.598654
0.460435
1.2
-0.015
0.38
0.7
1
0.625
1.24
0.53
0.5
0.835
0.11
0.454863
0.5
0
-0.813871
-0.221503
-0.015
0.38
-0.768818
1.16532
0.355
1.27
0.535
1.5
0.595
1
0.975
1.31
0.675
0.43
1.075
0.36
0.730222
0.139626
1.055
-0.02
-0.385
-1.11
-0.235
-1.85
0.185
-2.06
0.484988
-2.0495
-0.593228
0.658961
-0.498963
0.926425
0.0652798
1.14101
0.151879
0.960144
0.195179
0.869713
0.281778
0.688847
0.411678
0.417552
0.498278
0.236688
0.541577
0.146256
0.628177
-0.0346071
0.107236
-0.339623
-0.0264957
-0.292491
-0.160229
-0.245359
0.325
-2.03
0.441814
2
-0.145
-1.43
0.455412
1.5
-0.234973
-0.615975
0.460435
1.2
-0.015
0.38
0.7
1
0.585
1.3
0.506952
0.5
0.865
0.13
0.454863
0.5
0
-0.811422
-0.214759
-0.01125
0.385
-0.76966
1.16537
0.345
1.21
0.425
1.47
0.5525
0.9675
0.8525
1.2675
0.6975
0.385
1.065
0.2525
0.741416
0.0847193
0.9975
-0.12
-0.4025
-1.02
-0.31
-1.8575
0.135
-2.055
0.433464
-2.06223
-0.590998
0.660282
-0.498423
0.928234
0.0642908
1.14623
0.151978
0.96597
0.195822
0.87584
0.283511
0.695574
0.415043
0.425179
0.502732
0.244916
0.546575
0.154785
0.634264
-0.0254781
0.115396
-0.33361
-0.0185791
-0.287322
-0.152556
-0.241035
0.255
-2.05
0.417732
2
-0.245
-1.46
0.455412
1.5
-0.22498
-0.611981
0.460435
1.2
-0.01125
0.385
0.7
1
0.475
1.2
0.468402
0.5
0.875
0.13
0.454863
0.5
0
-0.808973
-0.208015
-0.0075
0.39
-0.770502
1.16542
0.315
1.2
0.365
1.44
0.51
0.935
0.73
1.225
0.72
0.34
1.055
0.145
0.752611
0.0298129
0.94
-0.22
-0.42
-0.93
-0.385
-1.865
0.085
-2.05
0.38194
-2.07497
-0.588768
0.661603
-0.497882
0.930044
0.0633018
1.15146
0.152078
0.971795
0.196466
0.881966
0.285243
0.7023
0.418408
0.432807
0.507185
0.253145
0.551574
0.163313
0.640351
-0.0163491
0.123557
-0.327596
-0.0106626
-0.282153
-0.144883
-0.23671
0.255
-2.06
0.47
2
-0.225
-1.43
0.455412
1.5
-0.214987
-0.607988
0.460435
1.2
-0.0075
0.39
0.7
1
0.445
1.19
0.419952
0.5
0.795
0.02
0.454863
0.5
0
-0.806524
-0.201272
-0.00375
0.395
-0.771343
1.16548
0.2475
1.185
0.2475
1.4
0.4675
0.9025
0.6075
1.1825
0.7425
0.295
1.045
0.0375
0.763805
-0.0250936
0.8825
-0.32
-0.4375
-0.84
-0.46
-1.8725
0.035
-2.045
0.330415
-2.0877
-0.586539
0.662925
-0.497342
0.931853
0.0623128
1.15668
0.152177
0.977621
0.19711
0.888092
0.286976
0.709027
0.421774
0.440434
0.511639
0.261373
0.556572
0.171842
0.646437
-0.00722007
0.131717
-0.321583
-0.00274602
-0.276984
-0.137211
-0.232386
0.215
-2.05
0.441022
2
-0.265
-1.42
0.455412
1.5
-0.204993
-0.603994
0.460435
1.2
-0.00375
0.395
0.7
1
0.415
1.17
0.419952
0.5
0.815
0.05
0.454863
0.5
0
-0.804075
-0.194528
0
0.4
-0.772185
1.16553
0.215
1.15
0.235
1.35
0.425
0.87
0.485
1.14
0.765
0.25
1.035
-0.07
0.775
-0.08
0.825
-0.42
-0.455
-0.75
-0.535
-1.88
-0.015
-2.04
0.278891
-2.10044
-0.584309
0.664246
-0.496801
0.933662
0.0613238
1.16191
0.152277
0.983447
0.197754
0.894218
0.288708
0.715754
0.425139
0.448062
0.516093
0.269601
0.56157
0.18037
0.652524
0.00190893
0.139878
-0.315569
0.00517054
-0.271815
-0.129538
-0.228062
0.115
-2.06
0.393954
2
-0.395
-1.42
0.455412
1.5
-0.195
-0.6
0.460435
1.2
0
0.4
0.7
1
0.378989
1.33967
0.419952
0.5
0.725
-0.12
0.454863
0.5
0
