103
10
15
13
6
-0.7048
-0.309406
0
0.4
-0.856164
1.07263
0.085
1.24
-0.005
1.65
0.445
1.17
0.385
1.62
0.715
0.56
1.08782
0.444612
0.815
0.25
1.045
-0.00999999
-0.065
-0.71
-0.085
-1.66
0.135
-2.03
0.434833
-2.03999
-0.620426
0.56186
-0.57963
0.842138
-0.0680835
1.16123
0.051657
1.00069
0.111527
0.920423
0.231268
0.759884
0.410879
0.519079
0.53062
0.358543
0.590491
0.278274
0.710231
0.117738
0.258556
-0.281619
0.118418
-0.261221
-0.0217212
-0.240824
0.285
-2.01
0.378021
2
0.005
-1.33
0.380789
1.5
0.005
-0.6
0.400714
1.2
0
0.4
0.7
1
0.215
1.39
0.419952
0.5
0.855
0.29
0.403113
0.5
0
-0.5936
-0.327055
0.05125
0.4025
-0.843789
1.00783
0.0825
1.24
-0.0025
1.65
0.4425
1.17
0.4025
1.62
0.74
0.625
1.10461
0.573459
0.8675
0.3275
1.115
0.145
0.045
-0.7
0.0925
-1.6525
0.356592
-1.9934
0.6541
-1.9821
-0.574342
0.518884
-0.553763
0.799212
-0.0699347
1.15123
0.0599395
1.00077
0.124876
0.925544
0.254751
0.775088
0.449562
0.549408
0.579436
0.398956
0.644374
0.323729
0.774247
0.173277
0.355356
-0.25396
0.215194
-0.24367
0.0750296
-0.233382
0.503662
-1.963
0.378021
2
0.178443
-1.30966
0.380789
1.5
0.12686
-0.587039
0.400714
1.2
0.05125
0.4025
0.7
1
0.194122
1.39769
0.419952
0.5
0.905381
0.354027
0.403113
0.5
0
-0.4824
-0.344703
0.1025
0.405
-0.831414
0.943038
0.08
1.24
1.39698e-09
1.65
0.44
1.17
0.42
1.62
0.765
0.69
1.12141
0.702306
0.92
0.405
1.185
0.3
0.155
-0.69
0.27
-1.645
0.578183
-1.9568
0.873367
-1.92421
-0.528258
0.475908
-0.527897
0.756285
-0.0717858
1.14122
0.068222
1.00085
0.138225
0.930664
0.278233
0.790292
0.488244
0.579738
0.628252
0.439369
0.698256
0.369184
0.838263
0.228815
0.452157
-0.2263
0.311969
-0.226119
0.17178
-0.225939
0.722324
-1.916
0.378021
2
0.351886
-1.28932
0.380789
1.5
0.248721
-0.574078
0.400714
1.2
0.1025
0.405
0.7
1
0.173245
1.40537
0.419952
0.5
0.955761
0.418054
0.403113
0.5
0
-0.3712
-0.362351
0.15375
0.4075
-0.819039
0.878242
0.0775
1.24
0.0025
1.65
0.4375
1.17
0.4375
1.62
0.79
0.755
1.13821
0.831153
0.9725
0.4825
1.255
0.455
0.265
-0.68
0.4475
-1.6375
0.799775
-1.9202
1.09263
-1.86633
-0.482174
0.432932
-0.50203
0.713359
-0.0736369
1.13122
0.0765044
1.00093
0.151574
0.935785
0.301716
0.805496
0.526927
0.610067
0.677068
0.479782
0.752139
0.414639
0.902279
0.284354
0.548957
-0.198641
0.408745
-0.208568
0.268531
-0.218497
0.940987
-1.86901
0.378021
2
0.525329
-1.26898
0.380789
1.5
0.370581
-0.561117
0.400714
1.2
0.15375
0.4075
0.7
1
0.152367
1.41306
0.419952
0.5
1.00614
0.482081
0.403113
0.5
0
-0.26
-0.38
0.205
0.41
-0.806664
0.813447
0.075
1.24
0.005
1.65
0.435
1.17
0.455
1.62
0.815
0.82
1.155
0.96
1.025
0.56
1.325
0.61
0.375
-0.67
0.625
-1.63
1.02137
-1.8836
1.3119
-1.80844
-0.436091
0.389956
-0.476163
0.670433
-0.0754881
1.12121
0.0847869
1.00101
0.164923
0.940905
0.325199
0.8207
0.56561
0.640397
0.725884
0.520196
0.806022
0.460094
0.966295
0.339893
0.645758
-0.170982
0.50552
-0.191017
0.365282
-0.211054
1.15965
-1.82201
0.378021
2
0.698771
-1.24864
0.380789
1.5
0.492441
-0.548156
0.400714
1.2
0.205
0.41
0.7
1
0.225
1.37
0.419952
0.5
1.075
0.72
0.403113
0.5
0
-0.12375
-0.3825
0.27
0.4175
-0.761036
0.728532
0.0775
1.24
1.86265e-09
1.65
0.435
1.1675
0.4475
1.62
0.8425
0.88
1.135
1.075
1.0825
0.6525
1.35
0.775
0.485
-0.64
0.79
-1.56
1.21477
-1.7777
1.50111
-1.69065
-0.359821
0.343004
-0.423249
0.615877
-0.0670459
1.09415
0.101105
0.989428
0.18518
0.937067
0.353332
0.832342
0.605557
0.675259
0.773707
0.570538
0.857783
0.518176
1.02593
0.413455
0.753804
-0.117177
0.617369
-0.148891
0.480932
-0.180606
1.315
-1.74
0.437378
2
0.765
-1.24
0.380789
1.5
0.634985
-0.501822
0.400714
1.2
0.27
0.4175
0.7
1
0.265
1.42
0.419952
0.5
1.045
0.78
0.403113
0.5
0
0.0124999
-0.385
0.335
0.425
-0.715409
0.643618
0.08
1.24
-0.005
1.65
0.435
1.165
0.44
1.62
0.87
0.94
1.115
1.19
1.14
0.745
1.375
0.94
0.595
-0.61
0.955
-1.49
1.40818
-1.6718
1.69033
-1.57286
-0.283551
0.296052
-0.370336
0.56132
-0.0586036
1.0671
0.117424
0.97785
0.205436
0.93323
0.381464
0.843984
0.645504
0.710121
0.82153
0.62088
0.909544
0.576259
1.08557
0.487017
0.86185
-0.0633733
0.729217
-0.106765
0.596583
-0.150158
1.605
-1.63
0.378021
2
0.965
-1.22
0.425441
1.5
0.695
-0.47
0.400714
1.2
0.335
0.425
0.7
1
0.245
1.34
0.419952
0.5
1.105
0.93
0.403113
0.5
0
0.14875
-0.3875
0.4
0.4325
-0.669782
0.558704
0.0825
1.24
-0.01
1.65
0.435
1.1625
0.4325
1.62
0.8975
1
1.095
1.305
1.1975
0.8375
1.4
1.105
0.705
-0.58
1.12
-1.42
1.60159
-1.5659
1.87954
-1.45507
-0.207281
0.249099
-0.317422
0.506764
-0.0501614
1.04004
0.133743
0.966272
0.225693
0.929392
0.409597
0.855627
0.685451
0.744983
0.869353
0.671222
0.961305
0.634341
1.14521
0.560579
0.969896
-0.00956919
0.841065
-0.064639
0.712233
-0.11971
1.715
-1.53
0.434166
2
1.115
-1.12
0.380789
1.5
0.875
-0.41
0.400714
1.2
0.4
0.4325
0.7
1
0.245
1.41
0.419952
0.5
1.165
1.03
0.403113
0.5
0
0.285
-0.39
0.465
0.44
-0.624154
0.473789
0.085
1.24
-0.015
1.65
0.435
1.16
0.425
1.62
0.925
1.06
1.075
1.42
1.255
0.93
1.445
1.29
0.815
-0.55
1.285
-1.35
1.795
-1.46
2.06875
-1.33728
-0.131011
0.202147
-0.264508
0.452208
-0.0417192
1.01298
0.150061
0.954694
0.245949
0.925554
0.43773
0.867269
0.725398
0.779845
0.917176
0.721564
1.01307
0.692423
1.20484
0.634142
1.07794
0.0442349
0.952914
-0.0225129
0.827883
-0.0892621
1.935
-1.39
0.408534
2
1.305
-1.14
0.432666
1.5
0.995
-0.41
0.400714
1.2
0.465
0.44
0.7
1
0.235
1.41
0.419952
0.5
1.175
1.1
0.403113
0.5
0
0.3925
-0.355
0.5175
0.4575
-0.562977
0.413741
0.0925
1.235
-0.0125
1.6475
0.4475
1.1675
0.425
1.6175
0.9425
1.095
1.045
1.4725
1.285
1
1.445
1.38
0.91
-0.52
1.43
-1.2775
1.955
-1.34
2.2278
-1.21524
-0.0555915
0.179817
-0.205457
0.417872
-0.0246836
0.988736
0.169279
0.944637
0.266258
0.92259
0.46022
0.878492
0.751161
0.812349
0.945121
0.768255
1.0421
0.746207
1.23606
0.702112
1.15226
0.109207
1.03324
0.0342747
0.914211
-0.0406587
2.1
-1.27
0.408534
2
1.425
-1.0625
0.432666
1.5
1.0775
-0.36
0.400714
1.2
0.5175
0.4575
0.7
1
0.2425
1.3975
0.419952
0.5
1.1735
1.16112
0.403113
0.5
0
0.5
-0.32
0.57
0.475
-0.5018
0.353693
0.1
1.23
-0.01
1.645
0.46
1.175
0.425
1.615
0.96
1.13
1.015
1.525
1.315
1.07
1.445
1.47
1.005
-0.49
1.575
-1.205
2.115
-1.22
2.38685
-1.0932
0.0198278
0.157486
-0.146406
0.383537
-0.0076481
0.964492
0.188496
0.934581
0.286566
0.919627
0.482711
0.889715
0.776924
0.844852
0.973065
0.814945
1.07114
0.79999
1.26728
0.770082
1.22659
0.174178
1.11356
0.0910624
1.00054
0.00794481
2.265
-1.15
0.408534
2
1.545
-0.985
0.432666
1.5
1.16
-0.31
0.400714
1.2
0.57
0.475
0.7
1
0.25
1.385
0.419952
0.5
1.172
1.22224
0.403113
0.5
0
0.6075
-0.285
0.6225
0.4925
-0.440623
0.293644
0.1075
1.225
-0.0075
1.6425
0.4725
1.1825
0.425
1.6125
0.9775
1.165
0.985
1.5775
1.345
1.14
1.445
1.56
1.1
-0.46
1.72
-1.1325
2.275
-1.1
2.5459
-0.971159
0.0952471
0.135156
-0.0873555
0.349202
0.00938744
0.940249
0.207714
0.924524
0.306874
0.916663
0.505201
0.900939
0.802687
0.877356
1.00101
0.861635
1.10017
0.853774
1.29849
0.838052
1.30091
0.23915
1.19389
0.14785
1.08687
0.0565483
2.43
-1.03
0.408534
2
1.665
-0.9075
0.432666
1.5
1.2425
-0.26
0.400714
1.2
0.6225
0.4925
0.7
1
0.2575
1.3725
0.419952
0.5
1.17049
1.28336
0.403113
0.5
0
0.715
-0.25
0.675
0.51
-0.379446
0.233596
0.115
1.22
-0.005
1.64
0.485
1.19
0.425
1.61
0.995
1.2
0.955
1.63
1.375
1.21
1.445
1.65
1.195
-0.43
1.865
-1.06
2.435
-0.98
2.70494
-0.849118
0.170666
0.112826
-0.0283048
0.314866
0.026423
0.916005
0.226931
0.914467
0.327183
0.9137
0.527691
0.912162
0.828449
0.909859
1.02895
0.908325
1.12921
0.907557
1.32971
0.906023
1.37523
0.304122
1.27421
0.204638
1.17319
0.105152
2.595
-0.91
0.439659
2
1.785
-0.83
0.432666
1.5
1.325
-0.21
0.400714
1.2
0.675
0.51
0.7
1
0.265
1.36
0.462277
0.5
1.16899
1.34448
0.482618
0.5
0
0.715
-0.25
0.675
0.51
-0.379446
0.233596
0.115
1.22
-0.005
1.64
0.485
1.19
0.425
1.61
0.995
1.2
0.955
1.63
1.375
1.21
1.445
1.65
1.19688
-0.420625
1.78406
-1.04344
2.37094
-0.972188
2.64175
-0.844256
0.170666
0.112826
-0.0283048
0.314866
0.026423
0.916005
0.226931
0.914467
0.327183
0.9137
0.527691
0.912162
0.828449
0.909859
1.02895
0.908325
1.12921
0.907557
1.32971
0.906023
1.37523
0.304122
1.27421
0.204638
1.17319
0.105152
2.53031
-0.904688
0.439659
2
1.74062
-0.822187
0.432666
1.5
1.315
-0.195937
0.400714
1.2
0.675
0.51
0.7
1
0.265
1.36
0.462277
0.5
1.16899
1.34448
0.482618
0.5
0
0.715
-0.25
0.675
0.51
-0.379446
0.233596
0.115
1.22
-0.005
1.64
0.485
1.19
0.425
1.61
0.995
1.2
0.955
1.63
1.375
1.21
1.445
1.65
1.19875
-0.41125
1.70313
-1.02688
2.30687
-0.964375
2.57856
-0.839394
0.170666
0.112826
-0.0283048
0.314866
0.026423
0.916005
0.226931
0.914467
0.327183
0.9137
0.527691
0.912162
0.828449
0.909859
1.02895
0.908325
1.12921
0.907557
1.32971
0.906023
1.37523
0.304122
1.27421
0.204638
1.17319
0.105152
2.46562
-0.899375
0.439659
2
1.69625
-0.814375
0.432666
1.5
1.305
-0.181875
0.400714
1.2
0.675
0.51
0.7
1
0.265
1.36
0.462277
0.5
1.16899
1.34448
0.482618
0.5
0
0.715
-0.25
0.675
0.51
-0.379446
0.233596
0.115
1.22
-0.005
1.64
0.485
1.19
0.425
1.61
0.995
1.2
0.955
1.63
1.375
1.21
1.445
1.65
1.20063
-0.401875
1.62219
-1.01031
2.24281
-0.956563
2.51537
-0.834532
0.170666
0.112826
-0.0283048
0.314866
0.026423
0.916005
0.226931
0.914467
0.327183
0.9137
0.527691
0.912162
0.828449
0.909859
1.02895
0.908325
1.12921
0.907557
1.32971
0.906023
1.37523
0.304122
1.27421
0.204638
1.17319
0.105152
2.40094
-0.894063
0.439659
2
1.65188
-0.806562
0.432666
1.5
1.295
-0.167812
0.400714
1.2
0.675
0.51
0.7
1
0.265
1.36
0.462277
0.5
1.16899
1.34448
0.482618
0.5
0
0.715
-0.25
0.675
0.51
-0.379446
0.233596
0.115
1.22
-0.005
1.64
0.485
1.19
0.425
1.61
0.995
1.2
0.955
1.63
1.375
1.21
1.445
1.65
1.2025
-0.3925
1.54125
-0.99375
2.17875
-0.94875
2.45217
-0.82967
0.170666
0.112826
-0.0283048
0.314866
0.026423
0.916005
0.226931
0.914467
0.327183
0.9137
0.527691
0.912162
0.828449
0.909859
1.02895
0.908325
1.12921
0.907557
1.32971
0.906023
1.37523
0.304122
1.27421
0.204638
1.17319
0.105152
2.33625
-0.88875
0.439659
2
1.6075
-0.79875
0.432666
1.5
1.285
-0.15375
0.400714
1.2
0.675
0.51
0.7
1
0.265
1.36
0.462277
0.5
1.16899
1.34448
0.482618
0.5
0
0.715
-0.25
0.675
0.51
-0.379446
0.233596
0.115
1.22
-0.005
1.64
0.485
1.19
0.425
1.61
0.995
1.2
0.955
1.63
1.375
1.21
1.445
1.65
1.20438
-0.383125
1.46031
-0.977187
2.11469
-0.940938
2.38898
-0.824809
0.170666
0.112826
-0.0283048
0.314866
0.026423
0.916005
0.226931
0.914467
0.327183
0.9137
0.527691
0.912162
0.828449
0.909859
1.02895
0.908325
1.12921
0.907557
1.32971
0.906023
1.37523
0.304122
1.27421
0.204638
1.17319
0.105152
2.27156
-0.883438
0.439659
2
1.56313
-0.790937
0.432666
1.5
1.275
-0.139688
0.400714
1.2
0.675
0.51
0.7
1
0.265
1.36
0.462277
0.5
1.16899
1.34448
0.482618
0.5
0
0.715
-0.25
0.675
0.51
-0.379446
0.233596
0.115
1.22
-0.005
1.64
0.485
1.19
0.425
1.61
0.995
1.2
0.955
1.63
1.375
1.21
1.445
1.65
1.20625
-0.37375
1.37937
-0.960625
2.05062
-0.933125
2.32579
-0.819947
0.170666
0.112826
-0.0283048
0.314866
0.026423
0.916005
0.226931
0.914467
0.327183
0.9137
0.527691
0.912162
0.828449
0.909859
1.02895
0.908325
1.12921
0.907557
1.32971
0.906023
1.37523
0.304122
1.27421
0.204638
1.17319
0.105152
2.20687
-0.878125
0.439659
2
1.51875
-0.783125
0.432666
1.5
1.265
-0.125625
0.400714
1.2
0.675
0.51
0.7
1
0.265
1.36
0.462277
0.5
1.16899
1.34448
0.482618
0.5
0
0.715
-0.25
0.675
0.51
-0.379446
0.233596
0.115
1.22
-0.005
1.64
0.485
1.19
0.425
1.61
0.995
1.2
0.955
1.63
1.375
1.21
1.445
1.65
1.20813
-0.364375
1.29844
-0.944062
1.98656
-0.925313
2.26259
-0.815085
0.170666
0.112826
-0.0283048
0.314866
0.026423
0.916005
0.226931
0.914467
0.327183
0.9137
0.527691
0.912162
0.828449
0.909859
1.02895
0.908325
1.12921
0.907557
1.32971
0.906023
1.37523
0.304122
1.27421
0.204638
1.17319
0.105152
2.14219
-0.872813
0.439659
2
1.47438
-0.775312
0.432666
1.5
1.255
-0.111562
0.400714
1.2
0.675
0.51
0.7
1
0.265
1.36
0.462277
0.5
1.16899
1.34448
0.482618
0.5
0
0.715
-0.25
0.675
0.51
-0.379446
0.233596
0.115
1.22
-0.005
1.64
0.485
1.19
0.425
1.61
0.995
1.2
0.955
1.63
1.375
1.21
1.445
1.65
1.21
-0.355
1.2175
-0.9275
1.9225
-0.9175
2.1994
-0.810223
0.170666
0.112826
-0.0283048
0.314866
0.026423
0.916005
0.226931
0.914467
0.327183
0.9137
0.527691
0.912162
0.828449
0.909859
1.02895
0.908325
1.12921
0.907557
1.32971
0.906023
1.37523
0.304122
1.27421
0.204638
1.17319
0.105152
2.0775
-0.8675
0.439659
2
1.43
-0.7675
0.432666
1.5
1.245
-0.0975
0.400714
1.2
0.675
0.51
0.7
1
0.265
1.36
0.462277
0.5
1.16899
1.34448
0.482618
0.5
0
0.715
-0.25
0.675
0.51
-0.379446
0.233596
0.115
1.22
-0.005
1.64
0.485
1.19
0.425
1.61
0.995
1.2
0.955
1.63
1.375
1.21
1.445
1.65
1.21187
-0.345625
1.13656
-0.910937
1.85844
-0.909688
2.13621
-0.805361
0.170666
0.112826
-0.0283048
0.314866
0.026423
0.916005
0.226931
0.914467
0.327183
0.9137
0.527691
0.912162
0.828449
0.909859
1.02895
0.908325
1.12921
0.907557
1.32971
0.906023
1.37523
0.304122
1.27421
0.204638
1.17319
0.105152
2.01281
-0.862188
0.439659
2
1.38563
-0.759687
0.432666
1.5
1.235
-0.0834375
0.400714
1.2
0.675
0.51
0.7
1
0.265
1.36
0.462277
0.5
1.16899
1.34448
0.482618
0.5
0
0.715
-0.25
0.675
0.51
-0.379446
0.233596
0.115
1.22
-0.005
1.64
0.485
1.19
0.425
1.61
0.995
1.2
0.955
1.63
1.375
1.21
1.445
1.65
1.21375
-0.33625
1.05562
-0.894375
1.79437
-0.901875
2.07302
-0.800499
0.170666
0.112826
-0.0283048
0.314866
0.026423
0.916005
0.226931
0.914467
0.327183
0.9137
0.527691
0.912162
0.828449
0.909859
1.02895
0.908325
1.12921
0.907557
1.32971
0.906023
1.37523
0.304122
1.27421
0.204638
1.17319
0.105152
1.94812
-0.856875
0.439659
2
1.34125
-0.751875
0.432666
1.5
1.225
-0.069375
0.400714
1.2
0.675
0.51
0.7
1
0.265
1.36
0.462277
0.5
1.16899
1.34448
0.482618
0.5
0
0.715
-0.25
0.675
0.51
-0.379446
0.233596
0.115
1.22
-0.005
1.64
0.485
1.19
0.425
1.61
0.995
1.2
0.955
1.63
1.375
1.21
1.445
1.65
1.21563
-0.326875
0.974687
-0.877812
1.73031
-0.894063
2.00982
-0.795637
0.170666
0.112826
-0.0283048
0.314866
0.026423
0.916005
0.226931
0.914467
0.327183
0.9137
0.527691
0.912162
0.828449
0.909859
1.02895
0.908325
1.12921
0.907557
1.32971
0.906023
1.37523
0.304122
1.27421
0.204638
1.17319
0.105152
1.88344
-0.851563
0.439659
2
1.29688
-0.744062
0.432666
1.5
1.215
-0.0553125
0.400714
1.2
0.675
0.51
0.7
1
0.265
1.36
0.462277
0.5
1.16899
1.34448
0.482618
0.5
0
0.715
-0.25
0.675
0.51
-0.379446
0.233596
0.115
1.22
-0.005
1.64
0.485
1.19
0.425
1.61
0.995
1.2
0.955
1.63
1.375
1.21
1.445
1.65
1.2175
-0.3175
0.89375
-0.86125
1.66625
-0.88625
1.94663
-0.790775
0.170666
0.112826
-0.0283048
0.314866
0.026423
0.916005
0.226931
0.914467
0.327183
0.9137
0.527691
0.912162
0.828449
0.909859
1.02895
0.908325
1.12921
0.907557
1.32971
0.906023
1.37523
0.304122
1.27421
0.204638
1.17319
0.105152
1.81875
-0.84625
0.439659
2
1.2525
-0.73625
0.432666
1.5
1.205
-0.04125
0.400714
1.2
0.675
0.51
0.7
1
0.265
1.36
0.462277
0.5
1.16899
1.34448
0.482618
0.5
0
0.715
-0.25
0.675
0.51
-0.379446
0.233596
0.115
1.22
-0.005
1.64
0.485
1.19
0.425
1.61
0.995
1.2
0.955
1.63
1.375
1.21
1.445
1.65
1.21938
-0.308125
0.812812
-0.844687
1.60219
-0.878438
1.88344
-0.785914
0.170666
0.112826
-0.0283048
0.314866
0.026423
0.916005
0.226931
0.914467
0.327183
0.9137
0.527691
0.912162
0.828449
0.909859
1.02895
0.908325
1.12921
0.907557
1.32971
0.906023
1.37523
0.304122
1.27421
0.204638
1.17319
0.105152
1.75406
-0.840938
0.439659
2
1.20813
-0.728437
0.432666
1.5
1.195
-0.0271875
0.400714
1.2
0.675
0.51
0.7
1
0.265
1.36
0.462277
0.5
1.16899
1.34448
0.482618
0.5
0
0.715
-0.25
0.675
0.51
-0.379446
0.233596
0.115
1.22
-0.005
1.64
0.485
1.19
0.425
1.61
0.995
1.2
0.955
1.63
1.375
1.21
1.445
1.65
1.22125
-0.29875
0.731875
-0.828125
1.53813
-0.870625
1.82025
-0.781052
0.170666
0.112826
-0.0283048
0.314866
0.026423
0.916005
0.226931
0.914467
0.327183
0.9137
0.527691
0.912162
0.828449
0.909859
1.02895
0.908325
1.12921
0.907557
1.32971
0.906023
1.37523
0.304122
1.27421
0.204638
1.17319
0.105152
1.68937
-0.835625
0.439659
2
1.16375
-0.720625
0.432666
1.5
1.185
-0.013125
0.400714
1.2
0.675
0.51
0.7
1
0.265
1.36
0.462277
0.5
1.16899
1.34448
0.482618
0.5
0
0.715
-0.25
0.675
0.51
-0.379446
0.233596
0.115
1.22
-0.005
1.64
0.485
1.19
0.425
1.61
0.995
1.2
0.955
1.63
1.375
1.21
1.445
1.65
1.22312
-0.289375
0.650937
-0.811562
1.47406
-0.862813
1.75705
-0.77619
0.170666
0.112826
-0.0283048
0.314866
0.026423
0.916005
0.226931
0.914467
0.327183
0.9137
0.527691
0.912162
0.828449
0.909859
1.02895
0.908325
1.12921
0.907557
1.32971
0.906023
1.37523
0.304122
1.27421
0.204638
1.17319
0.105152
1.62469
-0.830313
0.439659
2
1.11937
-0.712812
0.432666
1.5
1.175
0.000937501
0.400714
1.2
0.675
0.51
0.7
1
0.265
1.36
0.462277
0.5
1.16899
1.34448
0.482618
0.5
0
0.715
-0.25
0.675
0.51
-0.379446
0.233596
0.115
1.22
-0.005
1.64
0.485
1.19
0.425
1.61
0.995
1.2
0.955
1.63
1.375
1.21
1.445
1.65
1.225
-0.28
0.57
-0.795
1.41
-0.855
1.69386
-0.771328
0.170666
0.112826
-0.0283048
0.314866
0.026423
0.916005
0.226931
0.914467
0.327183
0.9137
0.527691
0.912162
0.828449
0.909859
1.02895
0.908325
1.12921
0.907557
1.32971
0.906023
1.37523
0.304122
1.27421
0.204638
1.17319
0.105152
1.56
-0.825
0.439659
2
1.075
-0.705
0.432666
1.5
1.165
0.015
0.400714
1.2
0.675
0.51
0.7
1
0.265
1.36
0.462277
0.5
1.16899
1.34448
0.482618
0.5
0
0.715
-0.25
0.675
0.51
-0.379446
0.233596
0.115
1.22
-0.005
1.64
0.485
1.19
0.425
1.61
0.995
1.2
0.955
1.63
1.375
1.21
1.445
1.65
1.22688
-0.270625
0.489062
-0.778437
1.34594
-0.847188
1.63067
-0.766466
0.170666
0.112826
-0.0283048
0.314866
0.026423
0.916005
0.226931
0.914467
0.327183
0.9137
0.527691
0.912162
0.828449
0.909859
1.02895
0.908325
1.12921
0.907557
1.32971
0.906023
1.37523
0.304122
1.27421
0.204638
1.17319
0.105152
1.49531
-0.819688
0.439659
2
1.03063
-0.697187
0.432666
1.5
1.155
0.0290625
0.400714
1.2
0.675
0.51
0.7
1
0.265
1.36
0.462277
0.5
1.16899
1.34448
0.482618
0.5
0
0.715
-0.25
0.675
0.51
-0.379446
0.233596
0.115
1.22
-0.005
1.64
0.485
1.19
0.425
1.61
0.995
1.2
0.955
1.63
1.375
1.21
1.445
1.65
1.22875
-0.26125
0.408125
-0.761875
1.28187
-0.839375
1.56747
-0.761604
0.170666
0.112826
-0.0283048
0.314866
0.026423
0.916005
0.226931
0.914467
0.327183
0.9137
0.527691
0.912162
0.828449
0.909859
1.02895
0.908325
1.12921
0.907557
1.32971
0.906023
1.37523
0.304122
1.27421
0.204638
1.17319
0.105152
1.43062
-0.814375
0.439659
2
0.98625
-0.689375
0.432666
1.5
1.145
0.043125
0.400714
1.2
0.675
0.51
0.7
1
0.265
1.36
0.462277
0.5
1.16899
1.34448
0.482618
0.5
0
0.715
-0.25
0.675
0.51
-0.379446
0.233596
0.115
1.22
-0.005
1.64
0.485
1.19
0.425
1.61
0.995
1.2
0.955
1.63
1.375
1.21
1.445
1.65
1.23063
-0.251875
0.327187
-0.745312
1.21781
-0.831563
1.50428
-0.756742
0.170666
0.112826
-0.0283048
0.314866
0.026423
0.916005
0.226931
0.914467
0.327183
0.9137
0.527691
0.912162
0.828449
0.909859
1.02895
0.908325
1.12921
0.907557
1.32971
0.906023
1.37523
0.304122
1.27421
0.204638
1.17319
0.105152
1.36594
-0.809063
0.439659
2
0.941875
-0.681562
0.432666
1.5
1.135
0.0571875
0.400714
1.2
0.675
0.51
0.7
1
0.265
1.36
0.462277
0.5
1.16899
1.34448
0.482618
0.5
0
0.715
-0.25
0.675
0.51
-0.379446
0.233596
0.115
1.22
-0.005
1.64
0.485
1.19
0.425
1.61
0.995
1.2
0.955
1.63
1.375
1.21
1.445
1.65
1.2325
-0.2425
0.24625
-0.72875
1.15375
-0.82375
1.44109
-0.75188
0.170666
0.112826
-0.0283048
0.314866
0.026423
0.916005
0.226931
0.914467
0.327183
0.9137
0.527691
0.912162
0.828449
0.909859
1.02895
0.908325
1.12921
0.907557
1.32971
0.906023
1.37523
0.304122
1.27421
0.204638
1.17319
0.105152
1.30125
-0.80375
0.439659
2
0.8975
-0.67375
0.432666
1.5
1.125
0.07125
0.400714
1.2
0.675
0.51
0.7
1
0.265
1.36
0.462277
0.5
1.16899
1.34448
0.482618
0.5
0
0.715
-0.25
0.675
0.51
-0.379446
0.233596
0.115
1.22
-0.005
1.64
0.485
1.19
0.425
1.61
0.995
1.2
0.955
1.63
1.375
1.21
1.445
1.65
1.23438
-0.233125
0.165312
-0.712187
1.08969
-0.815938
1.3779
-0.747018
0.170666
0.112826
-0.0283048
0.314866
0.026423
0.916005
0.226931
0.914467
0.327183
0.9137
0.527691
0.912162
0.828449
0.909859
1.02895
0.908325
1.12921
0.907557
1.32971
0.906023
1.37523
0.304122
1.27421
0.204638
1.17319
0.105152
1.23656
-0.798438
0.439659
2
0.853125
-0.665937
0.432666
1.5
1.115
0.0853125
0.400714
1.2
0.675
0.51
0.7
1
0.265
1.36
0.462277
0.5
1.16899
1.34448
0.482618
0.5
0
0.715
-0.25
0.675
0.51
-0.379446
0.233596
0.115
1.22
-0.005
1.64
0.485
1.19
0.425
1.61
0.995
1.2
0.955
1.63
1.375
1.21
1.445
1.65
1.23625
-0.22375
0.084375
-0.695625
1.02562
-0.808125
1.3147
-0.742157
0.170666
0.112826
-0.0283048
0.314866
0.026423
0.916005
0.226931
0.914467
0.327183
0.9137
0.527691
0.912162
0.828449
0.909859
1.02895
0.908325
1.12921
0.907557
1.32971
0.906023
1.37523
0.304122
1.27421
0.204638
1.17319
0.105152
1.17188
-0.793125
0.439659
2
0.80875
-0.658125
0.432666
1.5
1.105
0.099375
0.400714
1.2
0.675
0.51
0.7
1
0.265
1.36
0.462277
0.5
1.16899
1.34448
0.482618
0.5
0
0.715
-0.25
0.675
0.51
-0.379446
0.233596
0.115
1.22
-0.005
1.64
0.485
1.19
0.425
1.61
0.995
1.2
0.955
1.63
1.375
1.21
1.445
1.65
1.23813
-0.214375
0.00343749
-0.679062
0.961563
-0.800313
1.25151
-0.737295
0.170666
0.112826
-0.0283048
0.314866
0.026423
0.916005
0.226931
0.914467
0.327183
0.9137
0.527691
0.912162
0.828449
0.909859
1.02895
0.908325
1.12921
0.907557
1.32971
0.906023
1.37523
0.304122
1.27421
0.204638
1.17319
0.105152
1.10719
-0.787813
0.439659
2
0.764375
-0.650312
0.432666
1.5
1.095
0.113437
0.400714
1.2
0.675
0.51
0.7
1
0.265
1.36
0.462277
0.5
1.16899
1.34448
0.482618
0.5
0
0.715
-0.25
0.675
0.51
-0.379446
0.233596
0.115
1.22
-0.005
1.64
0.485
1.19
0.425
1.61
0.995
1.2
0.955
1.63
1.375
1.21
1.445
1.65
1.24
-0.205
-0.0775
-0.6625
0.8975
-0.7925
1.18832
-0.732433
0.170666
0.112826
-0.0283048
0.314866
0.026423
0.916005
0.226931
0.914467
0.327183
0.9137
0.527691
0.912162
0.828449
0.909859
1.02895
0.908325
1.12921
0.907557
1.32971
0.906023
1.37523
0.304122
1.27421
0.204638
1.17319
0.105152
1.0425
-0.7825
0.439659
2
0.72
-0.6425
0.432666
1.5
1.085
0.1275
0.400714
1.2
0.675
0.51
0.7
1
0.265
1.36
0.462277
0.5
1.16899
1.34448
0.482618
0.5
0
0.715
-0.25
0.675
0.51
-0.379446
0.233596
0.115
1.22
-0.005
1.64
0.485
1.19
0.425
1.61
0.995
1.2
0.955
1.63
1.375
1.21
1.445
1.65
1.24187
-0.195625
-0.158438
-0.645937
0.833437
-0.784688
1.12513
-0.727571
0.170666
0.112826
-0.0283048
0.314866
0.026423
0.916005
0.226931
0.914467
0.327183
0.9137
0.527691
0.912162
0.828449
0.909859
1.02895
0.908325
1.12921
0.907557
1.32971
0.906023
1.37523
0.304122
1.27421
0.204638
1.17319
0.105152
0.977813
-0.777188
0.439659
2
0.675625
-0.634687
0.432666
1.5
1.075
0.141562
0.400714
1.2
0.675
0.51
0.7
1
0.265
1.36
0.462277
0.5
1.16899
1.34448
0.482618
0.5
0
0.715
-0.25
0.675
0.51
-0.379446
0.233596
0.115
1.22
-0.005
1.64
0.485
1.19
0.425
1.61
0.995
1.2
0.955
1.63
1.375
1.21
1.445
1.65
1.24375
-0.18625
-0.239375
-0.629375
0.769375
-0.776875
1.06193
-0.722709
0.170666
0.112826
-0.0283048
0.314866
0.026423
0.916005
0.226931
0.914467
0.327183
0.9137
0.527691
0.912162
0.828449
0.909859
1.02895
0.908325
1.12921
0.907557
1.32971
0.906023
1.37523
0.304122
1.27421
0.204638
1.17319
0.105152
0.913125
-0.771875
0.439659
2
0.63125
-0.626875
0.432666
1.5
1.065
0.155625
0.400714
1.2
0.675
0.51
0.7
1
0.265
1.36
0.462277
0.5
1.16899
1.34448
0.482618
0.5
0
0.715
-0.25
0.675
0.51
-0.379446
0.233596
0.115
1.22
-0.005
1.64
0.485
1.19
0.425
1.61
0.995
1.2
0.955
1.63
1.375
1.21
1.445
1.65
1.24563
-0.176875
-0.320313
-0.612812
0.705312
-0.769063
0.99874
-0.717847
0.170666
0.112826
-0.0283048
0.314866
0.026423
0.916005
0.226931
0.914467
0.327183
0.9137
0.527691
0.912162
0.828449
0.909859
1.02895
0.908325
1.12921
0.907557
1.32971
0.906023
1.37523
0.304122
1.27421
0.204638
1.17319
0.105152
0.848438
-0.766563
0.439659
2
0.586875
-0.619062
0.432666
1.5
1.055
0.169688
0.400714
1.2
0.675
0.51
0.7
1
0.265
1.36
0.462277
0.5
1.16899
1.34448
0.482618
0.5
0
0.715
-0.25
0.675
0.51
-0.379446
0.233596
0.115
1.22
-0.005
1.64
0.485
1.19
0.425
1.61
0.995
1.2
0.955
1.63
1.375
1.21
1.445
1.65
1.2475
-0.1675
-0.40125
-0.59625
0.64125
-0.76125
0.935547
-0.712985
0.170666
0.112826
-0.0283048
0.314866
0.026423
0.916005
0.226931
0.914467
0.327183
0.9137
0.527691
0.912162
0.828449
0.909859
1.02895
0.908325
1.12921
0.907557
1.32971
0.906023
1.37523
0.304122
1.27421
0.204638
1.17319
0.105152
0.78375
-0.76125
0.439659
2
0.5425
-0.61125
0.432666
1.5
1.045
0.18375
0.400714
1.2
0.675
0.51
0.7
1
0.265
1.36
0.462277
0.5
1.16899
1.34448
0.482618
0.5
0
0.715
-0.25
0.675
0.51
-0.379446
0.233596
0.115
1.22
-0.005
1.64
0.485
1.19
0.425
1.61
0.995
1.2
0.955
1.63
1.375
1.21
1.445
1.65
1.24937
-0.158125
-0.482188
-0.579687
0.577188
-0.753438
0.872355
-0.708123
0.170666
0.112826
-0.0283048
0.314866
0.026423
0.916005
0.226931
0.914467
0.327183
0.9137
0.527691
0.912162
0.828449
0.909859
1.02895
0.908325
1.12921
0.907557
1.32971
0.906023
1.37523
0.304122
1.27421
0.204638
1.17319
0.105152
0.719062
-0.755938
0.439659
2
0.498125
-0.603437
0.432666
1.5
1.035
0.197812
0.400714
1.2
0.675
0.51
0.7
1
0.265
1.36
0.462277
0.5
1.16899
1.34448
0.482618
0.5
0
0.715
-0.25
0.675
0.51
-0.379446
0.233596
0.115
1.22
-0.005
1.64
0.485
1.19
0.425
1.61
0.995
1.2
0.955
1.63
1.375
1.21
1.445
1.65
1.25125
-0.14875
-0.563125
-0.563125
0.513125
-0.745625
0.809162
-0.703261
0.170666
0.112826
-0.0283048
0.314866
0.026423
0.916005
0.226931
0.914467
0.327183
0.9137
0.527691
0.912162
0.828449
0.909859
1.02895
0.908325
1.12921
0.907557
1.32971
0.906023
1.37523
0.304122
1.27421
0.204638
1.17319
0.105152
0.654375
-0.750625
0.439659
2
0.45375
-0.595625
0.432666
1.5
1.025
0.211875
0.400714
1.2
0.675
0.51
0.7
1
0.265
1.36
0.462277
0.5
1.16899
1.34448
0.482618
0.5
0
0.715
-0.25
0.675
0.51
-0.379446
0.233596
0.115
1.22
-0.005
1.64
0.485
1.19
0.425
1.61
0.995
1.2
0.955
1.63
1.375
1.21
1.445
1.65
1.25312
-0.139375
-0.644063
-0.546562
0.449062
-0.737813
0.745969
-0.6984
0.170666
0.112826
-0.0283048
0.314866
0.026423
0.916005
0.226931
0.914467
0.327183
0.9137
0.527691
0.912162
0.828449
0.909859
1.02895
0.908325
1.12921
0.907557
1.32971
0.906023
1.37523
0.304122
1.27421
0.204638
1.17319
0.105152
0.589687
-0.745313
0.439659
2
0.409375
-0.587812
0.432666
1.5
1.015
0.225937
0.400714
1.2
0.675
0.51
0.7
1
0.265
1.36
0.462277
0.5
1.16899
1.34448
0.482618
0.5
0
0.715
-0.25
0.675
0.51
-0.379446
0.233596
0.115
1.22
-0.005
1.64
0.485
1.19
0.425
1.61
0.995
1.2
0.955
1.63
1.375
1.21
1.445
1.65
1.255
-0.13
-0.725
-0.53
0.385
-0.73
0.682776
-0.693538
0.170666
0.112826
-0.0283048
0.314866
0.026423
0.916005
0.226931
0.914467
0.327183
0.9137
0.527691
0.912162
0.828449
0.909859
1.02895
0.908325
1.12921
0.907557
1.32971
0.906023
1.37523
0.304122
1.27421
0.204638
1.17319
0.105152
0.525
-0.74
0.439659
2
0.365
-0.58
0.432666
1.5
1.005
0.24
0.375899
1.2
0.675
0.51
0.75326
1
0.265
1.36
0.462277
0.5
1.16899
1.34448
0.482618
0.5
0
0.715
-0.22
0.675
0.54
-0.379446
0.263596
0.1225
1.2225
-1.86265e-09
1.635
0.4925
1.2025
0.435
1.615
1.005
1.21
0.9625
1.6375
1.375
1.2275
1.4325
1.66
1.255
-0.1
-0.725
-0.5
0.385
-0.7
0.682776
-0.663538
0.170666
0.142826
-0.0283048
0.344866
0.026423
0.946005
0.226931
0.944467
0.327183
0.9437
0.527691
0.942162
0.828449
0.939859
1.02895
0.938325
1.12921
0.937557
1.32971
0.936023
1.37523
0.334122
1.27421
0.234638
1.17319
0.135152
0.525
-0.71
0.439659
2
0.365
-0.55
0.432666
1.5
1.005
0.27
0.375899
1.2
0.675
0.54
0.75326
1
0.265
1.39
0.462277
0.5
1.16899
1.37448
0.482618
0.5
0
0.715
-0.19
0.675
0.57
-0.379446
0.293596
0.13
1.225
0.005
1.63
0.5
1.215
0.445
1.62
1.015
1.22
0.97
1.645
1.375
1.245
1.42
1.67
1.255
-0.07
-0.725
-0.47
0.385
-0.67
0.682776
-0.633538
0.170666
0.172826
-0.0283048
0.374866
0.026423
0.976005
0.226931
0.974467
0.327183
0.9737
0.527691
0.972162
0.828449
0.969859
1.02895
0.968325
1.12921
0.967557
1.32971
0.966023
1.37523
0.364122
1.27421
0.264638
1.17319
0.165152
0.525
-0.68
0.439659
2
0.365
-0.52
0.432666
1.5
1.005
0.3
0.375899
1.2
0.675
0.57
0.75326
1
0.265
1.42
0.462277
0.5
1.16899
1.40448
0.482618
0.5
0
0.715
-0.16
0.675
0.6
-0.379446
0.323596
0.1375
1.2275
0.01
1.625
0.5075
1.2275
0.455
1.625
1.025
1.23
0.9775
1.6525
1.375
1.2625
1.4075
1.68
1.255
-0.04
-0.725
-0.44
0.385
-0.64
0.682776
-0.603538
0.170666
0.202826
-0.0283048
0.404866
0.026423
1.006
0.226931
1.00447
0.327183
1.0037
0.527691
1.00216
0.828449
0.999859
1.02895
0.998325
1.12921
0.997557
1.32971
0.996023
1.37523
0.394122
1.27421
0.294638
1.17319
0.195152
0.525
-0.65
0.439659
2
0.365
-0.49
0.432666
1.5
1.005
0.33
0.375899
1.2
0.675
0.6
0.75326
1
0.265
1.45
0.462277
0.5
1.16899
1.43448
0.482618
0.5
0
0.715
-0.13
0.675
0.63
-0.379446
0.353596
0.145
1.23
0.015
1.62
0.515
1.24
0.465
1.63
1.035
1.24
0.985
1.66
1.375
1.28
1.395
1.69
1.255
-0.00999999
-0.725
-0.41
0.385
-0.61
0.682776
-0.573538
0.170666
0.232826
-0.0283048
0.434866
0.026423
1.036
0.226931
1.03447
0.327183
1.0337
0.527691
1.03216
0.828449
1.02986
1.02895
1.02833
1.12921
1.02756
1.32971
1.02602
1.37523
0.424122
1.27421
0.324638
1.17319
0.225152
0.525
-0.62
0.439659
2
0.365
-0.46
0.432666
1.5
1.005
0.36
0.375899
1.2
0.675
0.63
0.75326
1
0.265
1.48
0.462277
0.5
1.16899
1.46448
0.482618
0.5
0
0.7175
-0.0875
0.6775
0.6725
-0.376946
0.396096
0.155
1.2575
0.025
1.6225
0.5225
1.265
0.465
1.6325
1.0425
1.26
0.9825
1.6525
1.3875
1.2875
1.39
1.675
1.2575
0.0325
-0.7225
-0.3675
0.3875
-0.5675
0.685276
-0.531038
0.173166
0.275326
-0.0258048
0.477366
0.028923
1.0785
0.229431
1.07697
0.329683
1.0762
0.530191
1.07466
0.830949
1.07236
1.03145
1.07083
1.13171
1.07006
1.33221
1.06852
1.37773
0.466622
1.27671
0.367138
1.17569
0.267652
0.5275
-0.5775
0.439659
2
0.3675
-0.4175
0.432666
1.5
1.0075
0.4025
0.375899
1.2
0.6775
0.6725
0.75326
1
0.2575
1.4625
0.462277
0.5
1.18299
1.43336
0.482618
0.5
0
0.72
-0.045
0.68
0.715
-0.374446
0.438596
0.165
1.285
0.035
1.625
0.53
1.29
0.465
1.635
1.05
1.28
0.98
1.645
1.4
1.295
1.385
1.66
1.26
0.075
-0.72
-0.325
0.39
-0.525
0.687776
-0.488538
0.175666
0.317826
-0.0233048
0.519866
0.031423
1.121
0.231931
1.11947
0.332183
1.1187
0.532691
1.11716
0.833449
1.11486
1.03395
1.11332
1.13421
1.11256
1.33471
1.11102
1.38023
0.509122
1.27921
0.409638
1.17819
0.310152
0.53
-0.535
0.439659
2
0.37
-0.375
0.432666
1.5
1.01
0.445
0.375899
1.2
0.68
0.715
0.75326
1
0.25
1.445
0.462277
0.5
1.197
1.40224
0.482618
0.5
0
0.7225
-0.00249998
0.6825
0.7575
-0.371946
0.481096
0.175
1.3125
0.045
1.6275
0.5375
1.315
0.465
1.6375
1.0575
1.3
0.9775
1.6375
1.4125
1.3025
1.38
1.645
1.2625
0.1175
-0.7175
-0.2825
0.3925
-0.4825
0.690276
-0.446038
0.178166
0.360326
-0.0208048
0.562366
0.033923
1.1635
0.234431
1.16197
0.334683
1.1612
0.535191
1.15966
0.835949
1.15736
1.03645
1.15582
1.13671
1.15506
1.33721
1.15352
1.38273
0.551622
1.28171
0.452138
1.18069
0.352652
0.5325
-0.4925
0.439659
2
0.3725
-0.3325
0.432666
1.5
1.0125
0.4875
0.375899
1.2
0.6825
0.7575
0.75326
1
0.2425
1.4275
0.462277
0.5
1.211
1.37112
0.482618
0.5
0
0.725
0.04
0.685
0.8
-0.369446
0.523596
0.185
1.34
0.055
1.63
0.545
1.34
0.465
1.64
1.065
1.32
0.975
1.63
1.425
1.31
1.375
1.63
1.265
0.16
-0.715
-0.24
0.395
-0.44
0.692776
-0.403538
0.180666
0.402826
-0.0183048
0.604866
0.036423
1.206
0.236931
1.20447
0.337183
1.2037
0.537691
1.20216
0.838449
1.19986
1.03895
1.19832
1.13921
1.19756
1.33971
1.19602
1.38523
0.594122
1.28421
0.494638
1.18319
0.395152
0.535
-0.45
0.439659
2
0.375
-0.29
0.432666
1.5
1.015
0.53
0.375899
1.2
0.685
0.8
0.75326
1
0.235
1.41
0.462277
0.5
1.225
1.34
0.482618
0.5
0
0.735
-0.1
0.695
0.66
-0.359446
0.383596
0.195
1.28
0.035
1.63
0.545
1.3
0.465
1.63
1.065
1.28
0.985
1.66
1.405
1.28
1.38837
1.65488
1.485
-0.06
-0.555
-0.52
1.185
-0.65
1.48278
-0.613538
0.190666
0.262826
-0.00830477
0.464866
0.046423
1.066
0.246931
1.06447
0.347183
1.0637
0.547691
1.06216
0.848449
1.05986
1.04895
1.05833
1.14921
1.05756
1.34971
1.05602
1.39523
0.454122
1.29421
0.354638
1.19319
0.255152
1.285
-0.65
0.473814
2
0.635
-0.39
0.432666
1.5
1.155
0.17
0.375899
1.2
0.695
0.66
0.75326
1
0.275
1.38
0.462277
0.5
1.215
1.39
0.482618
0.5
1
1.575
-0.62
1.0933
1
0
2.7
1
1
0
0.765
-0.2
0.725
0.56
-0.329446
0.283596
0.245
1.26
0.105
1.63
0.535
1.3
0.475
1.63
1.075
1.3
1.005
1.63
1.435
1.27
1.385
1.63
1.955
-0.16
-0.265
-0.72
1.985
-0.83
2.28278
-0.793538
0.220666
0.162826
0.0216953
0.364866
0.076423
0.966005
0.276931
0.964467
0.377183
0.9637
0.577691
0.962162
0.878449
0.959859
1.07895
0.958325
1.17921
0.957557
1.37971
0.956023
1.42523
0.354122
1.32421
0.254638
1.22319
0.155152
2.065
-0.81
0.473814
2
1.285
-0.73
0.432666
1.5
1.335
0.02
0.375899
1.2
0.725
0.56
0.75326
1
0.305
1.28
0.462277
0.5
1.245
1.29
0.482618
0.5
1
2.185
-0.79
1.0933
1
0
2.7
1
1
0
0.815
-0.3
0.775
0.46
-0.279446
0.183596
0.305
1.22
0.135
1.64
0.595
1.26
0.515
1.63
1.105
1.27
1.025
1.65
1.475
1.26
1.425
1.63
2.425
-0.21
-0.405
-1.17
3.005
-0.87
3.30473
-0.857246
0.270666
0.0628259
0.0716952
0.264866
0.126423
0.866005
0.326931
0.864467
0.427183
0.8637
0.627691
0.862162
0.928449
0.859859
1.12895
0.858325
1.22921
0.857557
1.42971
0.856023
1.47523
0.254122
1.37421
0.154638
1.27319
0.0551518
3.145
-0.91
0.473814
2
2.255
-0.91
0.432666
1.5
1.495
-0.67
0.438292
1.2
0.775
0.46
0.75326
1
0.405
1.47
0.462277
0.5
1.255
1.29
0.482618
0.5
1
2.955
-0.87
1.23032
1
0
2.7
1
1
0
0.815
-0.39
0.775
0.37
-0.279446
0.0935962
0.285
1.18
0.145
1.62
0.625
1.21
0.515
1.61
1.14625
1.21993
1.065
1.64
1.48128
1.19937
1.435
1.61
3.105
-0.1
-1.015
-1.57
3.995
-0.99
4.29473
-0.977246
0.270666
-0.0271741
0.0716952
0.174866
0.126423
0.776005
0.326931
0.774467
0.427183
0.7737
0.627691
0.772162
0.928449
0.769859
1.12895
0.768325
1.22921
0.767557
1.42971
0.766023
1.47523
0.164122
1.37421
0.0646376
1.27319
-0.0348482
3.995
-1.02
0.560446
2
2.875
-1.09
0.570088
1.5
1.765
-0.86
0.59203
1.2
0.775
0.37
0.75326
1
0.405
1.38
0.462277
0.5
1.255
1.2
0.482618
0.5
1
3.965
-0.98
1.53639
1
0
2.7
1
1
0
0.845
-0.48
0.805
0.28
-0.249446
0.00359622
0.315
1.14
0.165
1.61
0.639143
1.14942
0.555
1.6
1.17625
1.12993
1.085
1.62
1.52513
1.10098
1.465
1.61
3.135
-0.19
-0.985
-1.66
5.065
-1.16
5.36473
-1.14725
0.300666
-0.117174
0.101695
0.0848663
0.156423
0.686005
0.356931
0.684467
0.457183
0.6837
0.657691
0.682162
0.958449
0.67986
1.15895
0.678325
1.25921
0.677557
1.45971
0.676023
1.50523
0.0741218
1.40421
-0.0253624
1.30319
-0.124848
5.065
-1.23
0.613514
2
3.585
-1.24
0.600084
1.5
2.055
-0.77
0.824197
1.2
0.805
0.28
0.75326
1
0.435
1.29
0.462277
0.5
1.285
1.11
0.482618
0.5
1
5.225
-1.08
1.48637
1
0
2.7
1
1
0
0.845
-0.48
0.805
0.28
-0.249446
0.00359622
0.315
1.14
0.165
1.61
0.639143
1.14942
0.555
1.6
1.17625
1.12993
1.085
1.62
1.52513
1.10098
1.465
1.61
3.1275
-0.26
-0.85
-1.65
4.97
-1.165
5.26973
-1.15225
0.300666
-0.117174
0.101695
0.0848663
0.156423
0.686005
0.356931
0.684467
0.457183
0.6837
0.657691
0.682162
0.958449
0.67986
1.15895
0.678325
1.25921
0.677557
1.45971
0.676023
1.50523
0.0741218
1.40421
-0.0253624
1.30319
-0.124848
5.065
-1.23
0.613514
2
3.585
-1.24
0.600084
1.5
2.055
-0.77
0.824197
1.2
0.805
0.28
0.75326
1
0.435
1.29
0.462277
0.5
1.285
1.11
0.482618
0.5
0
0.845
-0.48
0.805
0.28
-0.249446
0.00359622
0.315
1.14
0.165
1.61
0.639143
1.14942
0.555
1.6
1.17625
1.12993
1.085
1.62
1.52513
1.10098
1.465
1.61
3.12375
-0.295
-0.7825
-1.645
4.9225
-1.1675
5.22223
-1.15475
0.300666
-0.117174
0.101695
0.0848663
0.156423
0.686005
0.356931
0.684467
0.457183
0.6837
0.657691
0.682162
0.958449
0.67986
1.15895
0.678325
1.25921
0.677557
1.45971
0.676023
1.50523
0.0741218
1.40421
-0.0253624
1.30319
-0.124848
5.065
-1.23
0.613514
2
3.585
-1.24
0.600084
1.5
2.055
-0.77
0.824197
1.2
0.805
0.28
0.75326
1
0.435
1.29
0.462277
0.5
1.285
1.11
0.482618
0.5
0
0.845
-0.48
0.805
0.28
-0.249446
0.00359622
0.315
1.14
0.165
1.61
0.639143
1.14942
0.555
1.6
1.17625
1.12993
1.085
1.62
1.52513
1.10098
1.465
1.61
3.12
-0.33
-0.715
-1.64
4.875
-1.17
5.17473
-1.15725
0.300666
-0.117174
0.101695
0.0848663
0.156423
0.686005
0.356931
0.684467
0.457183
0.6837
0.657691
0.682162
0.958449
0.67986
1.15895
0.678325
1.25921
0.677557
1.45971
0.676023
1.50523
0.0741218
1.40421
-0.0253624
1.30319
-0.124848
5.065
-1.23
0.613514
2
3.585
-1.24
0.600084
1.5
2.055
-0.77
0.824197
1.2
0.805
0.28
0.75326
1
0.435
1.29
0.462277
0.5
1.285
1.11
0.482618
0.5
0
0.845
-0.48
0.805
0.28
-0.249446
0.00359622
0.315
1.14
0.165
1.61
0.639143
1.14942
0.555
1.6
1.17625
1.12993
1.085
1.62
1.52513
1.10098
1.465
1.61
3.11625
-0.365
-0.6475
-1.635
4.8275
-1.1725
5.12723
-1.15975
0.300666
-0.117174
0.101695
0.0848663
0.156423
0.686005
0.356931
0.684467
0.457183
0.6837
0.657691
0.682162
0.958449
0.67986
1.15895
0.678325
1.25921
0.677557
1.45971
0.676023
1.50523
0.0741218
1.40421
-0.0253624
1.30319
-0.124848
5.065
-1.23
0.613514
2
3.585
-1.24
0.600084
1.5
2.055
-0.77
0.824197
1.2
0.805
0.28
0.75326
1
0.435
1.29
0.462277
0.5
1.285
1.11
0.482618
0.5
0
0.845
-0.48
0.805
0.28
-0.249446
0.00359622
0.315
1.14
0.165
1.61
0.639143
1.14942
0.555
1.6
1.17625
1.12993
1.085
1.62
1.52513
1.10098
1.465
1.61
3.1125
-0.4
-0.58
-1.63
4.78
-1.175
5.07973
-1.16225
0.300666
-0.117174
0.101695
0.0848663
0.156423
0.686005
0.356931
0.684467
0.457183
0.6837
0.657691
0.682162
0.958449
0.67986
1.15895
0.678325
1.25921
0.677557
1.45971
0.676023
1.50523
0.0741218
1.40421
-0.0253624
1.30319
-0.124848
5.065
-1.23
0.613514
2
3.585
-1.24
0.600084
1.5
2.055
-0.77
0.824197
1.2
0.805
0.28
0.75326
1
0.435
1.29
0.462277
0.5
1.285
1.11
0.482618
0.5
0
0.845
-0.48
0.805
0.28
-0.249446
0.00359622
0.315
1.14
0.165
1.61
0.639143
1.14942
0.555
1.6
1.17625
1.12993
1.085
1.62
1.52513
1.10098
1.465
1.61
3.10875
-0.435
-0.5125
-1.625
4.7325
-1.1775
5.03223
-1.16475
0.300666
-0.117174
0.101695
0.0848663
0.156423
0.686005
0.356931
0.684467
0.457183
0.6837
0.657691
0.682162
0.958449
0.67986
1.15895
0.678325
1.25921
0.677557
1.45971
0.676023
1.50523
0.0741218
1.40421
-0.0253624
1.30319
-0.124848
5.065
-1.23
0.613514
2
3.585
-1.24
0.600084
1.5
2.055
-0.77
0.824197
1.2
0.805
0.28
0.75326
1
0.435
1.29
0.462277
0.5
1.285
1.11
0.482618
0.5
0
0.845
-0.48
0.805
0.28
-0.249446
0.00359622
0.315
1.14
0.165
1.61
0.639143
1.14942
0.555
1.6
1.17625
1.12993
1.085
1.62
1.52513
1.10098
1.465
1.61
3.105
-0.47
-0.445
-1.62
4.685
-1.18
4.98473
-1.16725
0.300666
-0.117174
0.101695
0.0848663
0.156423
0.686005
0.356931
0.684467
0.457183
0.6837
0.657691
0.682162
0.958449
0.67986
1.15895
0.678325
1.25921
0.677557
1.45971
0.676023
1.50523
0.0741218
1.40421
-0.0253624
1.30319
-0.124848
5.065
-1.23
0.613514
2
3.585
-1.24
0.600084
1.5
2.055
-0.77
0.824197
1.2
0.805
0.28
0.75326
1
0.435
1.29
0.462277
0.5
1.285
1.11
0.482618
0.5
0
0.845
-0.48
0.805
0.28
-0.249446
0.00359622
0.315
1.14
0.165
1.61
0.639143
1.14942
0.555
1.6
1.17625
1.12993
1.085
1.62
1.52513
1.10098
1.465
1.61
3.12875
-0.47625
-0.41
-1.65125
4.64125
-1.1975
4.9407
-1.18145
0.300666
-0.117174
0.101695
0.0848663
0.156423
0.686005
0.356931
0.684467
0.457183
0.6837
0.657691
0.682162
0.958449
0.67986
1.15895
0.678325
1.25921
0.677557
1.45971
0.676023
1.50523
0.0741218
1.40421
-0.0253624
1.30319
-0.124848
4.97625
-1.24
0.613514
2
3.52125
-1.25375
0.600084
1.5
2.02625
-0.76375
0.824197
1.2
0.805
0.28
0.75326
1
0.435
1.29
0.462277
0.5
1.285
1.11
0.482618
0.5
0
0.845
-0.48
0.805
0.28
-0.249446
0.00359622
0.315
1.14
0.165
1.61
0.639143
1.14942
0.555
1.6
1.17625
1.12993
1.085
1.62
1.52513
1.10098
1.465
1.61
3.1525
-0.4825
-0.375
-1.6825
4.5975
-1.215
4.89666
-1.19565
0.300666
-0.117174
0.101695
0.0848663
0.156423
0.686005
0.356931
0.684467
0.457183
0.6837
0.657691
0.682162
0.958449
0.67986
1.15895
0.678325
1.25921
0.677557
1.45971
0.676023
1.50523
0.0741218
1.40421
-0.0253624
1.30319
-0.124848
4.8875
-1.25
0.613514
2
3.4575
-1.2675
0.600084
1.5
1.9975
-0.7575
0.824197
1.2
0.805
0.28
0.75326
1
0.435
1.29
0.462277
0.5
1.285
1.11
0.482618
0.5
0
0.845
-0.48
0.805
0.28
-0.249446
0.00359622
0.315
1.14
0.165
1.61
0.639143
1.14942
0.555
1.6
1.17625
1.12993
1.085
1.62
1.52513
1.10098
1.465
1.61
3.17625
-0.48875
-0.34
-1.71375
4.55375
-1.2325
4.85262
-1.20985
0.300666
-0.117174
0.101695
0.0848663
0.156423
0.686005
0.356931
0.684467
0.457183
0.6837
0.657691
0.682162
0.958449
0.67986
1.15895
0.678325
1.25921
0.677557
1.45971
0.676023
1.50523
0.0741218
1.40421
-0.0253624
1.30319
-0.124848
4.79875
-1.26
0.613514
2
3.39375
-1.28125
0.600084
1.5
1.96875
-0.75125
0.824197
1.2
0.805
0.28
0.75326
1
0.435
1.29
0.462277
0.5
1.285
1.11
0.482618
0.5
0
0.845
-0.48
0.805
0.28
-0.249446
0.00359622
0.315
1.14
0.165
1.61
0.639143
1.14942
0.555
1.6
1.17625
1.12993
1.085
1.62
1.52513
1.10098
1.465
1.61
3.2
-0.495
-0.305
-1.745
4.51
-1.25
4.80859
-1.22405
0.300666
-0.117174
0.101695
0.0848663
0.156423
0.686005
0.356931
0.684467
0.457183
0.6837
0.657691
0.682162
0.958449
0.67986
1.15895
0.678325
1.25921
0.677557
1.45971
0.676023
1.50523
0.0741218
1.40421
-0.0253624
1.30319
-0.124848
4.71
-1.27
0.613514
2
3.33
-1.295
0.600084
1.5
1.94
-0.745
0.824197
1.2
0.805
0.28
0.75326
1
0.435
1.29
0.462277
0.5
1.285
1.11
0.482618
0.5
0
0.845
-0.48
0.805
0.28
-0.249446
0.00359622
0.315
1.14
0.165
1.61
0.639143
1.14942
0.555
1.6
1.17625
1.12993
1.085
1.62
1.52513
1.10098
1.465
1.61
3.22375
-0.50125
-0.27
-1.77625
4.46625
-1.2675
4.76455
-1.23826
0.300666
-0.117174
0.101695
0.0848663
0.156423
0.686005
0.356931
0.684467
0.457183
0.6837
0.657691
0.682162
0.958449
0.67986
1.15895
0.678325
1.25921
0.677557
1.45971
0.676023
1.50523
0.0741218
1.40421
-0.0253624
1.30319
-0.124848
4.62125
-1.28
0.613514
2
3.26625
-1.30875
0.600084
1.5
1.91125
-0.73875
0.824197
1.2
0.805
0.28
0.75326
1
0.435
1.29
0.462277
0.5
1.285
1.11
0.482618
0.5
0
0.845
-0.48
0.805
0.28
-0.249446
0.00359622
0.315
1.14
0.165
1.61
0.639143
1.14942
0.555
1.6
1.17625
1.12993
1.085
1.62
1.52513
1.10098
1.465
1.61
3.2475
-0.5075
-0.235
-1.8075
4.4225
-1.285
4.72051
-1.25246
0.300666
-0.117174
0.101695
0.0848663
0.156423
0.686005
0.356931
0.684467
0.457183
0.6837
0.657691
0.682162
0.958449
0.67986
1.15895
0.678325
1.25921
0.677557
1.45971
0.676023
1.50523
0.0741218
1.40421
-0.0253624
1.30319
-0.124848
4.5325
-1.29
0.613514
2
3.2025
-1.3225
0.600084
1.5
1.8825
-0.7325
0.824197
1.2
0.805
0.28
0.75326
1
0.435
1.29
0.462277
0.5
1.285
1.11
0.482618
0.5
0
0.845
-0.48
0.805
0.28
-0.249446
0.00359622
0.315
1.14
0.165
1.61
0.639143
1.14942
0.555
1.6
1.17625
1.12993
1.085
1.62
1.52513
1.10098
1.465
1.61
3.27125
-0.51375
-0.2
-1.83875
4.37875
-1.3025
4.67647
-1.26666
0.300666
-0.117174
0.101695
0.0848663
0.156423
0.686005
0.356931
0.684467
0.457183
0.6837
0.657691
0.682162
0.958449
0.67986
1.15895
0.678325
1.25921
0.677557
1.45971
0.676023
1.50523
0.0741218
1.40421
-0.0253624
1.30319
-0.124848
4.44375
-1.3
0.613514
2
3.13875
-1.33625
0.600084
1.5
1.85375
-0.72625
0.824197
1.2
0.805
0.28
0.75326
1
0.435
1.29
0.462277
0.5
1.285
1.11
0.482618
0.5
0
0.845
-0.48
0.805
0.28
-0.249446
0.00359622
0.315
1.14
0.165
1.61
0.639143
1.14942
0.555
1.6
1.17625
1.12993
1.085
1.62
1.52513
1.10098
1.465
1.61
3.295
-0.52
-0.165
-1.87
4.335
-1.32
4.63244
-1.28086
0.300666
-0.117174
0.101695
0.0848663
0.156423
0.686005
0.356931
0.684467
0.457183
0.6837
0.657691
0.682162
0.958449
0.67986
1.15895
0.678325
1.25921
0.677557
1.45971
0.676023
1.50523
0.0741218
1.40421
-0.0253624
1.30319
-0.124848
4.355
-1.31
0.674685
2
3.075
-1.35
0.692315
1.5
1.825
-0.72
0.766616
1.2
0.805
0.28
0.75326
1
0.435
1.29
0.462277
0.5
1.285
1.11
0.482618
0.5
0
0.845
-0.48
0.805
0.28
-0.249446
0.00359622
0.315
1.14
0.165
1.61
0.639143
1.14942
0.555
1.6
1.17625
1.12993
1.085
1.62
1.52513
1.10098
1.465
1.61
3.30875
-0.53375
-0.17
-1.9075
4.27875
-1.34875
4.5759
-1.3078
0.300666
-0.117174
0.101695
0.0848663
0.156423
0.686005
0.356931
0.684467
0.457183
0.6837
0.657691
0.682162
0.958449
0.67986
1.15895
0.678325
1.25921
0.677557
1.45971
0.676023
1.50523
0.0741218
1.40421
-0.0253624
1.30319
-0.124848
4.28375
-1.34375
0.674685
2
3
-1.37375
0.692315
1.5
1.8175
-0.7
0.766616
1.2
0.805
0.28
0.75326
1
0.435
1.29
0.462277
0.5
1.285
1.11
0.482618
0.5
0
0.845
-0.48
0.805
0.28
-0.249446
0.00359622
0.315
1.14
0.165
1.61
0.639143
1.14942
0.555
1.6
1.17625
1.12993
1.085
1.62
1.52513
1.10098
1.465
1.61
3.3225
-0.5475
-0.175
-1.945
4.2225
-1.3775
4.51937
-1.33473
0.300666
-0.117174
0.101695
0.0848663
0.156423
0.686005
0.356931
0.684467
0.457183
0.6837
0.657691
0.682162
0.958449
0.67986
1.15895
0.678325
1.25921
0.677557
1.45971
0.676023
1.50523
0.0741218
1.40421
-0.0253624
1.30319
-0.124848
4.2125
-1.3775
0.674685
2
2.925
-1.3975
0.692315
1.5
1.81
-0.68
0.766616
1.2
0.805
0.28
0.75326
1
0.435
1.29
0.462277
0.5
1.285
1.11
0.482618
0.5
0
0.845
-0.48
0.805
0.28
-0.249446
0.00359622
0.315
1.14
0.165
1.61
0.639143
1.14942
0.555
1.6
1.17625
1.12993
1.085
1.62
1.52513
1.10098
1.465
1.61
3.33625
-0.56125
-0.18
-1.9825
4.16625
-1.40625
4.46283
-1.36167
0.300666
-0.117174
0.101695
0.0848663
0.156423
0.686005
0.356931
0.684467
0.457183
0.6837
0.657691
0.682162
0.958449
0.67986
1.15895
0.678325
1.25921
0.677557
1.45971
0.676023
1.50523
0.0741218
1.40421
-0.0253624
1.30319
-0.124848
4.14125
-1.41125
0.674685
2
2.85
-1.42125
0.692315
1.5
1.8025
-0.66
0.766616
1.2
0.805
0.28
0.75326
1
0.435
1.29
0.462277
0.5
1.285
1.11
0.482618
0.5
0
0.845
-0.48
0.805
0.28
-0.249446
0.00359622
0.315
1.14
0.165
1.61
0.639143
1.14942
0.555
1.6
1.17625
1.12993
1.085
1.62
1.52513
1.10098
1.465
1.61
3.35
-0.575
-0.185
-2.02
4.11
-1.435
4.4063
-1.3886
0.300666
-0.117174
0.101695
0.0848663
0.156423
0.686005
0.356931
0.684467
0.457183
0.6837
0.657691
0.682162
0.958449
0.67986
1.15895
0.678325
1.25921
0.677557
1.45971
0.676023
1.50523
0.0741218
1.40421
-0.0253624
1.30319
-0.124848
4.07
-1.445
0.674685
2
2.775
-1.445
0.692315
1.5
1.795
-0.64
0.766616
1.2
0.805
0.28
0.75326
1
0.435
1.29
0.462277
0.5
1.285
1.11
0.482618
0.5
0
0.845
-0.48
0.805
0.28
-0.249446
0.00359622
0.315
1.14
0.165
1.61
0.639143
1.14942
0.555
1.6
1.17625
1.12993
1.085
1.62
1.52513
1.10098
1.465
1.61
3.36375
-0.58875
-0.19
-2.0575
4.05375
-1.46375
4.34976
-1.41553
0.300666
-0.117174
0.101695
0.0848663
0.156423
0.686005
0.356931
0.684467
0.457183
0.6837
0.657691
0.682162
0.958449
0.67986
1.15895
0.678325
1.25921
0.677557
1.45971
0.676023
1.50523
0.0741218
1.40421
-0.0253624
1.30319
-0.124848
3.99875
-1.47875
0.674685
2
2.7
-1.46875
0.692315
1.5
1.7875
-0.62
0.766616
1.2
0.805
0.28
0.75326
1
0.435
1.29
0.462277
0.5
1.285
1.11
0.482618
0.5
0
0.845
-0.48
0.805
0.28
-0.249446
0.00359622
0.315
1.14
0.165
1.61
0.639143
1.14942
0.555
1.6
1.17625
1.12993
1.085
1.62
1.52513
1.10098
1.465
1.61
3.3775
-0.6025
-0.195
-2.095
3.9975
-1.4925
4.29323
-1.44247
0.300666
-0.117174
0.101695
0.0848663
0.156423
0.686005
0.356931
0.684467
0.457183
0.6837
0.657691
0.682162
0.958449
0.67986
1.15895
0.678325
1.25921
0.677557
1.45971
0.676023
1.50523
0.0741218
1.40421
-0.0253624
1.30319
-0.124848
3.9275
-1.5125
0.674685
2
2.625
-1.4925
0.692315
1.5
1.78
-0.6
0.766616
1.2
0.805
0.28
0.75326
1
0.435
1.29
0.462277
0.5
1.285
1.11
0.482618
0.5
0
0.845
-0.48
0.805
0.28
-0.249446
0.00359622
0.315
1.14
0.165
1.61
0.639143
1.14942
0.555
1.6
1.17625
1.12993
1.085
1.62
1.52513
1.10098
1.465
1.61
3.39125
-0.61625
-0.2
-2.1325
3.94125
-1.52125
4.2367
-1.4694
0.300666
-0.117174
0.101695
0.0848663
0.156423
0.686005
0.356931
0.684467
0.457183
0.6837
0.657691
0.682162
0.958449
0.67986
1.15895
0.678325
1.25921
0.677557
1.45971
0.676023
1.50523
0.0741218
1.40421
-0.0253624
1.30319
-0.124848
3.85625
-1.54625
0.674685
2
2.55
-1.51625
0.692315
1.5
1.7725
-0.58
0.766616
1.2
0.805
0.28
0.75326
1
0.435
1.29
0.462277
0.5
1.285
1.11
0.482618
0.5
0
0.845
-0.48
0.805
0.28
-0.249446
0.00359622
0.315
1.14
0.165
1.61
0.639143
1.14942
0.555
1.6
1.17625
1.12993
1.085
1.62
1.52513
1.10098
1.465
1.61
3.405
-0.63
-0.205
-2.17
3.885
-1.55
4.18016
-1.49633
0.300666
-0.117174
0.101695
0.0848663
0.156423
0.686005
0.356931
0.684467
0.457183
0.6837
0.657691
0.682162
0.958449
0.67986
1.15895
0.678325
1.25921
0.677557
1.45971
0.676023
1.50523
0.0741218
1.40421
-0.0253624
1.30319
-0.124848
3.785
-1.58
0.674685
2
2.475
-1.54
0.692315
1.5
1.765
-0.56
0.766616
1.2
0.805
0.28
0.75326
1
0.435
1.29
0.462277
0.5
1.285
1.11
0.482618
0.5
0
0.845
-0.48
0.805
0.28
-0.249446
0.00359622
0.315
1.14
0.165
1.61
0.639143
1.14942
0.555
1.6
1.17625
1.12993
1.085
1.62
1.52513
1.10098
1.465
1.61
3.39875
-0.61625
-0.15125
-2.14125
3.7975
-1.59
4.09266
-1.53633
0.300666
-0.117174
0.101695
0.0848663
0.156423
0.686005
0.356931
0.684467
0.457183
0.6837
0.657691
0.682162
0.958449
0.67986
1.15895
0.678325
1.25921
0.677557
1.45971
0.676023
1.50523
0.0741218
1.40421
-0.0253624
1.30319
-0.124848
3.71625
-1.6075
0.674685
2
2.4275
-1.54375
0.692315
1.5
1.765
-0.56
0.766616
1.2
0.805
0.28
0.75326
1
0.435
1.29
0.462277
0.5
1.285
1.11
0.482618
0.5
0
0.845
-0.48
0.805
0.28
-0.249446
0.00359622
0.315
1.14
0.165
1.61
0.639143
1.14942
0.555
1.6
1.17625
1.12993
1.085
1.62
1.52513
1.10098
1.465
1.61
3.3925
-0.6025
-0.0975
-2.1125
3.71
-1.63
4.00516
-1.57633
0.300666
-0.117174
0.101695
0.0848663
0.156423
0.686005
0.356931
0.684467
0.457183
0.6837
0.657691
0.682162
0.958449
0.67986
1.15895
0.678325
1.25921
0.677557
1.45971
0.676023
1.50523
0.0741218
1.40421
-0.0253624
1.30319
-0.124848
3.6475
-1.635
0.674685
2
2.38
-1.5475
0.692315
1.5
1.765
-0.56
0.766616
1.2
0.805
0.28
0.75326
1
0.435
1.29
0.462277
0.5
1.285
1.11
0.482618
0.5
0
0.845
-0.48
0.805
0.28
-0.249446
0.00359622
0.315
1.14
0.165
1.61
0.639143
1.14942
0.555
1.6
1.17625
1.12993
1.085
1.62
1.52513
1.10098
1.465
1.61
3.38625
-0.58875
-0.04375
-2.08375
3.6225
-1.67
3.91766
-1.61633
0.300666
-0.117174
0.101695
0.0848663
0.156423
0.686005
0.356931
0.684467
0.457183
0.6837
0.657691
0.682162
0.958449
0.67986
1.15895
0.678325
1.25921
0.677557
1.45971
0.676023
1.50523
0.0741218
1.40421
-0.0253624
1.30319
-0.124848
3.57875
-1.6625
0.674685
2
2.3325
-1.55125
0.692315
1.5
1.765
-0.56
0.766616
1.2
0.805
0.28
0.75326
1
0.435
1.29
0.462277
0.5
1.285
1.11
0.482618
0.5
0
0.845
-0.48
0.805
0.28
-0.249446
0.00359622
0.315
1.14
0.165
1.61
0.639143
1.14942
0.555
1.6
1.17625
1.12993
1.085
1.62
1.52513
1.10098
1.465
1.61
3.38
-0.575
0.01
-2.055
3.535
-1.71
3.83016
-1.65633
0.300666
-0.117174
0.101695
0.0848663
0.156423
0.686005
0.356931
0.684467
0.457183
0.6837
0.657691
0.682162
0.958449
0.67986
1.15895
0.678325
1.25921
0.677557
1.45971
0.676023
1.50523
0.0741218
1.40421
-0.0253624
1.30319
-0.124848
3.51
-1.69
0.674685
2
2.285
-1.555
0.692315
1.5
1.765
-0.56
0.766616
1.2
0.805
0.28
0.75326
1
0.435
1.29
0.462277
0.5
1.285
1.11
0.482618
0.5
0
0.845
-0.48
0.805
0.28
-0.249446
0.00359622
0.315
1.14
0.165
1.61
0.639143
1.14942
0.555
1.6
1.17625
1.12993
1.085
1.62
1.52513
1.10098
1.465
1.61
3.37375
-0.56125
0.06375
-2.02625
3.4475
-1.75
3.74266
-1.69633
0.300666
-0.117174
0.101695
0.0848663
0.156423
0.686005
0.356931
0.684467
0.457183
0.6837
0.657691
0.682162
0.958449
0.67986
1.15895
0.678325
1.25921
0.677557
1.45971
0.676023
1.50523
0.0741218
1.40421
-0.0253624
1.30319
-0.124848
3.44125
-1.7175
0.674685
2
2.2375
-1.55875
0.692315
1.5
1.765
-0.56
0.766616
1.2
0.805
0.28
0.75326
1
0.435
1.29
0.462277
0.5
1.285
1.11
0.482618
0.5
0
0.845
-0.48
0.805
0.28
-0.249446
0.00359622
0.315
1.14
0.165
1.61
0.639143
1.14942
0.555
1.6
1.17625
1.12993
1.085
1.62
1.52513
1.10098
1.465
1.61
3.3675
-0.5475
0.1175
-1.9975
3.36
-1.79
3.65516
-1.73633
0.300666
-0.117174
0.101695
0.0848663
0.156423
0.686005
0.356931
0.684467
0.457183
0.6837
0.657691
0.682162
0.958449
0.67986
1.15895
0.678325
1.25921
0.677557
1.45971
0.676023
1.50523
0.0741218
1.40421
-0.0253624
1.30319
-0.124848
3.3725
-1.745
0.674685
2
2.19
-1.5625
0.692315
1.5
1.765
-0.56
0.766616
1.2
0.805
0.28
0.75326
1
0.435
1.29
0.462277
0.5
1.285
1.11
0.482618
0.5
0
0.845
-0.48
0.805
0.28
-0.249446
0.00359622
0.315
1.14
0.165
1.61
0.639143
1.14942
0.555
1.6
1.17625
1.12993
1.085
1.62
1.52513
1.10098
1.465
1.61
3.36125
-0.53375
0.17125
-1.96875
3.2725
-1.83
3.56766
-1.77633
0.300666
-0.117174
0.101695
0.0848663
0.156423
0.686005
0.356931
0.684467
0.457183
0.6837
0.657691
0.682162
0.958449
0.67986
1.15895
0.678325
1.25921
0.677557
1.45971
0.676023
1.50523
0.0741218
1.40421
-0.0253624
1.30319
-0.124848
3.30375
-1.7725
0.674685
2
2.1425
-1.56625
0.692315
1.5
1.765
-0.56
0.766616
1.2
0.805
0.28
0.75326
1
0.435
1.29
0.462277
0.5
1.285
1.11
0.482618
0.5
0
0.845
-0.48
0.805
0.28
-0.249446
0.00359622
0.315
1.14
0.165
1.61
0.639143
1.14942
0.555
1.6
1.17625
1.12993
1.085
1.62
1.52513
1.10098
1.465
1.61
3.35812
-0.526875
0.198125
-1.95438
3.22875
-1.85
3.52391
-1.79633
0.300666
-0.117174
0.101695
0.0848663
0.156423
0.686005
0.356931
0.684467
0.457183
0.6837
0.657691
0.682162
0.958449
0.67986
1.15895
0.678325
1.25921
0.677557
1.45971
0.676023
1.50523
0.0741218
1.40421
-0.0253624
1.30319
-0.124848
3.26937
-1.78625
0.674685
2
2.11875
-1.56813
0.692315
1.5
1.765
-0.56
0.766616
1.2
0.805
0.28
0.75326
1
0.435
1.29
0.462277
0.5
1.285
1.11
0.482618
0.5
0
0.845
-0.48
0.805
0.28
-0.249446
0.00359622
0.315
1.14
0.165
1.61
0.639143
1.14942
0.555
1.6
1.17625
1.12993
1.085
1.62
1.52513
1.10098
1.465
1.61
3.355
-0.52
0.225
-1.94
3.185
-1.87
3.48016
-1.81633
0.300666
-0.117174
0.101695
0.0848663
0.156423
0.686005
0.356931
0.684467
0.457183
0.6837
0.657691
0.682162
0.958449
0.67986
1.15895
0.678325
1.25921
0.677557
1.45971
0.676023
1.50523
0.0741218
1.40421
-0.0253624
1.30319
-0.124848
3.235
-1.8
0.674685
2
2.095
-1.57
0.494975
1.5
1.765
-0.56
0.61
1.2
0.805
0.28
0.75326
1
0.435
1.29
0.462277
0.5
1.285
1.11
0.482618
0.5
0
0.845
-0.48
0.805
0.28
-0.249446
0.00359622
0.315
1.14
0.165
1.61
0.639143
1.14942
0.555
1.6
1.17625
1.12993
1.085
1.62
1.52513
1.10098
1.465
1.61
3.33125
-0.52625
0.25375
-1.90125
3.11625
-1.9075
3.41197
-1.86225
0.300666
-0.117174
0.101695
0.0848663
0.156423
0.686005
0.356931
0.684467
0.457183
0.6837
0.657691
0.682162
0.958449
0.67986
1.15895
0.678325
1.25921
0.677557
1.45971
0.676023
1.50523
0.0741218
1.40421
-0.0253624
1.30319
-0.124848
3.16
-1.8375
0.674685
2
2.065
-1.555
0.494975
1.5
1.7625
-0.545
0.61
1.2
0.805
0.28
0.75326
1
0.435
1.29
0.462277
0.5
1.285
1.11
0.482618
0.5
0
0.845
-0.48
0.805
0.28
-0.249446
0.00359622
0.315
1.14
0.165
1.61
0.639143
1.14942
0.555
1.6
1.17625
1.12993
1.085
1.62
1.52513
1.10098
1.465
1.61
3.3075
-0.5325
0.2825
-1.8625
3.0475
-1.945
3.34379
-1.90816
0.300666
-0.117174
0.101695
0.0848663
0.156423
0.686005
0.356931
0.684467
0.457183
0.6837
0.657691
0.682162
0.958449
0.67986
1.15895
0.678325
1.25921
0.677557
1.45971
0.676023
1.50523
0.0741218
1.40421
-0.0253624
1.30319
-0.124848
3.085
-1.875
0.674685
2
2.035
-1.54
0.494975
1.5
1.76
-0.53
0.61
1.2
0.805
0.28
0.75326
1
0.435
1.29
0.462277
0.5
1.285
1.11
0.482618
0.5
0
0.845
-0.48
0.805
0.28
-0.249446
0.00359622
0.315
1.14
0.165
1.61
0.639143
1.14942
0.555
1.6
1.17625
1.12993
1.085
1.62
1.52513
1.10098
1.465
1.61
3.28375
-0.53875
0.31125
-1.82375
2.97875
-1.9825
3.27561
-1.95407
0.300666
-0.117174
0.101695
0.0848663
0.156423
0.686005
0.356931
0.684467
0.457183
0.6837
0.657691
0.682162
0.958449
0.67986
1.15895
0.678325
1.25921
0.677557
1.45971
0.676023
1.50523
0.0741218
1.40421
-0.0253624
1.30319
-0.124848
3.01
-1.9125
0.674685
2
2.005
-1.525
0.494975
1.5
1.7575
-0.515
0.61
1.2
0.805
0.28
0.75326
1
0.435
1.29
0.462277
0.5
1.285
1.11
0.482618
0.5
0
0.845
-0.48
0.805
0.28
-0.249446
0.00359622
0.315
1.14
0.165
1.61
0.639143
1.14942
0.555
1.6
1.17625
1.12993
1.085
1.62
1.52513
1.10098
1.465
1.61
3.26
-0.545
0.34
-1.785
2.91
-2.02
3.20742
-1.99998
0.300666
-0.117174
0.101695
0.0848663
0.156423
0.686005
0.356931
0.684467
0.457183
0.6837
0.657691
0.682162
0.958449
0.67986
1.15895
0.678325
1.25921
0.677557
1.45971
0.676023
1.50523
0.0741218
1.40421
-0.0253624
1.30319
-0.124848
2.935
-1.95
0.674685
2
1.975
-1.51
0.494975
1.5
1.755
-0.5
0.61
1.2
0.805
0.28
0.75326
1
0.435
1.29
0.462277
0.5
1.285
1.11
0.482618
0.5
0
0.845
-0.48
0.805
0.28
-0.249446
0.00359622
0.315
1.14
0.165
1.61
0.639143
1.14942
0.555
1.6
1.17625
1.12993
1.085
1.62
1.52513
1.10098
1.465
1.61
3.23625
-0.55125
0.36875
-1.74625
2.84125
-2.0575
3.13924
-2.04589
0.300666
-0.117174
0.101695
0.0848663
0.156423
0.686005
0.356931
0.684467
0.457183
0.6837
0.657691
0.682162
0.958449
0.67986
1.15895
0.678325
1.25921
0.677557
1.45971
0.676023
1.50523
0.0741218
1.40421
-0.0253624
1.30319
-0.124848
2.86
-1.9875
0.674685
2
1.945
-1.495
0.494975
1.5
1.7525
-0.485
0.61
1.2
0.805
0.28
0.75326
1
0.435
1.29
0.462277
0.5
1.285
1.11
0.482618
0.5
0
0.845
-0.48
0.805
0.28
-0.249446
0.00359622
0.315
1.14
0.165
1.61
0.639143
1.14942
0.555
1.6
1.17625
1.12993
1.085
1.62
1.52513
1.10098
1.465
1.61
3.2125
-0.5575
0.3975
-1.7075
2.7725
-2.095
3.07106
-2.0918
0.300666
-0.117174
0.101695
0.0848663
0.156423
0.686005
0.356931
0.684467
0.457183
0.6837
0.657691
0.682162
0.958449
0.67986
1.15895
0.678325
1.25921
0.677557
1.45971
0.676023
1.50523
0.0741218
1.40421
-0.0253624
1.30319
-0.124848
2.785
-2.025
0.674685
2
1.915
-1.48
0.494975
1.5
1.75
-0.47
0.61
1.2
0.805
0.28
0.75326
1
0.435
1.29
0.462277
0.5
1.285
1.11
0.482618
0.5
0
0.845
-0.48
0.805
0.28
-0.249446
0.00359622
0.315
1.14
0.165
1.61
0.639143
1.14942
0.555
1.6
1.17625
1.12993
1.085
1.62
1.52513
1.10098
1.465
1.61
3.18875
-0.56375
0.42625
-1.66875
2.70375
-2.1325
3.00287
-2.13771
0.300666
-0.117174
0.101695
0.0848663
0.156423
0.686005
0.356931
0.684467
0.457183
0.6837
0.657691
0.682162
0.958449
0.67986
1.15895
0.678325
1.25921
0.677557
1.45971
0.676023
1.50523
0.0741218
1.40421
-0.0253624
1.30319
-0.124848
2.71
-2.0625
0.674685
2
1.885
-1.465
0.494975
1.5
1.7475
-0.455
0.61
1.2
0.805
0.28
0.75326
1
0.435
1.29
0.462277
0.5
1.285
1.11
0.482618
0.5
0
0.845
-0.48
0.805
0.28
-0.249446
0.00359622
0.315
1.14
0.165
1.61
0.639143
1.14942
0.555
1.6
1.17625
1.12993
1.085
1.62
1.52513
1.10098
1.465
1.61
3.165
-0.57
0.455
-1.63
2.635
-2.17
2.93469
-2.18362
0.300666
-0.117174
0.101695
0.0848663
0.156423
0.686005
0.356931
0.684467
0.457183
0.6837
0.657691
0.682162
0.958449
0.67986
1.15895
0.678325
1.25921
0.677557
1.45971
0.676023
1.50523
0.0741218
1.40421
-0.0253624
1.30319
-0.124848
2.635
-2.1
0.591355
2
1.855
-1.45
0.494975
1.5
1.745
-0.44
0.551453
1.2
0.805
0.28
0.75326
1
0.435
1.29
0.462277
0.5
1.285
1.11
0.482618
0.5
0
0.45755
-0.437351
0.60375
0.31
-0.401126
0.270855
0.2575
1.165
0.1225
1.62
0.590607
1.15456
0.5125
1.605
1.06094
0.987447
1.08571
1.32615
1.3476
0.888234
1.3675
1.205
2.3575
-0.605
0.32
-1.6375
2.01
-2.135
2.30973
-2.14771
0.0703933
0.0525844
-0.0686361
0.274184
0.100296
0.804811
0.280613
0.763523
0.370769
0.742881
0.551085
0.701593
0.821557
0.639664
1.00187
0.59838
1.09203
0.577736
1.27234
0.536452
1.19356
-0.0148134
1.08276
-0.084327
0.971965
-0.153842
2.0475
-2.0775
0.591355
2
1.3925
-1.42
0.494975
1.5
1.31
-0.48
0.551453
1.2
0.60375
0.31
0.75326
1
0.38
1.315
0.462277
0.5
1.1775
0.905
0.482618
0.5
0
0.0701
-0.394703
0.4025
0.34
-0.552805
0.538113
0.2
1.19
0.08
1.63
0.542071
1.15971
0.47
1.61
0.945626
0.844964
1.08641
1.03231
1.17006
0.675489
1.27
0.8
1.55
-0.64
0.185
-1.645
1.385
-2.1
1.68476
-2.11181
-0.15988
0.222343
-0.238967
0.463502
0.0441697
0.923617
0.204294
0.842579
0.284355
0.802061
0.44448
0.721023
0.684664
0.599469
0.844787
0.518434
0.924849
0.477916
1.08497
0.39688
0.881894
-0.103749
0.761316
-0.143292
0.640736
-0.182836
1.46
-2.055
0.591355
2
0.93
-1.39
0.494975
1.5
0.875
-0.52
0.551453
1.2
0.4025
0.34
0.75326
1
0.325
1.34
0.462277
0.5
1.07
0.7
0.482618
0.5
0
-0.123625
-0.373379
0.301875
0.355
-0.628645
0.671742
0.17125
1.2025
0.05875
1.635
0.517804
1.16228
0.44875
1.6125
0.887969
0.773723
1.08676
0.885382
1.0813
0.569117
1.22125
0.5975
1.14625
-0.6575
0.1175
-1.64875
1.0725
-2.0825
1.37228
-2.09385
-0.275016
0.307222
-0.324133
0.558161
0.0161064
0.983021
0.166135
0.882106
0.241148
0.831652
0.391177
0.730738
0.616218
0.579372
0.766245
0.478461
0.841259
0.428005
0.991286
0.327095
0.726059
-0.148216
0.600591
-0.172774
0.475122
-0.197333
1.16625
-2.04375
0.591355
2
0.69875
-1.375
0.494975
1.5
0.6575
-0.54
0.551453
1.2
0.301875
0.355
0.75326
1
0.2975
1.3525
0.462277
0.5
1.01625
0.5975
0.482618
0.5
0
-0.31735
-0.352055
0.20125
0.37
-0.704485
0.805372
0.1425
1.215
0.0375
1.64
0.493536
1.16485
0.4275
1.615
0.830313
0.702482
1.08712
0.738459
0.992532
0.462745
1.1725
0.395
0.7425
-0.675
0.05
-1.6525
0.76
-2.065
1.0598
-2.0759
-0.390153
0.392101
-0.409299
0.65282
-0.0119569
1.04242
0.127976
0.921634
0.197941
0.861242
0.337874
0.740454
0.547772
0.559274
0.687703
0.438489
0.75767
0.378095
0.897601
0.257309
0.570225
-0.192684
0.439867
-0.202256
0.309508
-0.21183
0.8725
-2.0325
0.591355
2
0.4675
-1.36
0.494975
1.5
0.44
-0.56
0.551453
1.2
0.20125
0.37
0.75326
1
0.27
1.365
0.462277
0.5
0.9625
0.495
0.482618
0.5
0
-0.7048
-0.309406
0
0.4
-0.856164
1.07263
0.085
1.24
-0.005
1.65
0.445
1.17
0.385
1.62
0.715
0.56
1.08782
0.444612
0.815
0.25
1.075
-0.00999999
-0.065
-0.71
-0.085
-1.66
0.135
-2.03
0.434833
-2.03999
-0.620426
0.56186
-0.57963
0.842138
-0.0680835
1.16123
0.051657
1.00069
0.111527
0.920423
0.231268
0.759884
0.410879
0.519079
0.53062
0.358543
0.590491
0.278274
0.710231
0.117738
0.258556
-0.281619
0.118418
-0.261221
-0.0217212
-0.240824
0.285
-2.01
0.378021
2
0.005
-1.33
0.380789
1.5
0.005
-0.6
0.400714
1.2
0
0.4
0.7
1
0.215
1.39
0.419952
0.5
0.855
0.29
0.403113
0.5
0
