20
10
15
13
6
-0.095
-0.03
0.145
0.76
-0.936274
0.897424
-0.353345
1.46448
-0.383458
1.65316
0.303793
1.34937
0.316675
1.67054
0.605
1.19
0.755
1.31
0.865
1.1
1.115
1.22
0.215
-0.01
0.565
-0.41
0.905
-0.1
1.045
0.16
-0.471124
0.579956
-0.580223
0.841667
-0.304953
1.37881
-0.119548
1.3025
-0.0268467
1.26434
0.158559
1.18804
0.436667
1.07358
0.622071
0.997274
0.714773
0.959121
0.900177
0.882815
0.71761
0.307524
0.586756
0.252975
0.4559
0.198425
0.995
0.12
0.420595
2
0.685
0.09
0.380789
1.5
0.442011
0.0748101
0.400714
1.2
0.145
0.76
0.7
1
0.005
1.48
0.484665
0.5
0.825
1.15
0.403113
0.5
0
0.005
-0.08
0.145
0.76
-0.944929
0.727676
-0.457027
1.3787
-0.516125
1.56048
0.210282
1.36713
0.173072
1.68653
0.53273
1.25647
0.662306
1.39839
0.803666
1.20796
1.03207
1.36542
0.333908
0.00993818
0.741991
-0.330935
1.02979
0.0282879
1.12772
0.307
-0.435884
0.486269
-0.584395
0.727938
-0.395884
1.30157
-0.200793
1.25498
-0.103249
1.23169
0.0918418
1.18511
0.384478
1.11525
0.579567
1.06867
0.677112
1.04538
0.872201
0.998797
0.781235
0.401882
0.660402
0.327628
0.539567
0.253371
1.08452
0.259695
0.420595
2
0.782832
0.181845
0.380789
1.5
0.545063
0.12905
0.400714
1.2
0.145
0.76
0.7
1
-0.10531
1.44976
0.484665
0.5
0.756362
1.25115
0.403113
0.5
0
0.135
0.02
0.145
0.76
-0.926488
0.55805
-0.546142
1.27718
-0.63287
1.44751
0.114771
1.36985
0.0281934
1.67952
0.450516
1.31085
0.556362
1.47123
0.72569
1.3052
0.915
1.47
0.448592
0.0486271
0.904832
-0.224397
1.13306
0.175305
1.1863
0.465867
-0.386043
0.399019
-0.570427
0.61455
-0.473717
1.21053
-0.273756
1.19496
-0.173779
1.18717
0.0261795
1.1716
0.326117
1.14824
0.526075
1.13266
0.626054
1.12487
0.82601
1.1093
0.829279
0.505534
0.721514
0.413343
0.613748
0.321149
1.15102
0.412406
0.420595
2
0.865181
0.288451
0.380789
1.5
0.638569
0.199214
0.400714
1.2
0.145
0.76
0.7
1
-0.209833
1.40224
0.484665
0.5
0.672229
1.34048
0.403113
0.5
0
0.345
0.00999999
0.145
0.76
-0.828516
0.26841
-0.662733
1.06504
-0.793367
1.20463
-0.0533925
1.33761
-0.222576
1.61113
0.285608
1.37415
0.34278
1.55766
0.551593
1.44513
0.689207
1.63467
0.634259
0.160744
1.14848
0.025085
1.25679
0.472534
1.22726
0.76652
-0.26504
0.26567
-0.502066
0.421574
-0.574633
1.02111
-0.378164
1.06167
-0.279933
1.08195
-0.0834688
1.12251
0.211229
1.18335
0.407693
1.22391
0.505925
1.24419
0.702388
1.28475
0.873186
0.705497
0.795235
0.586986
0.717283
0.468472
1.20821
0.705352
0.420595
2
0.967965
0.50687
0.380789
1.5
0.774993
0.358196
0.400714
1.2
0.145
0.76
0.7
1
-0.374299
1.2786
0.484665
0.5
0.490425
1.46419
0.403113
0.5
0
0.555
0.06
0.145
0.76
-0.645549
0.00832045
-0.716605
0.819118
-0.881988
0.915113
-0.211651
1.25596
-0.452597
1.46912
0.10248
1.38876
0.104294
1.58101
0.336746
1.53348
0.413863
1.75471
0.786471
0.327222
1.3181
0.34565
1.29274
0.805437
1.17965
1.07848
-0.105096
0.168262
-0.377083
0.249195
-0.619553
0.802459
-0.443087
0.897984
-0.354858
0.945746
-0.178399
1.04128
0.0862918
1.18457
0.262751
1.28009
0.350982
1.32786
0.52744
1.42338
0.858137
0.917885
0.817672
0.781893
0.777205
0.645898
1.17904
1.0144
0.420595
2
1.00622
0.754997
0.380789
1.5
0.864292
0.556932
0.400714
1.2
0.145
0.76
0.7
1
-0.501971
1.10686
0.484665
0.5
0.272665
1.53409
0.403113
0.5
0
0.895
0.14
0.145
0.76
-0.296327
-0.238074
-0.67353
0.483506
-0.863173
0.508617
-0.375006
1.08104
-0.679463
1.18532
-0.135895
1.32441
-0.208094
1.50267
0.02487
1.5481
0.0110833
1.78208
0.903797
0.606774
1.38774
0.828088
1.18763
1.24302
0.978254
1.45176
0.141395
0.11734
-0.140924
0.0875736
-0.577487
0.505414
-0.451205
0.661457
-0.388068
0.739477
-0.261793
0.895521
-0.0723778
1.12959
0.0538977
1.28563
0.117036
1.36365
0.243312
1.51969
0.74301
1.17987
0.757893
1.03872
0.772777
0.897555
1.00232
1.39234
0.420595
2
0.942376
1.08633
0.380789
1.5
0.887402
0.848849
0.400714
1.2
0.145
0.76
0.7
1
-0.58586
0.831756
0.484665
0.5
-0.0345505
1.52404
0.403113
0.5
0
1.02735
0.289412
0.145
0.76
-0.050786
-0.313887
-0.586393
0.299664
-0.776702
0.279732
-0.435811
0.950606
-0.756299
0.980823
-0.260184
1.24322
-0.372091
1.3997
-0.156149
1.49837
-0.224277
1.7227
0.9188
0.788444
1.3377
1.11686
1.04604
1.4736
0.793592
1.62764
0.291796
0.134142
0.0241893
0.0391648
-0.49811
0.343433
-0.411789
0.524725
-0.368632
0.61537
-0.282319
0.796662
-0.152846
1.0686
-0.0665321
1.24989
-0.0233741
1.34054
0.0629406
1.52183
0.628394
1.30821
0.675881
1.1744
0.723371
1.0406
0.830895
1.57548
0.420595
2
0.844164
1.26385
0.380789
1.5
0.846239
1.02004
0.400714
1.2
0.145
0.76
0.7
1
-0.582576
0.658857
0.484665
0.5
-0.20831
1.46107
0.403113
0.5
0
1.08208
0.410891
0.145
0.76
0.119434
-0.331496
-0.505592
0.190915
-0.690484
0.141478
-0.458577
0.857518
-0.77991
0.837276
-0.330811
1.17404
-0.465823
1.31114
-0.267915
1.44237
-0.385
1.66
0.904992
0.909047
1.26749
1.29897
0.923605
1.60581
0.650131
1.71852
0.387843
0.164658
0.13832
0.0290024
-0.425219
0.247953
-0.368279
0.440544
-0.339812
0.536837
-0.282879
0.729427
-0.197478
1.01831
-0.140545
1.2109
-0.112077
1.3072
-0.0551422
1.49978
0.53686
1.37713
0.604686
1.25237
0.672515
1.12761
0.695135
1.67282
0.420595
2
0.756952
1.36704
0.380789
1.5
0.797111
1.1265
0.400714
1.2
0.145
0.76
0.7
1
-0.557965
0.546358
0.484665
0.5
-0.313614
1.39736
0.403113
0.5
0
1.14463
0.732983
0.145
0.76
0.519438
-0.265999
-0.253351
-0.00745273
-0.40753
-0.120961
-0.452781
0.630607
-0.7447
0.494509
-0.449263
0.972052
-0.625042
1.05049
-0.488583
1.24493
-0.660904
1.40408
0.798509
1.17613
0.993889
1.67158
0.561621
1.83191
0.265769
1.83712
0.588417
0.294076
0.405495
0.0766773
-0.199299
0.0750007
-0.216532
0.275165
-0.225151
0.375244
-0.242391
0.575404
-0.26825
0.875645
-0.285489
1.0758
-0.294107
1.17589
-0.311345
1.37604
0.284826
1.4778
0.393524
1.38634
0.502225
1.29488
0.324362
1.81097
0.420595
2
0.493511
1.54871
0.380789
1.5
0.618684
1.33931
0.400714
1.2
0.145
0.76
0.7
1
-0.431823
0.304515
0.484665
0.5
-0.514728
1.18634
0.403113
0.5
0
1.09915
1.05934
0.145
0.76
0.857753
-0.0681264
0.0431264
-0.0989953
-0.0611063
-0.25968
-0.368837
0.427813
-0.594019
0.197349
-0.486108
0.748649
-0.678333
0.759998
-0.619263
0.990181
-0.836752
1.0783
0.609755
1.38025
0.617687
1.91299
0.156471
1.91042
-0.122286
1.81083
0.724557
0.480462
0.630104
0.212387
0.0646056
-0.00273317
-0.0222021
0.178536
-0.065607
0.269168
-0.15242
0.450431
-0.282637
0.722327
-0.369448
0.90359
-0.412854
0.994223
-0.499663
1.17549
0.0224256
1.48124
0.156462
1.43401
0.290501
1.38678
-0.0582106
1.80705
0.420595
2
0.192719
1.62129
0.380789
1.5
0.383819
1.46949
0.400714
1.2
0.145
0.76
0.7
1
-0.234078
0.12999
0.484665
0.5
-0.623046
0.926105
0.403113
0.5
0
0.945
1.35
0.145
0.76
1.11523
0.256586
0.370365
-0.075501
0.333438
-0.263516
-0.208354
0.260183
-0.331589
-0.0376714
-0.43674
0.514391
-0.619444
0.453329
-0.650335
0.68905
-0.885089
0.689856
0.345489
1.50899
0.154423
2.00658
-0.27285
1.83241
-0.494574
1.63611
0.787224
0.716325
0.799378
0.432243
0.354453
0.0218769
0.206336
0.157848
0.132278
0.225829
-0.0158408
0.361792
-0.238017
0.565739
-0.386136
0.701702
-0.460195
0.769685
-0.608311
0.905649
-0.237448
1.38399
-0.0954083
1.39007
0.0466352
1.39615
-0.433672
1.65647
0.420595
2
-0.131501
1.57746
0.380789
1.5
0.102472
1.5077
0.400714
1.2
0.145
0.76
0.7
1
0.0276968
0.0338553
0.484665
0.5
-0.629981
0.628148
0.403113
0.5
0
0.815
1.37
0.145
0.76
1.16985
0.379404
0.471259
-0.0416616
0.457684
-0.23282
-0.144389
0.220502
-0.23015
-0.0902779
-0.402291
0.444797
-0.576149
0.361759
-0.635747
0.591946
-0.868865
0.563929
0.252067
1.52807
0.00133324
1.99852
-0.401402
1.77319
-0.597391
1.55113
0.787838
0.795482
0.834774
0.514992
0.443511
0.0530434
0.279798
0.169827
0.197943
0.228216
0.0342288
0.344992
-0.21134
0.520159
-0.375054
0.636935
-0.456911
0.695325
-0.620622
0.812102
-0.311217
1.33243
-0.170974
1.3559
-0.030726
1.37937
-0.539438
1.57881
0.420595
2
-0.229803
1.53748
0.380789
1.5
0.0110052
1.49695
0.400714
1.2
0.145
0.76
0.7
1
0.117699
0.0248231
0.484665
0.5
-0.608068
0.533992
0.403113
0.5
0
0.585
1.54
0.145
0.76
1.23848
0.749965
0.724209
0.116561
0.755
-0.09
0.0559474
0.154138
0.080802
-0.167383
-0.26287
0.277579
-0.398244
0.14041
-0.532489
0.33674
-0.742302
0.231212
-0.0151072
1.51899
-0.410779
1.87647
-0.713167
1.52769
-0.822147
1.25221
0.737761
1.0117
0.877177
0.763737
0.66594
0.19624
0.472251
0.250518
0.375409
0.277654
0.181721
0.331923
-0.108809
0.413331
-0.302496
0.467601
-0.39934
0.494738
-0.593025
0.549009
-0.478632
1.14364
-0.354654
1.21335
-0.230673
1.28305
-0.777022
1.29793
0.420595
2
-0.471667
1.3642
0.380789
1.5
-0.231341
1.40785
0.400714
1.2
0.145
0.76
0.7
1
0.368985
0.0590415
0.484665
0.5
-0.486766
0.291615
0.403113
0.5
0
0.215
1.57
0.145
0.76
1.12929
1.23762
0.950345
0.441196
1.07916
0.299114
0.33482
0.177481
0.500173
-0.0995602
-0.00579225
0.146214
-0.0660533
-0.0369411
-0.273715
0.0792416
-0.414758
-0.108687
-0.336227
1.36885
-0.849855
1.51309
-0.965604
1.066
-0.940662
0.770654
0.564142
1.24932
0.799412
1.08918
0.862675
0.486662
0.664964
0.449104
0.566111
0.430323
0.368404
0.392759
0.071844
0.336415
-0.125862
0.298851
-0.224716
0.28007
-0.422421
0.242509
-0.584537
0.826238
-0.504465
0.943872
-0.424392
1.06151
-0.920574
0.831706
0.420595
2
-0.676449
1.02698
0.380789
1.5
-0.480527
1.17304
0.400714
1.2
0.145
0.76
0.7
1
0.657641
0.231575
0.484665
0.5
-0.212663
0.0591544
0.403113
0.5
0
-0.155
1.54
0.145
0.76
0.790021
1.64424
1.00609
0.856728
1.18661
0.791744
0.586303
0.334653
0.862494
0.167628
0.30014
0.147031
0.332952
-0.0430509
0.094955
-0.0379811
0.0586577
-0.270227
-0.566061
1.07172
-1.08749
0.957841
-0.979701
0.50857
-0.818928
0.259415
0.285351
1.38909
0.568384
1.35816
0.907297
0.855703
0.750309
0.729653
0.671819
0.666629
0.514838
0.540575
0.279365
0.351498
0.122385
0.225446
0.0438934
0.16242
-0.113087
0.0363703
-0.530488
0.475802
-0.515023
0.617317
-0.499557
0.758836
-0.829865
0.322776
0.420595
2
-0.705967
0.609929
0.380789
1.5
-0.601529
0.830974
0.400714
1.2
0.145
0.76
0.7
1
0.846027
0.534079
0.484665
0.5
0.158316
-0.0270442
0.403113
0.5
0
-0.455
1.49
0.145
0.76
0.434448
1.816
0.916069
1.15611
1.10798
1.15941
0.708738
0.5188
1.02635
0.46061
0.507678
0.241741
0.605836
0.0755985
0.381431
-0.00413573
0.429916
-0.234245
-0.630717
0.799169
-1.078
0.507579
-0.817719
0.125622
-0.578907
-0.0503523
0.0529801
1.39822
0.328687
1.46976
0.824027
1.12009
0.721933
0.946468
0.670889
0.859659
0.568804
0.686039
0.415671
0.42561
0.313585
0.251991
0.262541
0.165181
0.160454
-0.00843668
-0.385926
0.254421
-0.421691
0.392273
-0.457458
0.530129
-0.611626
0.00502849
0.420595
2
-0.597665
0.317588
0.380789
1.5
-0.57844
0.561407
0.400714
1.2
0.145
0.76
0.7
1
0.880878
0.797516
0.484665
0.5
0.436813
0.0285838
0.403113
0.5
0
-0.605
1.33
0.145
0.76
0.148564
1.85524
0.786005
1.34393
0.970441
1.39725
0.752334
0.674404
1.07421
0.701205
0.630592
0.354358
0.768777
0.219588
0.572938
0.0839688
0.679875
-0.125544
-0.614222
0.595141
-0.969908
0.196732
-0.618797
-0.104058
-0.342235
-0.211572
-0.110604
1.35219
0.136913
1.49329
0.706546
1.2851
0.653333
1.09078
0.62673
0.99363
0.573526
0.799319
0.493714
0.507853
0.440509
0.313543
0.413905
0.216387
0.360698
0.0220789
-0.235535
0.133121
-0.306086
0.256879
-0.376638
0.380639
-0.388297
-0.166648
0.420595
2
-0.456482
0.138789
0.380789
1.5
-0.501625
0.379229
0.400714
1.2
0.145
0.76
0.7
1
0.84572
0.988493
0.484665
0.5
0.617863
0.130031
0.403113
0.5
0
-0.723817
1.25513
0.145
0.76
-0.0209041
1.84285
0.688102
1.43619
0.862111
1.51741
0.758399
0.769366
1.07233
0.845642
0.687605
0.434269
0.845006
0.322467
0.672459
0.158155
0.810544
-0.0323403
-0.57975
0.479642
-0.869602
0.0309179
-0.476109
-0.212003
-0.186183
-0.275465
-0.199192
1.30565
0.0235734
1.48338
0.618683
1.36576
0.596158
1.16551
0.584898
1.06539
0.562381
0.865144
0.5286
0.564776
0.506082
0.364531
0.494821
0.264408
0.472301
0.0641637
-0.134065
0.081661
-0.222927
0.193043
-0.311791
0.304428
-0.23865
-0.238198
0.420595
2
-0.353279
0.0530828
0.380789
1.5
-0.435083
0.2837
0.400714
1.2
0.145
0.76
0.7
1
0.802095
1.09419
0.484665
0.5
0.709728
0.210622
0.403113
0.5
0
-0.847404
0.883025
0.145
0.76
-0.474225
1.66427
0.341348
1.60516
0.462995
1.75386
0.693939
1.03449
0.943873
1.23941
0.775455
0.701681
0.965849
0.669157
0.881557
0.446186
1.08867
0.334338
-0.386791
0.192907
-0.453481
-0.337349
0.00662741
-0.385685
0.295531
-0.31715
-0.401963
1.10264
-0.278216
1.35949
0.309311
1.51156
0.375856
1.32126
0.40913
1.22611
0.475681
1.03582
0.575503
0.750375
0.642052
0.56008
0.675326
0.464931
0.741873
0.274637
0.187623
0.0274163
0.0592029
0.0892904
-0.0692211
0.151165
0.232067
-0.306309
0.420595
2
0.00238994
-0.0934256
0.380789
1.5
-0.171383
0.079004
0.400714
1.2
0.145
0.76
0.7
1
0.592449
1.34628
0.484665
0.5
0.8924
0.509651
0.403113
0.5
0
-0.805268
0.448568
0.145
0.76
-0.821849
1.27758
-0.0702904
1.60111
-0.0308131
1.78925
0.505957
1.25686
0.63344
1.55409
0.731792
0.998881
0.915875
1.05778
0.943818
0.820896
1.17932
0.817054
-0.0658198
0.0111841
0.119429
-0.490481
0.550334
-0.321273
0.775311
-0.127208
-0.498731
0.812119
-0.507252
1.09728
-0.0555862
1.50321
0.091251
1.36489
0.164669
1.29573
0.311509
1.15742
0.531766
0.949937
0.678603
0.81162
0.752022
0.74246
0.898858
0.604142
0.520615
0.129049
0.378037
0.124789
0.235457
0.12053
0.71395
-0.146841
0.420595
2
0.411824
-0.0636736
0.380789
1.5
0.177998
0.00934142
0.400714
1.2
0.145
0.76
0.7
1
0.27207
1.48697
0.484665
0.5
0.924186
0.882258
0.403113
0.5
0
