19
10
15
13
6
-0.7048
-0.309406
0
0.4
-0.856164
1.07263
0.085
1.24
-0.005
1.65
0.445
1.17
0.375
1.62
0.715
0.56
1.08782
0.444612
0.815
0.25
1.055
-0.02
-0.065
-0.71
-0.085
-1.66
0.135
-2.03
0.434833
-2.03999
-0.620426
0.56186
-0.57963
0.842138
-0.0680835
1.16123
0.051657
1.00069
0.111527
0.920423
0.231268
0.759884
0.410879
0.519079
0.53062
0.358543
0.590491
0.278274
0.710231
0.117738
0.258556
-0.281619
0.118418
-0.261221
-0.0217212
-0.240824
0.285
-2.01
0.378021
2
0.005
-1.33
0.380789
1.5
0.005
-0.6
0.400714
1.2
0
0.4
0.7
1
0.215
1.39
0.419952
0.5
0.855
0.29
0.403113
0.5
0
-0.7048
-0.309406
0
0.4
-0.856164
1.07263
0.085
1.24
-0.005
1.65
0.475
1.11
0.465
1.56
0.695
0.56
1.035
0.48
0.845
0.25
1.125
0
-0.065
-0.71
-0.085
-1.66
0.185
-1.97
0.484833
-1.97999
-0.620426
0.56186
-0.57963
0.842138
-0.0680835
1.16123
0.051657
1.00069
0.111527
0.920423
0.231268
0.759884
0.410879
0.519079
0.53062
0.358543
0.590491
0.278274
0.710231
0.117738
0.258556
-0.281619
0.118418
-0.261221
-0.0217212
-0.240824
0.285
-2.01
0.378021
2
0.005
-1.33
0.380789
1.5
0.005
-0.6
0.400714
1.2
0
0.4
0.7
1
0.215
1.39
0.419952
0.5
0.855
0.29
0.403113
0.5
0
-0.647329
-0.371582
0.045
0.35
-0.823132
1.00717
0.114903
1.19142
-0.015
1.65
0.537901
1.02898
0.59035
1.45
0.687042
0.521563
1.02843
0.44768
0.922399
0.225733
1.23613
0.0213283
-5.61103e-05
-0.761021
-0.032449
-1.74179
0.351273
-1.94494
0.651246
-1.94954
-0.578252
0.500696
-0.542495
0.78167
-0.0367461
1.10991
0.085862
0.951539
0.147166
0.872358
0.269774
0.71399
0.453686
0.476443
0.576295
0.318078
0.6376
0.238895
0.760207
0.0805306
0.315764
-0.326886
0.175278
-0.309007
0.0347907
-0.29113
0.373246
-2.05456
0.378021
2
0.0810698
-1.37968
0.380789
1.5
0.0679591
-0.649779
0.400714
1.2
0.045
0.35
0.7
1
0.242192
1.34373
0.419952
0.5
0.901863
0.25537
0.403113
0.5
0
-0.602476
-0.386207
0.085
0.34
-0.791314
0.986251
0.0842254
1.20008
-0.005
1.65
0.577078
0.976227
0.682473
1.39124
0.702834
0.517757
1.03332
0.481894
0.936454
0.230656
1.25844
0.0746741
0.00941239
-0.81106
0.0208128
-1.72101
0.452667
-1.86561
0.751735
-1.84191
-0.540103
0.482879
-0.507868
0.764285
-0.00626141
1.09884
0.118324
0.942016
0.180616
0.863607
0.305201
0.706785
0.492078
0.471555
0.616664
0.314736
0.678957
0.236326
0.803541
0.0795065
0.364228
-0.333454
0.223526
-0.317337
0.0828234
-0.30122
0.443351
-2.06031
0.378021
2
0.142737
-1.38913
0.380789
1.5
0.120483
-0.659433
0.400714
1.2
0.085
0.34
0.7
1
0.269731
1.33614
0.419952
0.5
0.942999
0.25611
0.403113
0.5
0
-0.555
-0.39
0.115
0.35
-0.777822
0.973303
0.091898
1.20979
-0.00898012
1.65726
0.589793
0.942542
0.827774
1.40889
0.721178
0.505793
1.00109
0.513062
1.00836
0.233147
1.3232
0.0512534
0.0556606
-0.831974
0.0782458
-1.70171
0.559656
-1.74923
0.851832
-1.68112
-0.51362
0.476608
-0.488701
0.758763
0.00406707
1.10624
0.132685
0.952696
0.196993
0.875929
0.325612
0.722389
0.518538
0.492083
0.647156
0.338546
0.711466
0.261777
0.840083
0.10824
0.411625
-0.315999
0.270548
-0.303539
0.12947
-0.29108
0.535553
-2.04027
0.378021
2
0.217608
-1.3771
0.380789
1.5
0.176417
-0.648205
0.400714
1.2
0.115
0.35
0.7
1
0.273814
1.35063
0.419952
0.5
0.974913
0.28841
0.403113
0.5
0
-0.445
-0.38
0.125
0.35
-0.817784
0.895051
0.075
1.21
-0.015
1.64
0.625
0.98
0.875
1.5
0.755
0.6
1.05254
0.600663
1.005
0.3
1.305
0.15
0.195
-0.84
0.215
-1.59
0.715
-1.66
0.975
-1.55
-0.512197
0.422609
-0.511402
0.705896
-0.0499682
1.09413
0.0912779
0.952084
0.1619
0.881065
0.303147
0.739022
0.515015
0.525962
0.656262
0.383922
0.726885
0.312901
0.868131
0.170861
0.47732
-0.288388
0.335678
-0.28799
0.194034
-0.287594
0.747706
-1.99604
0.378021
2
0.374382
-1.36229
0.380789
1.5
0.271241
-0.639464
0.400714
1.2
0.125
0.35
0.7
1
0.19801
1.36065
0.419952
0.5
0.987138
0.361884
0.403113
0.5
0
-0.335
-0.4
0.175
0.35
-0.803408
0.828264
0.0653775
1.20448
-0.015
1.64
0.635
1.05
0.845
1.58
0.815
0.63
1.145
0.61
1.025
0.35
1.295
0.23
0.327499
-0.83231
0.399551
-1.57914
0.903226
-1.61424
1.15497
-1.48644
-0.465727
0.378173
-0.484613
0.660842
-0.0512446
1.08021
0.0995333
0.948311
0.174921
0.882367
0.325699
0.750473
0.551865
0.552637
0.702643
0.420746
0.778033
0.3548
0.928809
0.222909
0.57083
-0.262397
0.429496
-0.271839
0.288162
-0.281284
0.959199
-1.94721
0.378021
2
0.542736
-1.3409
0.380789
1.5
0.389628
-0.626955
0.400714
1.2
0.175
0.35
0.7
1
0.17763
1.36332
0.419952
0.5
1.03426
0.421745
0.403113
0.5
0
-0.385
-0.42
0.175
0.35
-0.787231
0.860122
0.0934626
1.20765
0.005
1.65
0.605
1.07
0.775
1.61
0.875
0.61
1.245
0.54
0.985
0.33
1.245
0.24
0.305
-0.82
0.415
-1.46
0.835
-1.51
1.10517
-1.37958
-0.464484
0.399177
-0.474088
0.682325
-0.0271782
1.08726
0.119198
0.950488
0.192385
0.882104
0.338762
0.74533
0.558325
0.540173
0.704701
0.403402
0.77789
0.335016
0.924265
0.198244
0.550544
-0.275077
0.40897
-0.279878
0.267397
-0.284681
0.88345
-1.97179
0.378021
2
0.487085
-1.35212
0.380789
1.5
0.357473
-0.63351
0.400714
1.2
0.175
0.35
0.7
1
0.21087
1.36273
0.419952
0.5
1.03619
0.393522
0.403113
0.5
0
-0.385
-0.42
0.175
0.35
-0.787231
0.860122
0.0934626
1.20765
0.005
1.65
0.585
1.18
0.695
1.63
0.935
0.61
1.325
0.46
0.945
0.34
1.195
0.26
0.305
-0.82
0.415
-1.46
0.835
-1.51
1.10517
-1.37958
-0.464484
0.399177
-0.474088
0.682325
-0.0271782
1.08726
0.119198
0.950488
0.192385
0.882104
0.338762
0.74533
0.558325
0.540173
0.704701
0.403402
0.77789
0.335016
0.924265
0.198244
0.550544
-0.275077
0.40897
-0.279878
0.267397
-0.284681
0.88345
-1.97179
0.378021
2
0.487085
-1.35212
0.380789
1.5
0.357473
-0.63351
0.400714
1.2
0.175
0.35
0.7
1
0.21087
1.36273
0.419952
0.5
1.03619
0.393522
0.403113
0.5
0
-0.385
-0.42
0.175
0.35
-0.787231
0.860122
0.0934626
1.20765
0.005
1.65
0.545
1.19
0.605
1.64
0.905
0.59
1.265
0.48
0.975
0.32
1.235
0.23
0.305
-0.82
0.445
-1.41
0.875
-1.56
1.1555
-1.4536
-0.464484
0.399177
-0.474088
0.682325
-0.0271782
1.08726
0.119198
0.950488
0.192385
0.882104
0.338762
0.74533
0.558325
0.540173
0.704701
0.403402
0.77789
0.335016
0.924265
0.198244
0.550544
-0.275077
0.40897
-0.279878
0.267397
-0.284681
0.88345
-1.97179
0.378021
2
0.487085
-1.35212
0.380789
1.5
0.357473
-0.63351
0.400714
1.2
0.175
0.35
0.7
1
0.21087
1.36273
0.419952
0.5
1.03619
0.393522
0.403113
0.5
0
-0.425
-0.42
0.155
0.31
-0.779761
0.868996
0.105
1.13
0.045
1.6
0.541465
1.20554
0.505
1.66
0.885
0.51
1.175
0.45
1.015
0.23
1.295
0.14
0.265
-0.91
0.395
-1.47
0.805
-1.68
1.09062
-1.58817
-0.481144
0.392025
-0.476164
0.67531
-0.00898007
1.05674
0.130172
0.9126
0.199747
0.840536
0.3389
0.696403
0.547627
0.480205
0.686779
0.336074
0.756356
0.264008
0.895507
0.119876
0.4979
-0.333613
0.356259
-0.331122
0.214617
-0.328634
0.743066
-2.04532
0.378021
2
0.379093
-1.40603
0.380789
1.5
0.286627
-0.681656
0.400714
1.2
0.155
0.31
0.7
1
0.242943
1.3196
0.419952
0.5
1.01734
0.309147
0.403113
0.5
0
-0.455
-0.42
0.155
0.31
-0.761066
0.899215
0.131774
1.13123
0.095
1.43
0.570489
1.19249
0.515
1.65
0.835
0.48
1.135
0.43
1.045
0.16
1.295
0.02
0.245
-0.98
0.415
-1.54
0.675
-1.72
0.963475
-1.63754
-0.478155
0.412737
-0.463936
0.695719
0.0154605
1.06172
0.149842
0.913114
0.217032
0.838816
0.351414
0.690213
0.552986
0.467313
0.687368
0.318714
0.75456
0.244413
0.888941
0.0958133
0.476735
-0.344482
0.335245
-0.337372
0.193754
-0.330264
0.665942
-2.06334
0.378021
2
0.323002
-1.41249
0.380789
1.5
0.254213
-0.685462
0.400714
1.2
0.155
0.31
0.7
1
0.275835
1.31623
0.419952
0.5
1.01689
0.281017
0.403113
0.5
0
-0.455
-0.42
0.155
0.31
-0.761066
0.899215
0.195
1.13
0.165
1.42
0.570489
1.19249
0.515
1.65
0.775
0.47
1.065
0.42
1.105
0.12
1.345
-0.04
0.225
-1.03
0.395
-1.72
0.665
-1.8
0.960918
-1.75068
-0.478155
0.412737
-0.463936
0.695719
0.0154605
1.06172
0.149842
0.913114
0.217032
0.838816
0.351414
0.690213
0.552986
0.467313
0.687368
0.318714
0.75456
0.244413
0.888941
0.0958133
0.476735
-0.344482
0.335245
-0.337372
0.193754
-0.330264
0.665942
-2.06334
0.378021
2
0.323002
-1.41249
0.380789
1.5
0.254213
-0.685462
0.400714
1.2
0.155
0.31
0.7
1
0.275835
1.31623
0.419952
0.5
1.01689
0.281017
0.403113
0.5
0
-0.545
-0.34
0.135
0.36
-0.730262
1.02171
0.195
1.14
0.155
1.41
0.565
1.2
0.515
1.65
0.765996
0.469133
1.051
0.395743
1.125
0.1
1.365
-0.06
0.225
-1
0.335
-1.59
0.645
-1.76
0.94397
-1.73487
-0.487771
0.513826
-0.450617
0.794741
0.0569585
1.12063
0.178839
0.961589
0.239779
0.882074
0.361659
0.723037
0.544479
0.484485
0.66636
0.325451
0.727301
0.245933
0.849181
0.0868989
0.402547
-0.318501
0.26209
-0.299924
0.121632
-0.281348
0.451552
-2.04719
0.378021
2
0.162574
-1.37058
0.380789
1.5
0.153049
-0.640311
0.400714
1.2
0.135
0.36
0.7
1
0.337163
1.35318
0.419952
0.5
0.991757
0.261115
0.403113
0.5
0
-0.621327
-0.306625
0.115
0.37
-0.70096
1.09178
0.235
1.16
0.225
1.46
0.555
1.13
0.535
1.65
0.805
0.46
1.095
0.37
1.045
0.09
1.255
-0.1
0.107815
-0.993078
0.175479
-1.58947
0.472598
-1.78116
0.772626
-1.77741
-0.495275
0.56785
-0.438183
0.845427
0.0913808
1.13432
0.201623
0.966987
0.256744
0.883322
0.366986
0.715986
0.53235
0.464985
0.642593
0.297651
0.697715
0.213983
0.807957
0.0466499
0.333515
-0.325911
0.194727
-0.297365
0.0559383
-0.268821
0.259148
-2.05385
0.378021
2
0.0191205
-1.3583
0.380789
1.5
0.0616856
-0.629143
0.400714
1.2
0.115
0.37
0.7
1
0.387478
1.34633
0.419952
0.5
0.962604
0.210273
0.403113
0.5
0
-0.679433
-0.264703
0.085
0.38
-0.694623
1.14107
0.275
1.16
0.245
1.52
0.495
1.08
0.544488
1.64731
0.855
0.43
1.135
0.32
0.955
0.09
1.145
-0.09
0.0108755
-0.981244
0.095
-1.71
0.275
-1.85
0.574886
-1.86099
-0.514895
0.607609
-0.444232
0.88208
0.0989459
1.14465
0.200849
0.972084
0.251801
0.885802
0.353705
0.713233
0.506561
0.454384
0.608466
0.281817
0.659419
0.195533
0.761323
0.022967
0.269098
-0.325887
0.131863
-0.290556
-0.00537294
-0.255226
0.109946
-2.04829
0.378021
2
-0.0956601
-1.34171
0.380789
1.5
-0.0173289
-0.615439
0.400714
1.2
0.085
0.38
0.7
1
0.405134
1.34188
0.419952
0.5
0.923838
0.178817
0.403113
0.5
0
-0.709433
-0.264703
0.055
0.38
-0.724623
1.14107
0.175
1.18
0.12124
1.54404
0.465
1.08
0.465
1.64
0.865
0.44
1.11974
0.320936
0.905
0.11
1.085
-0.05
-0.065
-0.9
0.065
-1.71
0.245
-1.85
0.544886
-1.86099
-0.544895
0.607609
-0.474232
0.88208
0.0689459
1.14465
0.170849
0.972084
0.221801
0.885802
0.323705
0.713233
0.476561
0.454384
0.578466
0.281817
0.629419
0.195533
0.731323
0.022967
0.239098
-0.325887
0.101863
-0.290556
-0.0353729
-0.255226
0.0799456
-2.04829
0.378021
2
-0.12566
-1.34171
0.380789
1.5
-0.0473289
-0.615439
0.400714
1.2
0.055
0.38
0.7
1
0.375134
1.34188
0.419952
0.5
0.893838
0.178817
0.403113
0.5
0
-0.710761
-0.286213
0.035
0.38
-0.768448
1.11599
0.105
1.22
0.015
1.55
0.435
1.15
0.425
1.64
0.875
0.43
1.125
0.27
0.835
0.15
1.045
0
-0.095
-0.84
-0.005
-1.77
0.205
-1.93
0.505105
-1.93146
-0.571861
0.588463
-0.509943
0.865059
0.0246625
1.14476
0.132001
0.975505
0.18567
0.890879
0.293009
0.72162
0.454017
0.467736
0.561356
0.298479
0.615027
0.213851
0.722365
0.0445948
0.241429
-0.319736
0.103132
-0.288777
-0.0351657
-0.257819
0.137032
-2.04645
0.378021
2
-0.0909183
-1.3467
0.380789
1.5
-0.0356799
-0.618255
0.400714
1.2
0.035
0.38
0.7
1
0.324456
1.35163
0.419952
0.5
0.879861
0.205536
0.403113
0.5
0
-0.7048
-0.309406
0
0.4
-0.856164
1.07263
0.085
1.24
-0.005
1.65
0.445
1.17
0.425
1.64
0.715
0.56
1.08782
0.444612
0.815
0.25
1.055
-0.02
-0.065
-0.71
-0.085
-1.66
0.135
-2.03
0.434833
-2.03999
-0.620426
0.56186
-0.57963
0.842138
-0.0680835
1.16123
0.051657
1.00069
0.111527
0.920423
0.231268
0.759884
0.410879
0.519079
0.53062
0.358543
0.590491
0.278274
0.710231
0.117738
0.258556
-0.281619
0.118418
-0.261221
-0.0217212
-0.240824
0.285
-2.01
0.378021
2
0.005
-1.33
0.380789
1.5
0.005
-0.6
0.400714
1.2
0
0.4
0.7
1
0.215
1.39
0.419952
0.5
0.855
0.29
0.403113
0.5
0
