37
10
15
13
6
-0.7048
-0.309406
0
0.4
-0.856164
1.07263
0.085
1.24
-0.005
1.65
0.445
1.17
0.375
1.62
0.715
0.56
1.08782
0.444612
0.815
0.25
1.055
-0.02
-0.065
-0.71
-0.085
-1.66
0.135
-2.03
0.434833
-2.03999
-0.620426
0.56186
-0.57963
0.842138
-0.0680835
1.16123
0.051657
1.00069
0.111527
0.920423
0.231268
0.759884
0.410879
0.519079
0.53062
0.358543
0.590491
0.278274
0.710231
0.117738
0.258556
-0.281619
0.118418
-0.261221
-0.0217212
-0.240824
0.285
-2.01
0.378021
2
0.005
-1.33
0.380789
1.5
0.005
-0.6
0.400714
1.2
0
0.4
0.7
1
0.215
1.39
0.419952
0.5
0.855
0.29
0.403113
0.5
0
-0.7048
-0.309406
0
0.4
-0.856164
1.07263
0.085
1.24
-0.005
1.65
0.46
1.14
0.42
1.59
0.705
0.56
1.06141
0.462306
0.83
0.25
1.09
-0.01
-0.065
-0.71
-0.085
-1.66
0.16
-2
0.459833
-2.00999
-0.620426
0.56186
-0.57963
0.842138
-0.0680835
1.16123
0.051657
1.00069
0.111527
0.920423
0.231268
0.759884
0.410879
0.519079
0.53062
0.358543
0.590491
0.278274
0.710231
0.117738
0.258556
-0.281619
0.118418
-0.261221
-0.0217212
-0.240824
0.285
-2.01
0.378021
2
0.005
-1.33
0.380789
1.5
0.005
-0.6
0.400714
1.2
0
0.4
0.7
1
0.215
1.39
0.419952
0.5
0.855
0.29
0.403113
0.5
0
-0.7048
-0.309406
0
0.4
-0.856164
1.07263
0.085
1.24
-0.005
1.65
0.475
1.11
0.465
1.56
0.695
0.56
1.035
0.48
0.845
0.25
1.125
0
-0.065
-0.71
-0.085
-1.66
0.185
-1.97
0.484833
-1.97999
-0.620426
0.56186
-0.57963
0.842138
-0.0680835
1.16123
0.051657
1.00069
0.111527
0.920423
0.231268
0.759884
0.410879
0.519079
0.53062
0.358543
0.590491
0.278274
0.710231
0.117738
0.258556
-0.281619
0.118418
-0.261221
-0.0217212
-0.240824
0.285
-2.01
0.378021
2
0.005
-1.33
0.380789
1.5
0.005
-0.6
0.400714
1.2
0
0.4
0.7
1
0.215
1.39
0.419952
0.5
0.855
0.29
0.403113
0.5
0
-0.676064
-0.340494
0.0225
0.375
-0.839648
1.0399
0.0999515
1.21571
-0.01
1.65
0.50645
1.06949
0.527675
1.505
0.691021
0.540781
1.03171
0.46384
0.8837
0.237866
1.18056
0.0106642
-0.0325281
-0.73551
-0.0587245
-1.7009
0.268137
-1.95747
0.56804
-1.96477
-0.599339
0.531278
-0.561063
0.811904
-0.0524148
1.13557
0.0687595
0.976115
0.129347
0.89639
0.250521
0.736937
0.432283
0.497761
0.553457
0.338311
0.614046
0.258584
0.735219
0.0991343
0.28716
-0.304253
0.146848
-0.285114
0.00653475
-0.265977
0.329123
-2.03228
0.378021
2
0.0430349
-1.35484
0.380789
1.5
0.0364796
-0.624889
0.400714
1.2
0.0225
0.375
0.7
1
0.228596
1.36686
0.419952
0.5
0.878431
0.272685
0.403113
0.5
0
-0.647329
-0.371582
0.045
0.35
-0.823132
1.00717
0.114903
1.19142
-0.015
1.65
0.537901
1.02898
0.59035
1.45
0.687042
0.521563
1.02843
0.44768
0.922399
0.225733
1.23613
0.0213283
-5.61103e-05
-0.761021
-0.032449
-1.74179
0.351273
-1.94494
0.651246
-1.94954
-0.578252
0.500696
-0.542495
0.78167
-0.0367461
1.10991
0.085862
0.951539
0.147166
0.872358
0.269774
0.71399
0.453686
0.476443
0.576295
0.318078
0.6376
0.238895
0.760207
0.0805306
0.315764
-0.326886
0.175278
-0.309007
0.0347907
-0.29113
0.373246
-2.05456
0.378021
2
0.0810698
-1.37968
0.380789
1.5
0.0679591
-0.649779
0.400714
1.2
0.045
0.35
0.7
1
0.242192
1.34373
0.419952
0.5
0.901863
0.25537
0.403113
0.5
0
-0.624902
-0.378895
0.065
0.345
-0.807223
0.99671
0.0995642
1.19575
-0.01
1.65
0.55749
1.0026
0.636411
1.42062
0.694938
0.51966
1.03087
0.464787
0.929426
0.228195
1.24729
0.0480012
0.00467814
-0.786041
-0.0058181
-1.7314
0.40197
-1.90527
0.701491
-1.89573
-0.559178
0.491787
-0.525182
0.772977
-0.0215038
1.10438
0.102093
0.946777
0.163891
0.867983
0.287488
0.710387
0.472882
0.473999
0.59648
0.316407
0.658278
0.23761
0.781874
0.0800186
0.339996
-0.33017
0.199402
-0.313172
0.0588071
-0.296175
0.408298
-2.05744
0.378021
2
0.111903
-1.38441
0.380789
1.5
0.0942211
-0.654606
0.400714
1.2
0.065
0.345
0.7
1
0.255961
1.33994
0.419952
0.5
0.922431
0.25574
0.403113
0.5
0
-0.602476
-0.386207
0.085
0.34
-0.791314
0.986251
0.0842254
1.20008
-0.005
1.65
0.577078
0.976227
0.682473
1.39124
0.702834
0.517757
1.03332
0.481894
0.936454
0.230656
1.25844
0.0746741
0.00941239
-0.81106
0.0208128
-1.72101
0.452667
-1.86561
0.751735
-1.84191
-0.540103
0.482879
-0.507868
0.764285
-0.00626141
1.09884
0.118324
0.942016
0.180616
0.863607
0.305201
0.706785
0.492078
0.471555
0.616664
0.314736
0.678957
0.236326
0.803541
0.0795065
0.364228
-0.333454
0.223526
-0.317337
0.0828234
-0.30122
0.443351
-2.06031
0.378021
2
0.142737
-1.38913
0.380789
1.5
0.120483
-0.659433
0.400714
1.2
0.085
0.34
0.7
1
0.269731
1.33614
0.419952
0.5
0.942999
0.25611
0.403113
0.5
0
-0.578738
-0.388103
0.1
0.345
-0.784568
0.979777
0.0880617
1.20494
-0.00699006
1.65363
0.583436
0.959385
0.755123
1.40006
0.712006
0.511775
1.0172
0.497478
0.972407
0.231901
1.29082
0.0629638
0.0325365
-0.821517
0.0495293
-1.71136
0.506162
-1.80742
0.801783
-1.76152
-0.526862
0.479744
-0.498284
0.761524
-0.00109717
1.10254
0.125504
0.947356
0.188805
0.869768
0.315407
0.714587
0.505308
0.481819
0.63191
0.326641
0.695212
0.249052
0.821812
0.0938732
0.387927
-0.324727
0.247037
-0.310438
0.106147
-0.29615
0.489452
-2.05029
0.378021
2
0.180173
-1.38312
0.380789
1.5
0.14845
-0.653819
0.400714
1.2
0.1
0.345
0.7
1
0.271773
1.34338
0.419952
0.5
0.958956
0.27226
0.403113
0.5
0
-0.555
-0.39
0.115
0.35
-0.777822
0.973303
0.091898
1.20979
-0.00898012
1.65726
0.589793
0.942542
0.827774
1.40889
0.721178
0.505793
1.00109
0.513062
1.00836
0.233147
1.3232
0.0512534
0.0556606
-0.831974
0.0782458
-1.70171
0.559656
-1.74923
0.851832
-1.68112
-0.51362
0.476608
-0.488701
0.758763
0.00406707
1.10624
0.132685
0.952696
0.196993
0.875929
0.325612
0.722389
0.518538
0.492083
0.647156
0.338546
0.711466
0.261777
0.840083
0.10824
0.411625
-0.315999
0.270548
-0.303539
0.12947
-0.29108
0.535553
-2.04027
0.378021
2
0.217608
-1.3771
0.380789
1.5
0.176417
-0.648205
0.400714
1.2
0.115
0.35
0.7
1
0.273814
1.35063
0.419952
0.5
0.974913
0.28841
0.403113
0.5
0
-0.5
-0.385
0.12
0.35
-0.797803
0.934177
0.083449
1.2099
-0.0119901
1.64863
0.607396
0.961271
0.851387
1.45445
0.738089
0.552896
1.02681
0.556862
1.00668
0.266573
1.3141
0.100627
0.12533
-0.835987
0.146623
-1.64585
0.637328
-1.70461
0.913416
-1.61556
-0.512909
0.449609
-0.500051
0.732329
-0.0229506
1.10019
0.111981
0.95239
0.179446
0.878497
0.31438
0.730705
0.516777
0.509022
0.651709
0.361234
0.719176
0.287339
0.854107
0.139551
0.444472
-0.302194
0.303113
-0.295765
0.161752
-0.289337
0.641629
-2.01816
0.378021
2
0.295995
-1.36969
0.380789
1.5
0.223829
-0.643834
0.400714
1.2
0.12
0.35
0.7
1
0.235912
1.35564
0.419952
0.5
0.981025
0.325147
0.403113
0.5
0
-0.445
-0.38
0.125
0.35
-0.817784
0.895051
0.075
1.21
-0.015
1.64
0.625
0.98
0.875
1.5
0.755
0.6
1.05254
0.600663
1.005
0.3
1.305
0.15
0.195
-0.84
0.215
-1.59
0.715
-1.66
0.975
-1.55
-0.512197
0.422609
-0.511402
0.705896
-0.0499682
1.09413
0.0912779
0.952084
0.1619
0.881065
0.303147
0.739022
0.515015
0.525962
0.656262
0.383922
0.726885
0.312901
0.868131
0.170861
0.47732
-0.288388
0.335678
-0.28799
0.194034
-0.287594
0.747706
-1.99604
0.378021
2
0.374382
-1.36229
0.380789
1.5
0.271241
-0.639464
0.400714
1.2
0.125
0.35
0.7
1
0.19801
1.36065
0.419952
0.5
0.987138
0.361884
0.403113
0.5
0
-0.39
-0.39
0.15
0.35
-0.810596
0.861658
0.0701888
1.20724
-0.015
1.64
0.63
1.015
0.86
1.54
0.785
0.615
1.09877
0.605332
1.015
0.325
1.3
0.19
0.261249
-0.836155
0.307276
-1.58457
0.809113
-1.63712
1.06499
-1.51822
-0.488962
0.400391
-0.498008
0.683369
-0.0506064
1.08717
0.0954056
0.950197
0.168411
0.881716
0.314423
0.744748
0.53344
0.539299
0.679452
0.402334
0.752459
0.333851
0.89847
0.196885
0.524075
-0.275393
0.382587
-0.279914
0.241098
-0.284439
0.853453
-1.97162
0.378021
2
0.458559
-1.35159
0.380789
1.5
0.330435
-0.633209
0.400714
1.2
0.15
0.35
0.7
1
0.18782
1.36198
0.419952
0.5
1.0107
0.391815
0.403113
0.5
0
-0.335
-0.4
0.175
0.35
-0.803408
0.828264
0.0653775
1.20448
-0.015
1.64
0.635
1.05
0.845
1.58
0.815
0.63
1.145
0.61
1.025
0.35
1.295
0.23
0.327499
-0.83231
0.399551
-1.57914
0.903226
-1.61424
1.15497
-1.48644
-0.465727
0.378173
-0.484613
0.660842
-0.0512446
1.08021
0.0995333
0.948311
0.174921
0.882367
0.325699
0.750473
0.551865
0.552637
0.702643
0.420746
0.778033
0.3548
0.928809
0.222909
0.57083
-0.262397
0.429496
-0.271839
0.288162
-0.281284
0.959199
-1.94721
0.378021
2
0.542736
-1.3409
0.380789
1.5
0.389628
-0.626955
0.400714
1.2
0.175
0.35
0.7
1
0.17763
1.36332
0.419952
0.5
1.03426
0.421745
0.403113
0.5
0
-0.36
-0.41
0.175
0.35
-0.79532
0.844193
0.0794201
1.20606
-0.005
1.645
0.62
1.06
0.81
1.595
0.845
0.62
1.195
0.575
1.005
0.34
1.27
0.235
0.316249
-0.826155
0.407275
-1.51957
0.869113
-1.56212
1.13007
-1.43301
-0.465106
0.388675
-0.479351
0.671584
-0.0392114
1.08373
0.109366
0.949399
0.183653
0.882236
0.332231
0.747901
0.555095
0.546405
0.703672
0.412074
0.777961
0.344908
0.926537
0.210577
0.560687
-0.268737
0.419233
-0.275858
0.277779
-0.282982
0.921324
-1.9595
0.378021
2
0.514911
-1.34651
0.380789
1.5
0.37355
-0.630232
0.400714
1.2
0.175
0.35
0.7
1
0.19425
1.36302
0.419952
0.5
1.03523
0.407633
0.403113
0.5
0
-0.385
-0.42
0.175
0.35
-0.787231
0.860122
0.0934626
1.20765
0.005
1.65
0.605
1.07
0.775
1.61
0.875
0.61
1.245
0.54
0.985
0.33
1.245
0.24
0.305
-0.82
0.415
-1.46
0.835
-1.51
1.10517
-1.37958
-0.464484
0.399177
-0.474088
0.682325
-0.0271782
1.08726
0.119198
0.950488
0.192385
0.882104
0.338762
0.74533
0.558325
0.540173
0.704701
0.403402
0.77789
0.335016
0.924265
0.198244
0.550544
-0.275077
0.40897
-0.279878
0.267397
-0.284681
0.88345
-1.97179
0.378021
2
0.487085
-1.35212
0.380789
1.5
0.357473
-0.63351
0.400714
1.2
0.175
0.35
0.7
1
0.21087
1.36273
0.419952
0.5
1.03619
0.393522
0.403113
0.5
0
-0.385
-0.42
0.175
0.35
-0.787231
0.860122
0.0934626
1.20765
0.005
1.65
0.595
1.125
0.735
1.62
0.905
0.61
1.285
0.5
0.965
0.335
1.22
0.25
0.305
-0.82
0.415
-1.46
0.835
-1.51
1.10517
-1.37958
-0.464484
0.399177
-0.474088
0.682325
-0.0271782
1.08726
0.119198
0.950488
0.192385
0.882104
0.338762
0.74533
0.558325
0.540173
0.704701
0.403402
0.77789
0.335016
0.924265
0.198244
0.550544
-0.275077
0.40897
-0.279878
0.267397
-0.284681
0.88345
-1.97179
0.378021
2
0.487085
-1.35212
0.380789
1.5
0.357473
-0.63351
0.400714
1.2
0.175
0.35
0.7
1
0.21087
1.36273
0.419952
0.5
1.03619
0.393522
0.403113
0.5
0
-0.385
-0.42
0.175
0.35
-0.787231
0.860122
0.0934626
1.20765
0.005
1.65
0.585
1.18
0.695
1.63
0.935
0.61
1.325
0.46
0.945
0.34
1.195
0.26
0.305
-0.82
0.415
-1.46
0.835
-1.51
1.10517
-1.37958
-0.464484
0.399177
-0.474088
0.682325
-0.0271782
1.08726
0.119198
0.950488
0.192385
0.882104
0.338762
0.74533
0.558325
0.540173
0.704701
0.403402
0.77789
0.335016
0.924265
0.198244
0.550544
-0.275077
0.40897
-0.279878
0.267397
-0.284681
0.88345
-1.97179
0.378021
2
0.487085
-1.35212
0.380789
1.5
0.357473
-0.63351
0.400714
1.2
0.175
0.35
0.7
1
0.21087
1.36273
0.419952
0.5
1.03619
0.393522
0.403113
0.5
0
-0.385
-0.42
0.175
0.35
-0.787231
0.860122
0.0934626
1.20765
0.005
1.65
0.565
1.185
0.65
1.635
0.92
0.6
1.295
0.47
0.96
0.33
1.215
0.245
0.305
-0.82
0.43
-1.435
0.855
-1.535
1.13034
-1.41659
-0.464484
0.399177
-0.474088
0.682325
-0.0271782
1.08726
0.119198
0.950488
0.192385
0.882104
0.338762
0.74533
0.558325
0.540173
0.704701
0.403402
0.77789
0.335016
0.924265
0.198244
0.550544
-0.275077
0.40897
-0.279878
0.267397
-0.284681
0.88345
-1.97179
0.378021
2
0.487085
-1.35212
0.380789
1.5
0.357473
-0.63351
0.400714
1.2
0.175
0.35
0.7
1
0.21087
1.36273
0.419952
0.5
1.03619
0.393522
0.403113
0.5
0
-0.385
-0.42
0.175
0.35
-0.787231
0.860122
0.0934626
1.20765
0.005
1.65
0.545
1.19
0.605
1.64
0.905
0.59
1.265
0.48
0.975
0.32
1.235
0.23
0.305
-0.82
0.445
-1.41
0.875
-1.56
1.1555
-1.4536
-0.464484
0.399177
-0.474088
0.682325
-0.0271782
1.08726
0.119198
0.950488
0.192385
0.882104
0.338762
0.74533
0.558325
0.540173
0.704701
0.403402
0.77789
0.335016
0.924265
0.198244
0.550544
-0.275077
0.40897
-0.279878
0.267397
-0.284681
0.88345
-1.97179
0.378021
2
0.487085
-1.35212
0.380789
1.5
0.357473
-0.63351
0.400714
1.2
0.175
0.35
0.7
1
0.21087
1.36273
0.419952
0.5
1.03619
0.393522
0.403113
0.5
0
-0.405
-0.42
0.165
0.33
-0.783496
0.864559
0.0992313
1.16882
0.025
1.625
0.543233
1.19777
0.555
1.65
0.895
0.55
1.22
0.465
0.995
0.275
1.265
0.185
0.285
-0.865
0.42
-1.44
0.84
-1.62
1.12306
-1.52088
-0.472814
0.395601
-0.475126
0.678818
-0.0180791
1.072
0.124685
0.931544
0.196066
0.86132
0.338831
0.720867
0.552976
0.510189
0.69574
0.369738
0.767123
0.299512
0.909886
0.15906
0.524222
-0.304345
0.382614
-0.3055
0.241007
-0.306657
0.813258
-2.00855
0.378021
2
0.433089
-1.37908
0.380789
1.5
0.32205
-0.657583
0.400714
1.2
0.165
0.33
0.7
1
0.226907
1.34117
0.419952
0.5
1.02676
0.351335
0.403113
0.5
0
-0.425
-0.42
0.155
0.31
-0.779761
0.868996
0.105
1.13
0.045
1.6
0.541465
1.20554
0.505
1.66
0.885
0.51
1.175
0.45
1.015
0.23
1.295
0.14
0.265
-0.91
0.395
-1.47
0.805
-1.68
1.09062
-1.58817
-0.481144
0.392025
-0.476164
0.67531
-0.00898007
1.05674
0.130172
0.9126
0.199747
0.840536
0.3389
0.696403
0.547627
0.480205
0.686779
0.336074
0.756356
0.264008
0.895507
0.119876
0.4979
-0.333613
0.356259
-0.331122
0.214617
-0.328634
0.743066
-2.04532
0.378021
2
0.379093
-1.40603
0.380789
1.5
0.286627
-0.681656
0.400714
1.2
0.155
0.31
0.7
1
0.242943
1.3196
0.419952
0.5
1.01734
0.309147
0.403113
0.5
0
-0.44
-0.42
0.155
0.31
-0.770414
0.884106
0.118387
1.13061
0.07
1.515
0.555977
1.19901
0.51
1.655
0.86
0.495
1.155
0.44
1.03
0.195
1.295
0.08
0.255
-0.945
0.405
-1.505
0.74
-1.7
1.02705
-1.61285
-0.479649
0.402381
-0.47005
0.685515
0.00324021
1.05923
0.140007
0.912857
0.208389
0.839676
0.345157
0.693308
0.550306
0.473759
0.687073
0.327394
0.755458
0.254211
0.892224
0.107845
0.487318
-0.339047
0.345752
-0.334247
0.204186
-0.329449
0.704504
-2.05433
0.378021
2
0.351048
-1.40926
0.380789
1.5
0.27042
-0.683559
0.400714
1.2
0.155
0.31
0.7
1
0.259389
1.31791
0.419952
0.5
1.01711
0.295082
0.403113
0.5
0
-0.455
-0.42
0.155
0.31
-0.761066
0.899215
0.131774
1.13123
0.095
1.43
0.570489
1.19249
0.515
1.65
0.835
0.48
1.135
0.43
1.045
0.16
1.295
0.02
0.245
-0.98
0.415
-1.54
0.675
-1.72
0.963475
-1.63754
-0.478155
0.412737
-0.463936
0.695719
0.0154605
1.06172
0.149842
0.913114
0.217032
0.838816
0.351414
0.690213
0.552986
0.467313
0.687368
0.318714
0.75456
0.244413
0.888941
0.0958133
0.476735
-0.344482
0.335245
-0.337372
0.193754
-0.330264
0.665942
-2.06334
0.378021
2
0.323002
-1.41249
0.380789
1.5
0.254213
-0.685462
0.400714
1.2
0.155
0.31
0.7
1
0.275835
1.31623
0.419952
0.5
1.01689
0.281017
0.403113
0.5
0
-0.455
-0.42
0.155
0.31
-0.761066
0.899215
0.163387
1.13061
0.13
1.425
0.570489
1.19249
0.515
1.65
0.805
0.475
1.1
0.425
1.075
0.14
1.32
-0.01
0.235
-1.005
0.405
-1.63
0.67
-1.76
0.962196
-1.69411
-0.478155
0.412737
-0.463936
0.695719
0.0154605
1.06172
0.149842
0.913114
0.217032
0.838816
0.351414
0.690213
0.552986
0.467313
0.687368
0.318714
0.75456
0.244413
0.888941
0.0958133
0.476735
-0.344482
0.335245
-0.337372
0.193754
-0.330264
0.665942
-2.06334
0.378021
2
0.323002
-1.41249
0.380789
1.5
0.254213
-0.685462
0.400714
1.2
0.155
0.31
0.7
1
0.275835
1.31623
0.419952
0.5
1.01689
0.281017
0.403113
0.5
0
-0.455
-0.42
0.155
0.31
-0.761066
0.899215
0.195
1.13
0.165
1.42
0.570489
1.19249
0.515
1.65
0.775
0.47
1.065
0.42
1.105
0.12
1.345
-0.04
0.225
-1.03
0.395
-1.72
0.665
-1.8
0.960918
-1.75068
-0.478155
0.412737
-0.463936
0.695719
0.0154605
1.06172
0.149842
0.913114
0.217032
0.838816
0.351414
0.690213
0.552986
0.467313
0.687368
0.318714
0.75456
0.244413
0.888941
0.0958133
0.476735
-0.344482
0.335245
-0.337372
0.193754
-0.330264
0.665942
-2.06334
0.378021
2
0.323002
-1.41249
0.380789
1.5
0.254213
-0.685462
0.400714
1.2
0.155
0.31
0.7
1
0.275835
1.31623
0.419952
0.5
1.01689
0.281017
0.403113
0.5
0
-0.5
-0.38
0.145
0.335
-0.745664
0.960463
0.195
1.135
0.16
1.415
0.567744
1.19624
0.515
1.65
0.770498
0.469566
1.058
0.407871
1.115
0.11
1.355
-0.05
0.225
-1.015
0.365
-1.655
0.655
-1.78
0.952444
-1.74277
-0.482963
0.463282
-0.457276
0.74523
0.0362095
1.09118
0.16434
0.937351
0.228406
0.860445
0.356537
0.706625
0.548733
0.475899
0.676864
0.322082
0.74093
0.245173
0.869061
0.0913561
0.439641
-0.331492
0.298667
-0.318648
0.157693
-0.305806
0.558747
-2.05526
0.378021
2
0.242788
-1.39154
0.380789
1.5
0.203631
-0.662887
0.400714
1.2
0.145
0.335
0.7
1
0.306499
1.33471
0.419952
0.5
1.00432
0.271066
0.403113
0.5
0
-0.545
-0.34
0.135
0.36
-0.730262
1.02171
0.195
1.14
0.155
1.41
0.565
1.2
0.515
1.65
0.765996
0.469133
1.051
0.395743
1.125
0.1
1.365
-0.06
0.225
-1
0.335
-1.59
0.645
-1.76
0.94397
-1.73487
-0.487771
0.513826
-0.450617
0.794741
0.0569585
1.12063
0.178839
0.961589
0.239779
0.882074
0.361659
0.723037
0.544479
0.484485
0.66636
0.325451
0.727301
0.245933
0.849181
0.0868989
0.402547
-0.318501
0.26209
-0.299924
0.121632
-0.281348
0.451552
-2.04719
0.378021
2
0.162574
-1.37058
0.380789
1.5
0.153049
-0.640311
0.400714
1.2
0.135
0.36
0.7
1
0.337163
1.35318
0.419952
0.5
0.991757
0.261115
0.403113
0.5
0
-0.583163
-0.323313
0.125
0.365
-0.715611
1.05675
0.215
1.15
0.19
1.435
0.56
1.165
0.525
1.65
0.785498
0.464566
1.073
0.382872
1.085
0.095
1.31
-0.08
0.166407
-0.996539
0.255239
-1.58974
0.558799
-1.77058
0.858298
-1.75614
-0.491523
0.540838
-0.4444
0.820084
0.0741697
1.12748
0.190231
0.964288
0.248261
0.882698
0.364322
0.719512
0.538414
0.474735
0.654477
0.311551
0.712508
0.229958
0.828569
0.0667744
0.368031
-0.322206
0.228409
-0.298644
0.0887851
-0.275084
0.35535
-2.05052
0.378021
2
0.0908472
-1.36444
0.380789
1.5
0.107367
-0.634727
0.400714
1.2
0.125
0.365
0.7
1
0.36232
1.34976
0.419952
0.5
0.97718
0.235694
0.403113
0.5
0
-0.621327
-0.306625
0.115
0.37
-0.70096
1.09178
0.235
1.16
0.225
1.46
0.555
1.13
0.535
1.65
0.805
0.46
1.095
0.37
1.045
0.09
1.255
-0.1
0.107815
-0.993078
0.175479
-1.58947
0.472598
-1.78116
0.772626
-1.77741
-0.495275
0.56785
-0.438183
0.845427
0.0913808
1.13432
0.201623
0.966987
0.256744
0.883322
0.366986
0.715986
0.53235
0.464985
0.642593
0.297651
0.697715
0.213983
0.807957
0.0466499
0.333515
-0.325911
0.194727
-0.297365
0.0559383
-0.268821
0.259148
-2.05385
0.378021
2
0.0191205
-1.3583
0.380789
1.5
0.0616856
-0.629143
0.400714
1.2
0.115
0.37
0.7
1
0.387478
1.34633
0.419952
0.5
0.962604
0.210273
0.403113
0.5
0
-0.65038
-0.285664
0.1
0.375
-0.697791
1.11643
0.255
1.16
0.235
1.49
0.525
1.105
0.539744
1.64865
0.83
0.445
1.115
0.345
1
0.09
1.2
-0.095
0.0593452
-0.987161
0.135239
-1.64973
0.373799
-1.81558
0.673756
-1.8192
-0.505085
0.587729
-0.441207
0.863753
0.0951633
1.13949
0.201236
0.969535
0.254273
0.884562
0.360345
0.71461
0.519455
0.459684
0.62553
0.289734
0.678567
0.204758
0.78464
0.0348084
0.301306
-0.325899
0.163295
-0.293961
0.0252827
-0.262024
0.184547
-2.05107
0.378021
2
-0.0382698
-1.35
0.380789
1.5
0.0221784
-0.622291
0.400714
1.2
0.1
0.375
0.7
1
0.396306
1.34411
0.419952
0.5
0.943221
0.194545
0.403113
0.5
0
-0.679433
-0.264703
0.085
0.38
-0.694623
1.14107
0.275
1.16
0.245
1.52
0.495
1.08
0.544488
1.64731
0.855
0.43
1.135
0.32
0.955
0.09
1.145
-0.09
0.0108755
-0.981244
0.095
-1.71
0.275
-1.85
0.574886
-1.86099
-0.514895
0.607609
-0.444232
0.88208
0.0989459
1.14465
0.200849
0.972084
0.251801
0.885802
0.353705
0.713233
0.506561
0.454384
0.608466
0.281817
0.659419
0.195533
0.761323
0.022967
0.269098
-0.325887
0.131863
-0.290556
-0.00537294
-0.255226
0.109946
-2.04829
0.378021
2
-0.0956601
-1.34171
0.380789
1.5
-0.0173289
-0.615439
0.400714
1.2
0.085
0.38
0.7
1
0.405134
1.34188
0.419952
0.5
0.923838
0.178817
0.403113
0.5
0
-0.694433
-0.264703
0.07
0.38
-0.709623
1.14107
0.225
1.17
0.18312
1.53202
0.48
1.08
0.504744
1.64366
0.86
0.435
1.12737
0.320468
0.93
0.1
1.115
-0.07
-0.0270622
-0.940622
0.08
-1.71
0.26
-1.85
0.559886
-1.86099
-0.529895
0.607609
-0.459232
0.88208
0.0839459
1.14465
0.185849
0.972084
0.236801
0.885802
0.338705
0.713233
0.491561
0.454384
0.593466
0.281817
0.644419
0.195533
0.746323
0.022967
0.254098
-0.325887
0.116863
-0.290556
-0.0203729
-0.255226
0.0949458
-2.04829
0.378021
2
-0.11066
-1.34171
0.380789
1.5
-0.0323289
-0.615439
0.400714
1.2
0.07
0.38
0.7
1
0.390134
1.34188
0.419952
0.5
0.908838
0.178817
0.403113
0.5
0
-0.709433
-0.264703
0.055
0.38
-0.724623
1.14107
0.175
1.18
0.12124
1.54404
0.465
1.08
0.465
1.64
0.865
0.44
1.11974
0.320936
0.905
0.11
1.085
-0.05
-0.065
-0.9
0.065
-1.71
0.245
-1.85
0.544886
-1.86099
-0.544895
0.607609
-0.474232
0.88208
0.0689459
1.14465
0.170849
0.972084
0.221801
0.885802
0.323705
0.713233
0.476561
0.454384
0.578466
0.281817
0.629419
0.195533
0.731323
0.022967
0.239098
-0.325887
0.101863
-0.290556
-0.0353729
-0.255226
0.0799456
-2.04829
0.378021
2
-0.12566
-1.34171
0.380789
1.5
-0.0473289
-0.615439
0.400714
1.2
0.055
0.38
0.7
1
0.375134
1.34188
0.419952
0.5
0.893838
0.178817
0.403113
0.5
0
-0.710097
-0.275458
0.045
0.38
-0.746536
1.12853
0.14
1.2
0.06812
1.54702
0.45
1.115
0.445
1.64
0.87
0.435
1.12237
0.295468
0.87
0.13
1.065
-0.025
-0.08
-0.87
0.03
-1.74
0.225
-1.89
0.524996
-1.89622
-0.558378
0.598036
-0.492087
0.873569
0.0468042
1.14471
0.151425
0.973794
0.203736
0.88834
0.308357
0.717427
0.465289
0.46106
0.569911
0.290148
0.622223
0.204692
0.726844
0.0337809
0.240263
-0.322811
0.102498
-0.289667
-0.0352693
-0.256522
0.108489
-2.04737
0.378021
2
-0.108289
-1.3442
0.380789
1.5
-0.0415044
-0.616847
0.400714
1.2
0.045
0.38
0.7
1
0.349795
1.34676
0.419952
0.5
0.88685
0.192176
0.403113
0.5
0
-0.710761
-0.286213
0.035
0.38
-0.768448
1.11599
0.105
1.22
0.015
1.55
0.435
1.15
0.425
1.64
0.875
0.43
1.125
0.27
0.835
0.15
1.045
0
-0.095
-0.84
-0.005
-1.77
0.205
-1.93
0.505105
-1.93146
-0.571861
0.588463
-0.509943
0.865059
0.0246625
1.14476
0.132001
0.975505
0.18567
0.890879
0.293009
0.72162
0.454017
0.467736
0.561356
0.298479
0.615027
0.213851
0.722365
0.0445948
0.241429
-0.319736
0.103132
-0.288777
-0.0351657
-0.257819
0.137032
-2.04645
0.378021
2
-0.0909183
-1.3467
0.380789
1.5
-0.0356799
-0.618255
0.400714
1.2
0.035
0.38
0.7
1
0.324456
1.35163
0.419952
0.5
0.879861
0.205536
0.403113
0.5
0
-0.70778
-0.29781
0.0175
0.39
-0.812306
1.09431
0.095
1.23
0.005
1.6
0.44
1.16
0.425
1.64
0.795
0.495
1.10641
0.357306
0.825
0.2
1.05
-0.01
-0.08
-0.775
-0.045
-1.715
0.17
-1.98
0.469969
-1.98572
-0.596143
0.575162
-0.544787
0.853598
-0.0217105
1.15299
0.091829
0.988097
0.148599
0.905651
0.262139
0.740752
0.432448
0.493408
0.545988
0.328511
0.602759
0.246063
0.716298
0.0811664
0.249993
-0.300678
0.110775
-0.274999
-0.0284435
-0.249321
0.211016
-2.02822
0.378021
2
-0.0429591
-1.33835
0.380789
1.5
-0.01534
-0.609128
0.400714
1.2
0.0175
0.39
0.7
1
0.269728
1.37082
0.419952
0.5
0.867431
0.247768
0.403113
0.5
0
-0.7048
-0.309406
0
0.4
-0.856164
1.07263
0.085
1.24
-0.005
1.65
0.445
1.17
0.425
1.64
0.715
0.56
1.08782
0.444612
0.815
0.25
1.055
-0.02
-0.065
-0.71
-0.085
-1.66
0.135
-2.03
0.434833
-2.03999
-0.620426
0.56186
-0.57963
0.842138
-0.0680835
1.16123
0.051657
1.00069
0.111527
0.920423
0.231268
0.759884
0.410879
0.519079
0.53062
0.358543
0.590491
0.278274
0.710231
0.117738
0.258556
-0.281619
0.118418
-0.261221
-0.0217212
-0.240824
0.285
-2.01
0.378021
2
0.005
-1.33
0.380789
1.5
0.005
-0.6
0.400714
1.2
0
0.4
0.7
1
0.215
1.39
0.419952
0.5
0.855
0.29
0.403113
0.5
0
