44
10
15
13
6
-0.894607
-0.0430664
0
0.4
-0.60968
1.29793
0.37
1.12
0.295
1.365
0.56
0.855
0.564481
1.16766
0.848952
0.134783
1.35
-0.065
0.815
-0.18
1.26
-0.4
-0.666159
-0.639311
-0.794664
-1.66009
-0.245
-1.84
0.0544299
-1.84085
-0.521731
0.77086
-0.384364
1.018
0.206124
1.13461
0.261011
0.94235
0.288455
0.846224
0.343343
0.653967
0.425676
0.365586
0.480564
0.173332
0.508008
0.0772041
0.562896
-0.11505
-0.00014507
-0.327779
-0.123716
-0.259095
-0.247288
-0.190413
-0.065
-1.84
0.393954
2
-0.625
-1.33
0.455412
1.5
-0.382712
-0.542211
0.460435
1.2
0
0.4
0.7
1
0.551381
1.24784
0.419952
0.5
1.025
-0.09
0.505668
0.5
0
-0.936129
0.0512501
0
0.4
-0.497554
1.36513
0.445
1.105
0.305
1.365
0.675
0.875
0.61
1.25
0.881371
0.128633
1.56573
-0.0340183
0.859992
-0.200812
1.52003
-0.39979
-0.753293
-0.58372
-0.874664
-1.50509
-0.265
-1.695
0.0323818
-1.65969
-0.473582
0.831072
-0.307432
1.06002
0.293056
1.10482
0.324451
0.907271
0.340149
0.808499
0.371545
0.610951
0.418639
0.314633
0.450035
0.117088
0.465733
0.0183147
0.497129
-0.179231
-0.0876587
-0.322806
-0.202129
-0.239731
-0.316601
-0.156657
-0.105
-1.67
0.393954
2
-0.655
-1.25
0.455412
1.5
-0.493406
-0.489775
0.460435
1.2
0
0.4
0.7
1
0.455
1.09
0.419952
0.5
1.055
-0.13
0.600333
0.5
0
-0.951884
0.0935399
0
0.4
-0.441901
1.39392
0.475
1.09
0.325
1.34
0.735
0.89
0.625
1.29
0.889839
0.1377
1.67645
-0.00803657
0.904984
-0.201623
1.68505
-0.379581
-0.775
-0.57
-0.825
-1.4
-0.195
-1.61
0.100281
-1.557
-0.448746
0.858439
-0.26937
1.07781
0.333755
1.08797
0.353752
0.888591
0.363752
0.788905
0.38375
0.589528
0.413748
0.290467
0.433747
0.091093
0.443746
-0.00859445
0.463745
-0.207969
-0.129378
-0.317809
-0.239064
-0.228121
-0.348752
-0.138434
-0.005
-1.58
0.491935
2
-0.595
-1.1
0.364005
1.5
-0.465
-0.46
0.376962
1.2
0
0.4
0.7
1
0.495
1.03
0.419952
0.5
1.155
-0.11
0.616847
0.5
0
-0.951884
0.0935399
0
0.4
-0.441901
1.39392
0.475
1.09
0.325
1.34
0.735
0.89
0.625
1.29
0.846129
0.150775
1.61359
0.0114726
0.847488
-0.181217
1.60754
-0.349685
-0.775
-0.57
-0.825
-1.4
-0.195
-1.61
0.100281
-1.557
-0.448746
0.858439
-0.26937
1.07781
0.333755
1.08797
0.353752
0.888591
0.363752
0.788905
0.38375
0.589528
0.413748
0.290467
0.433747
0.091093
0.443746
-0.00859445
0.463745
-0.207969
-0.129378
-0.317809
-0.239064
-0.228121
-0.348752
-0.138434
-0.045
-1.6
0.425793
2
-0.615
-1.19
0.344685
1.5
-0.445
-0.53
0.399011
1.2
0
0.4
0.7
1
0.525
1.09
0.419952
0.5
1.135
-0.11
0.65123
0.5
0
-0.951884
0.0935399
0
0.4
-0.441901
1.39392
0.475
1.09
0.325
1.34
0.735
0.89
0.625
1.29
0.802419
0.16385
1.55073
0.0309817
0.789992
-0.160812
1.53003
-0.31979
-0.775
-0.57
-0.825
-1.4
-0.195
-1.61
0.100281
-1.557
-0.448746
0.858439
-0.26937
1.07781
0.333755
1.08797
0.353752
0.888591
0.363752
0.788905
0.38375
0.589528
0.413748
0.290467
0.433747
0.091093
0.443746
-0.00859445
0.463745
-0.207969
-0.129378
-0.317809
-0.239064
-0.228121
-0.348752
-0.138434
-0.065
-1.59
0.450999
2
-0.645
-1.2
0.357351
1.5
-0.445
-0.5
0.407453
1.2
0
0.4
0.7
1
0.495
1.08
0.419952
0.5
1.035
-0.08
0.631981
0.5
0
-0.951884
0.0935399
0
0.4
-0.441901
1.39392
0.475
1.09
0.325
1.34
0.735
0.89
0.625
1.29
0.75871
0.176925
1.48786
0.0504909
0.732496
-0.140406
1.45251
-0.289895
-0.775
-0.57
-0.825
-1.4
-0.195
-1.61
0.100281
-1.557
-0.448746
0.858439
-0.26937
1.07781
0.333755
1.08797
0.353752
0.888591
0.363752
0.788905
0.38375
0.589528
0.413748
0.290467
0.433747
0.091093
0.443746
-0.00859445
0.463745
-0.207969
-0.129378
-0.317809
-0.239064
-0.228121
-0.348752
-0.138434
-0.035
-1.59
0.450111
2
-0.595
-1.14
0.380132
1.5
-0.425
-0.47
0.375899
1.2
0
0.4
0.7
1
0.495
1.04
0.419952
0.5
1.075
-0.05
0.560446
0.5
0
-0.951884
0.0935399
0
0.4
-0.441901
1.39392
0.475
1.09
0.325
1.34
0.735
0.89
0.625
1.29
0.715
0.19
1.425
0.07
0.675
-0.12
1.375
-0.26
-0.775
-0.57
-0.825
-1.4
-0.195
-1.61
0.100281
-1.557
-0.448746
0.858439
-0.26937
1.07781
0.333755
1.08797
0.353752
0.888591
0.363752
0.788905
0.38375
0.589528
0.413748
0.290467
0.433747
0.091093
0.443746
-0.00859445
0.463745
-0.207969
-0.129378
-0.317809
-0.239064
-0.228121
-0.348752
-0.138434
-0.025
-1.59
0.430116
2
-0.615
-1.16
0.367696
1.5
-0.465
-0.48
0.38006
1.2
0
0.4
0.7
1
0.465
1.03
0.419952
0.5
0.965
-0.02
0.520096
0.5
0
-0.951884
0.0935399
0
0.4
-0.441901
1.39392
0.475
1.09
0.325
1.34
0.735
0.89
0.625
1.29
0.675
0.2025
1.3325
0.105
0.655
-0.11
1.2875
-0.225
-0.775
-0.57
-0.825
-1.4
-0.195
-1.61
0.100281
-1.557
-0.448746
0.858439
-0.26937
1.07781
0.333755
1.08797
0.353752
0.888591
0.363752
0.788905
0.38375
0.589528
0.413748
0.290467
0.433747
0.091093
0.443746
-0.00859445
0.463745
-0.207969
-0.129378
-0.317809
-0.239064
-0.228121
-0.348752
-0.138434
-0.055
-1.59
0.471275
2
-0.655
-1.15
0.362491
1.5
-0.495
-0.5
0.379925
1.2
0
0.4
0.7
1
0.465
1.09
0.419952
0.5
0.935
-0.03
0.504876
0.5
0
-0.951884
0.0935399
0
0.4
-0.441901
1.39392
0.475
1.09
0.325
1.34
0.735
0.89
0.625
1.29
0.635
0.215
1.24
0.14
0.635
-0.1
1.2
-0.19
-0.775
-0.57
-0.825
-1.4
-0.195
-1.61
0.100281
-1.557
-0.448746
0.858439
-0.26937
1.07781
0.333755
1.08797
0.353752
0.888591
0.363752
0.788905
0.38375
0.589528
0.413748
0.290467
0.433747
0.091093
0.443746
-0.00859445
0.463745
-0.207969
-0.129378
-0.317809
-0.239064
-0.228121
-0.348752
-0.138434
-0.065
-1.61
0.455412
2
-0.645
-1.11
0.339559
1.5
-0.435
-0.47
0.385945
1.2
0
0.4
0.7
1
0.465
1.08
0.419952
0.5
0.895
-0.02
0.454863
0.5
0
-0.951884
0.0935399
0
0.4
-0.441901
1.39392
0.475
1.09
0.325
1.34
0.735
0.89
0.625
1.29
0.595
0.2275
1.1475
0.175
0.615
-0.09
1.1125
-0.155
-0.775
-0.57
-0.825
-1.4
-0.195
-1.61
0.100281
-1.557
-0.448746
0.858439
-0.26937
1.07781
0.333755
1.08797
0.353752
0.888591
0.363752
0.788905
0.38375
0.589528
0.413748
0.290467
0.433747
0.091093
0.443746
-0.00859445
0.463745
-0.207969
-0.129378
-0.317809
-0.239064
-0.228121
-0.348752
-0.138434
-0.075
-1.61
0.44643
2
-0.625
-1.15
0.381092
1.5
-0.445
-0.49
0.393588
1.2
0
0.4
0.7
1
0.515
1.11
0.419952
0.5
0.855
0
0.454863
0.5
0
-0.951884
0.0935399
0
0.4
-0.441901
1.39392
0.475
1.09
0.325
1.34
0.735
0.89
0.625
1.29
0.555
0.24
1.055
0.21
0.595
-0.08
1.025
-0.12
-0.775
-0.57
-0.825
-1.4
-0.195
-1.61
0.100281
-1.557
-0.448746
0.858439
-0.26937
1.07781
0.333755
1.08797
0.353752
0.888591
0.363752
0.788905
0.38375
0.589528
0.413748
0.290467
0.433747
0.091093
0.443746
-0.00859445
0.463745
-0.207969
-0.129378
-0.317809
-0.239064
-0.228121
-0.348752
-0.138434
-0.055
-1.6
0.457056
2
-0.575
-1.2
0.394462
1.5
-0.445
-0.47
0.4245
1.2
0
0.4
0.7
1
0.465
1.06
0.419952
0.5
0.785
0.06
0.454863
0.5
0
-0.951884
0.0935399
0
0.4
-0.441901
1.39392
0.475
1.09
0.325
1.34
0.735
0.89
0.625
1.29
0.545
0.26
0.935
0.24
0.585
-0.04
0.94
-0.08
-0.775
-0.57
-0.825
-1.4
-0.195
-1.61
0.100281
-1.557
-0.448746
0.858439
-0.26937
1.07781
0.333755
1.08797
0.353752
0.888591
0.363752
0.788905
0.38375
0.589528
0.413748
0.290467
0.433747
0.091093
0.443746
-0.00859445
0.463745
-0.207969
-0.129378
-0.317809
-0.239064
-0.228121
-0.348752
-0.138434
-0.045
-1.58
0.475184
2
-0.615
-1.14
0.426097
1.5
-0.425
-0.45
0.382095
1.2
0
0.4
0.7
1
0.505
1.07
0.419952
0.5
0.685
0.05
0.454863
0.5
0
-0.951884
0.0935399
0
0.4
-0.441901
1.39392
0.475
1.09
0.325
1.34
0.735
0.89
0.615
1.3
0.535
0.28
0.815
0.27
0.575
0
0.855
-0.04
-0.775
-0.57
-0.825
-1.4
-0.195
-1.61
0.100281
-1.557
-0.448746
0.858439
-0.26937
1.07781
0.333755
1.08797
0.353752
0.888591
0.363752
0.788905
0.38375
0.589528
0.413748
0.290467
0.433747
0.091093
0.443746
-0.00859445
0.463745
-0.207969
-0.129378
-0.317809
-0.239064
-0.228121
-0.348752
-0.138434
-0.065
-1.59
0.412311
2
-0.605
-1.2
0.375373
1.5
-0.425
-0.49
0.391525
1.2
0
0.4
0.7
1
0.515
1.1
0.419952
0.5
0.625
0.12
0.454863
0.5
0
-0.951884
0.0935399
0
0.4
-0.441901
1.39392
0.475
1.09
0.325
1.34
0.735
0.89
0.615
1.3
0.585
0.27
0.875
0.26
0.615
-0.015
0.905
-0.045
-0.775
-0.58
-0.795
-1.425
-0.135
-1.6
0.160281
-1.547
-0.448746
0.858439
-0.26937
1.07781
0.333755
1.08797
0.353752
0.888591
0.363752
0.788905
0.38375
0.589528
0.413748
0.290467
0.433747
0.091093
0.443746
-0.00859445
0.463745
-0.207969
-0.129378
-0.317809
-0.239064
-0.228121
-0.348752
-0.138434
-0.065
-1.59
0.412311
2
-0.605
-1.2
0.375373
1.5
-0.425
-0.49
0.391525
1.2
0
0.4
0.7
1
0.515
1.1
0.419952
0.5
0.625
0.12
0.454863
0.5
0
-0.951884
0.0935399
0
0.4
-0.441901
1.39392
0.475
1.09
0.325
1.34
0.735
0.89
0.615
1.3
0.635
0.26
0.935
0.25
0.655
-0.03
0.955
-0.05
-0.775
-0.59
-0.765
-1.45
-0.075
-1.59
0.220281
-1.537
-0.448746
0.858439
-0.26937
1.07781
0.333755
1.08797
0.353752
0.888591
0.363752
0.788905
0.38375
0.589528
0.413748
0.290467
0.433747
0.091093
0.443746
-0.00859445
0.463745
-0.207969
-0.129378
-0.317809
-0.239064
-0.228121
-0.348752
-0.138434
-0.065
-1.59
0.412311
2
-0.605
-1.2
0.375373
1.5
-0.425
-0.49
0.391525
1.2
0
0.4
0.7
1
0.515
1.1
0.419952
0.5
0.745
0.04
0.454863
0.5
0
-0.951884
0.0935399
0
0.4
-0.441901
1.39392
0.475
1.09
0.325
1.34
0.735
0.89
0.615
1.3
0.675
0.24
0.995
0.235
0.695
-0.065
1.01
-0.035
-0.745
-0.6
-0.695
-1.45
-0.035
-1.58
0.260281
-1.527
-0.448746
0.858439
-0.26937
1.07781
0.333755
1.08797
0.353752
0.888591
0.363752
0.788905
0.38375
0.589528
0.413748
0.290467
0.433747
0.091093
0.443746
-0.00859445
0.463745
-0.207969
-0.129378
-0.317809
-0.239064
-0.228121
-0.348752
-0.138434
0.125
-1.53
0.412311
2
-0.525
-1.22
0.375373
1.5
-0.425
-0.49
0.391525
1.2
0.055
0.39
0.7
1
0.515
1.1
0.419952
0.5
0.695
0.07
0.454863
0.5
0
-0.951884
0.0935399
0
0.4
-0.441901
1.39392
0.475
1.09
0.325
1.34
0.735
0.89
0.615
1.3
0.715
0.22
1.055
0.22
0.735
-0.1
1.065
-0.02
-0.715
-0.61
-0.625
-1.45
0.005
-1.57
0.300281
-1.517
-0.448746
0.858439
-0.26937
1.07781
0.333755
1.08797
0.353752
0.888591
0.363752
0.788905
0.38375
0.589528
0.413748
0.290467
0.433747
0.091093
0.443746
-0.00859445
0.463745
-0.207969
-0.129378
-0.317809
-0.239064
-0.228121
-0.348752
-0.138434
0.085
-1.55
0.466905
2
-0.505
-1.13
0.375373
1.5
-0.425
-0.49
0.391525
1.2
0
0.4
0.7
1
0.515
1.1
0.419952
0.5
0.825
0.05
0.454863
0.5
0
-0.951884
0.0935399
0
0.4
-0.441901
1.39392
0.475
1.09
0.325
1.34
0.735
0.89
0.615
1.3
0.725
0.21
1.07
0.19
0.755
-0.105
1.085
-0.03
-0.665
-0.635
-0.555
-1.465
0.07
-1.55
0.365281
-1.497
-0.448746
0.858439
-0.26937
1.07781
0.333755
1.08797
0.353752
0.888591
0.363752
0.788905
0.38375
0.589528
0.413748
0.290467
0.433747
0.091093
0.443746
-0.00859445
0.463745
-0.207969
-0.129378
-0.317809
-0.239064
-0.228121
-0.348752
-0.138434
0.215
-1.51
0.458912
2
-0.415
-1.19
0.375373
1.5
-0.425
-0.49
0.391525
1.2
0
0.4
0.7
1
0.515
1.1
0.419952
0.5
0.795
0.06
0.454863
0.5
0
-0.951884
0.0935399
0
0.4
-0.441901
1.39392
0.475
1.09
0.325
1.34
0.735
0.89
0.615
1.3
0.735
0.2
1.085
0.16
0.775
-0.11
1.105
-0.04
-0.615
-0.66
-0.485
-1.48
0.135
-1.53
0.430281
-1.477
-0.448746
0.858439
-0.26937
1.07781
0.333755
1.08797
0.353752
0.888591
0.363752
0.788905
0.38375
0.589528
0.413748
0.290467
0.433747
0.091093
0.443746
-0.00859445
0.463745
-0.207969
-0.129378
-0.317809
-0.239064
-0.228121
-0.348752
-0.138434
0.285
-1.5
0.488365
2
-0.355
-1.12
0.375373
1.5
-0.425
-0.49
0.391525
1.2
0
0.4
0.7
1
0.515
1.1
0.419952
0.5
0.785
0.04
0.454863
0.5
0
-0.951884
0.0935399
0
0.4
-0.441901
1.39392
0.475
1.09
0.325
1.34
0.735
0.89
0.615
1.3
0.775
0.23
1.13
0.175
0.8
-0.115
1.135
-0.025
-0.57
-0.68
-0.445
-1.495
0.175
-1.53
0.470281
-1.477
-0.448746
0.858439
-0.26937
1.07781
0.333755
1.08797
0.353752
0.888591
0.363752
0.788905
0.38375
0.589528
0.413748
0.290467
0.433747
0.091093
0.443746
-0.00859445
0.463745
-0.207969
-0.129378
-0.317809
-0.239064
-0.228121
-0.348752
-0.138434
0.335
-1.5
0.45607
2
-0.335
-1.19
0.375373
1.5
-0.425
-0.49
0.391525
1.2
0
0.4
0.7
1
0.515
1.1
0.419952
0.5
0.825
0.08
0.454863
0.5
0
-0.951884
0.0935399
0
0.4
-0.441901
1.39392
0.475
1.09
0.325
1.34
0.735
0.89
0.615
1.3
0.815
0.26
1.175
0.19
0.825
-0.12
1.165
-0.01
-0.525
-0.7
-0.405
-1.51
0.215
-1.53
0.510281
-1.477
-0.448746
0.858439
-0.26937
1.07781
0.333755
1.08797
0.353752
0.888591
0.363752
0.788905
0.38375
0.589528
0.413748
0.290467
0.433747
0.091093
0.443746
-0.00859445
0.463745
-0.207969
-0.129378
-0.317809
-0.239064
-0.228121
-0.348752
-0.138434
0.375
-1.5
0.460977
2
-0.255
-1.2
0.375373
1.5
-0.315
-0.55
0.391525
1.2
0
0.4
0.7
1
0.515
1.1
0.419952
0.5
0.865
0.06
0.454863
0.5
0
-0.951884
0.0935399
0
0.4
-0.441901
1.39392
0.475
1.09
0.325
1.34
0.735
0.89
0.615
1.3
0.84
0.235
1.215
0.18
0.875
-0.105
1.20615
-0.0173457
-0.565
-0.765
-0.335
-1.5
0.245
-1.54
0.540281
-1.487
-0.448746
0.858439
-0.26937
1.07781
0.333755
1.08797
0.353752
0.888591
0.363752
0.788905
0.38375
0.589528
0.413748
0.290467
0.433747
0.091093
0.443746
-0.00859445
0.463745
-0.207969
-0.129378
-0.317809
-0.239064
-0.228121
-0.348752
-0.138434
0.385
-1.52
0.412311
2
-0.185
-1.3
0.375373
1.5
-0.285
-0.59
0.391525
1.2
0
0.4
0.7
1
0.515
1.1
0.419952
0.5
0.875
0.04
0.454863
0.5
0
-0.951884
0.0935399
0
0.4
-0.441901
1.39392
0.475
1.09
0.325
1.34
0.735
0.89
0.615
1.3
0.865
0.21
1.255
0.17
0.925
-0.09
1.24729
-0.0246913
-0.605
-0.83
-0.265
-1.49
0.275
-1.55
0.570281
-1.497
-0.448746
0.858439
-0.26937
1.07781
0.333755
1.08797
0.353752
0.888591
0.363752
0.788905
0.38375
0.589528
0.413748
0.290467
0.433747
0.091093
0.443746
-0.00859445
0.463745
-0.207969
-0.129378
-0.317809
-0.239064
-0.228121
-0.348752
-0.138434
0.445
-1.54
0.436807
2
-0.185
-1.23
0.375373
1.5
-0.325
-0.57
0.391525
1.2
0
0.4
0.7
1
0.515
1.1
0.419952
0.5
0.925
0.05
0.454863
0.5
0
-0.951884
0.0935399
0
0.4
-0.441901
1.39392
0.475
1.09
0.325
1.34
0.735
0.89
0.615
1.3
0.87
0.225
1.265
0.17
0.92
-0.09
1.25615
-0.0223457
-0.61
-0.92
-0.25
-1.54
0.335
-1.54
0.630281
-1.487
-0.448746
0.858439
-0.26937
1.07781
0.333755
1.08797
0.353752
0.888591
0.363752
0.788905
0.38375
0.589528
0.413748
0.290467
0.433747
0.091093
0.443746
-0.00859445
0.463745
-0.207969
-0.129378
-0.317809
-0.239064
-0.228121
-0.348752
-0.138434
0.465
-1.52
0.488365
2
-0.205
-1.23
0.375373
1.5
-0.325
-0.56
0.391525
1.2
0
0.4
0.7
1
0.515
1.1
0.419952
0.5
0.905
0.03
0.454863
0.5
0
-0.951884
0.0935399
0
0.4
-0.441901
1.39392
0.475
1.09
0.325
1.34
0.735
0.89
0.615
1.3
0.875
0.24
1.275
0.17
0.915
-0.09
1.265
-0.02
-0.615
-1.01
-0.235
-1.59
0.395
-1.53
0.690281
-1.477
-0.448746
0.858439
-0.26937
1.07781
0.333755
1.08797
0.353752
0.888591
0.363752
0.788905
0.38375
0.589528
0.413748
0.290467
0.433747
0.091093
0.443746
-0.00859445
0.463745
-0.207969
-0.129378
-0.317809
-0.239064
-0.228121
-0.348752
-0.138434
0.545
-1.5
0.482701
2
-0.125
-1.29
0.375373
1.5
-0.285
-0.61
0.391525
1.2
-0.055
0.38
0.7
1
0.515
1.1
0.419952
0.5
0.865
0.06
0.454863
0.5
0
-0.951884
0.0935399
0
0.4
-0.441901
1.39392
0.475
1.09
0.325
1.34
0.735
0.89
0.615
1.3
0.893948
0.250646
1.31
0.17
0.92
-0.1
1.305
-0.02
-0.55
-1.04
-0.17
-1.575
0.445
-1.505
0.740281
-1.452
-0.448746
0.858439
-0.26937
1.07781
0.333755
1.08797
0.353752
0.888591
0.363752
0.788905
0.38375
0.589528
0.413748
0.290467
0.433747
0.091093
0.443746
-0.00859445
0.463745
-0.207969
-0.129378
-0.317809
-0.239064
-0.228121
-0.348752
-0.138434
0.535
-1.49
0.470956
2
-0.145
-1.25
0.375373
1.5
-0.285
-0.58
0.391525
1.2
0
0.4
0.7
1
0.515
1.1
0.419952
0.5
0.905
0.06
0.454863
0.5
0
-0.951884
0.0935399
0
0.4
-0.441901
1.39392
0.475
1.09
0.325
1.34
0.735
0.89
0.615
1.3
0.912896
0.261292
1.345
0.17
0.925
-0.11
1.345
-0.02
-0.485
-1.07
-0.105
-1.56
0.495
-1.48
0.790281
-1.427
-0.448746
0.858439
-0.26937
1.07781
0.333755
1.08797
0.353752
0.888591
0.363752
0.788905
0.38375
0.589528
0.413748
0.290467
0.433747
0.091093
0.443746
-0.00859445
0.463745
-0.207969
-0.129378
-0.317809
-0.239064
-0.228121
-0.348752
-0.138434
0.605
-1.48
0.5001
2
-0.095
-1.23
0.375373
1.5
-0.255
-0.55
0.391525
1.2
0
0.4
0.7
1
0.515
1.1
0.419952
0.5
0.935
0.06
0.454863
0.5
0
-0.951884
0.0935399
0
0.4
-0.441901
1.39392
0.475
1.09
0.325
1.34
0.735
0.89
0.615
1.3
0.913049
0.264197
1.395
0.18
0.92924
-0.109698
1.395
-0.015
-0.44
-1.065
-0.06
-1.56
0.53
-1.46
0.825281
-1.407
-0.448746
0.858439
-0.26937
1.07781
0.333755
1.08797
0.353752
0.888591
0.363752
0.788905
0.38375
0.589528
0.413748
0.290467
0.433747
0.091093
0.443746
-0.00859445
0.463745
-0.207969
-0.129378
-0.317809
-0.239064
-0.228121
-0.348752
-0.138434
0.655
-1.46
0.460977
2
0.035
-1.24
0.375373
1.5
-0.265
-0.59
0.391525
1.2
0
0.4
0.7
1
0.515
1.1
0.419952
0.5
0.955
0.06
0.454863
0.5
0
-0.951884
0.0935399
0
0.4
-0.441901
1.39392
0.475
1.09
0.325
1.34
0.735
0.89
0.615
1.3
0.913202
0.267101
1.445
0.19
0.93348
-0.109396
1.445
-0.01
-0.395
-1.06
-0.015
-1.56
0.565
-1.44
0.860281
-1.387
-0.448746
0.858439
-0.26937
1.07781
0.333755
1.08797
0.353752
0.888591
0.363752
0.788905
0.38375
0.589528
0.413748
0.290467
0.433747
0.091093
0.443746
-0.00859445
0.463745
-0.207969
-0.129378
-0.317809
-0.239064
-0.228121
-0.348752
-0.138434
0.695
-1.43
0.485077
2
0.005
-1.23
0.375373
1.5
-0.215
-0.58
0.391525
1.2
0
0.4
0.7
1
0.515
1.1
0.419952
0.5
1.015
0.06
0.503587
0.5
0
-0.951884
0.0935399
0
0.4
-0.441901
1.39392
0.475
1.09
0.325
1.34
0.735
0.89
0.615
1.3
0.913202
0.267101
1.5
0.19
0.93348
-0.109396
1.5
-0.01
-0.36
-1.055
0.035
-1.545
0.605
-1.4
0.894943
-1.32607
-0.448746
0.858439
-0.26937
1.07781
0.333755
1.08797
0.353752
0.888591
0.363752
0.788905
0.38375
0.589528
0.413748
0.290467
0.433747
0.091093
0.443746
-0.00859445
0.463745
-0.207969
-0.129378
-0.317809
-0.239064
-0.228121
-0.348752
-0.138434
0.755
-1.34
0.412311
2
0.175
-1.27
0.375373
1.5
-0.195
-0.63
0.411096
1.2
0
0.4
0.7
1
0.515
1.1
0.419952
0.5
1.005
0.07
0.511566
0.5
0
-0.951884
0.0935399
0
0.4
-0.441901
1.39392
0.475
1.09
0.325
1.34
0.735
0.89
0.615
1.3
0.913202
0.267101
1.555
0.19
0.93348
-0.109396
1.555
-0.01
-0.325
-1.05
0.085
-1.53
0.645
-1.36
0.929605
-1.26513
-0.448746
0.858439
-0.26937
1.07781
0.333755
1.08797
0.353752
0.888591
0.363752
0.788905
0.38375
0.589528
0.413748
0.290467
0.433747
0.091093
0.443746
-0.00859445
0.463745
-0.207969
-0.129378
-0.317809
-0.239064
-0.228121
-0.348752
-0.138434
0.725
-1.35
0.505964
2
0.045
-1.15
0.375373
1.5
-0.215
-0.6
0.391525
1.2
0
0.4
0.7
1
0.515
1.1
0.419952
0.5
1.055
0.05
0.520865
0.5
0
-0.951884
0.0935399
0
0.4
-0.441901
1.39392
0.475
1.09
0.325
1.34
0.735
0.89
0.615
1.3
0.913202
0.267101
1.615
0.195
0.93348
-0.109396
1.61
-0.005
-0.31
-1.04
0.125
-1.5
0.675
-1.33
0.946346
-1.2061
-0.448746
0.858439
-0.26937
1.07781
0.333755
1.08797
0.353752
0.888591
0.363752
0.788905
0.38375
0.589528
0.413748
0.290467
0.433747
0.091093
0.443746
-0.00859445
0.463745
-0.207969
-0.129378
-0.317809
-0.239064
-0.228121
-0.348752
-0.138434
0.785
-1.33
0.474236
2
0.115
-1.18
0.375373
1.5
-0.205
-0.56
0.391525
1.2
0
0.4
0.7
1
0.515
1.1
0.419952
0.5
1.085
0.05
0.54231
0.5
0
-0.951884
0.0935399
0
0.4
-0.441901
1.39392
0.475
1.09
0.325
1.34
0.735
0.89
0.615
1.3
0.913202
0.267101
1.675
0.2
0.93348
-0.109396
1.665
0
-0.295
-1.03
0.165
-1.47
0.705
-1.3
0.963087
-1.14706
-0.448746
0.858439
-0.26937
1.07781
0.333755
1.08797
0.353752
0.888591
0.363752
0.788905
0.38375
0.589528
0.413748
0.290467
0.433747
0.091093
0.443746
-0.00859445
0.463745
-0.207969
-0.129378
-0.317809
-0.239064
-0.228121
-0.348752
-0.138434
0.785
-1.27
0.4993
2
0.085
-1.16
0.375373
1.5
-0.195
-0.54
0.391525
1.2
0
0.4
0.7
1
0.515
1.1
0.419952
0.5
1.115
0.08
0.565685
0.5
0
-0.951884
0.0935399
0
0.4
-0.441901
1.39392
0.475
1.09
0.325
1.34
0.735
0.89
0.615
1.3
0.913202
0.267101
1.69268
0.199847
0.93348
-0.109396
1.69552
-0.000236664
-0.215
-0.99
0.195
-1.4
0.715
-1.23
0.968851
-1.07032
-0.448746
0.858439
-0.26937
1.07781
0.333755
1.08797
0.353752
0.888591
0.363752
0.788905
0.38375
0.589528
0.413748
0.290467
0.433747
0.091093
0.443746
-0.00859445
0.463745
-0.207969
-0.129378
-0.317809
-0.239064
-0.228121
-0.348752
-0.138434
0.765
-1.18
0.53
2
0.135
-1.02
0.375373
1.5
-0.125
-0.51
0.391525
1.2
0
0.4
0.7
1
0.515
1.1
0.419952
0.5
1.215
0.1
0.570789
0.5
0
-0.951884
0.0935399
0
0.4
-0.441901
1.39392
0.475
1.09
0.325
1.34
0.735
0.89
0.615
1.3
0.913202
0.267101
1.71036
0.199694
0.93348
-0.109396
1.72603
-0.000473328
-0.135
-0.95
0.225
-1.33
0.725
-1.16
0.974615
-0.99359
-0.448746
0.858439
-0.26937
1.07781
0.333755
1.08797
0.353752
0.888591
0.363752
0.788905
0.38375
0.589528
0.413748
0.290467
0.433747
0.091093
0.443746
-0.00859445
0.463745
-0.207969
-0.129378
-0.317809
-0.239064
-0.228121
-0.348752
-0.138434
0.795
-1.13
0.474342
2
0.115
-1.05
0.375373
1.5
-0.125
-0.47
0.391525
1.2
0
0.4
0.7
1
0.515
1.1
0.419952
0.5
1.135
0.07
0.630635
0.5
0
-0.951884
0.0935399
0
0.4
-0.478476
1.37086
0.475
1.05
0.475
1.33
0.685
0.83
0.735
1.21
0.885
0.31
1.675
0.25
0.920699
-0.158647
1.645
-0.11
-0.135
-0.95
0.225
-1.33
0.715
-1.26
0.965
-1.16
-0.448746
0.858439
-0.26937
1.07781
0.333755
1.08797
0.353752
0.888591
0.363752
0.788905
0.38375
0.589528
0.413748
0.290467
0.433747
0.091093
0.443746
-0.00859445
0.463745
-0.207969
-0.129378
-0.317809
-0.239064
-0.228121
-0.348752
-0.138434
0.815
-1.23
0.45618
2
0.165
-1.1
0.375373
1.5
-0.065
-0.58
0.391525
1.2
0
0.4
0.7
1
0.515
1.1
0.419952
0.5
1.095
0.04
0.577061
0.5
0
-0.93117
0.0354149
0
0.4
-0.582675
1.29793
0.455
1.06
0.475
1.3
0.645
0.82
0.735
1.18
0.855
0.39
1.65477
0.370728
0.925
-0.16
1.655
-0.14
-0.0449764
-0.956123
0.339523
-1.31139
0.72005
-1.30609
0.962875
-1.18968
-0.478273
0.827641
-0.313858
1.05848
0.287319
1.1087
0.320527
0.911075
0.337132
0.812263
0.370341
0.614637
0.420156
0.318201
0.453365
0.120578
0.46997
0.0217654
0.50318
-0.175858
-0.0813898
-0.324893
-0.196806
-0.242686
-0.312224
-0.16048
0.785
-1.27
0.47927
2
0.175
-1.05
0.375373
1.5
-0.145
-0.52
0.391525
1.2
0
0.4
0.7
1
0.467381
1.13276
0.419952
0.5
1.155
0.11
0.583095
0.5
0
-0.904819
-0.025797
0
0.4
-0.64686
1.253
0.405553
1.09159
0.407946
1.33243
0.612621
0.866102
0.676057
1.23176
0.785
0.48
1.495
0.58
0.915
-0.15
1.545
-0.22
0.0543373
-0.95593
0.455
-1.46
0.795
-1.45
1.02869
-1.31613
-0.508326
0.791558
-0.361218
1.03383
0.23474
1.1279
0.28232
0.933208
0.30611
0.835865
0.353689
0.641175
0.42506
0.349145
0.47264
0.154458
0.49643
0.0571145
0.54401
-0.137572
-0.028156
-0.328985
-0.149289
-0.255431
-0.270424
-0.181879
0.865
-1.38
0.493964
2
0.295
-1.11
0.375373
1.5
-0.025
-0.53
0.391525
1.2
0
0.4
0.7
1
0.412581
1.16506
0.419952
0.5
1.065
0.15
0.614003
0.5
0
-0.880022
-0.0749326
0
0.4
-0.736423
1.14641
0.35665
1.11816
0.342328
1.35862
0.525
0.83
0.615
1.15
0.655
0.53
1.385
0.67
0.805
-0.16
1.425
-0.29
0.075
-1.03
0.475
-1.68
0.745
-1.74
0.968868
-1.59022
-0.534339
0.755402
-0.404374
1.00733
0.183706
1.14253
0.244684
0.951586
0.275175
0.856114
0.336154
0.665167
0.427624
0.378751
0.488603
0.187808
0.519093
0.0923353
0.580073
-0.0986086
0.0224854
-0.329284
-0.103476
-0.264302
-0.229439
-0.199321
0.795
-1.66
0.412311
2
0.385
-1.17
0.375373
1.5
0.035
-0.58
0.391525
1.2
0
0.4
0.7
1
0.358564
1.19195
0.419952
0.5
0.945
0.19
0.612046
0.5
0
-0.853639
-0.120865
0
0.4
-0.792227
1.07374
0.306611
1.14102
0.335
1.38
0.494346
0.865045
0.565
1.11
0.575
0.54
1.145
0.81
0.785
-0.18
1.235
-0.43
0.085
-1.11
0.555
-1.79
0.765
-1.83
1.04477
-1.7217
-0.557522
0.71797
-0.445121
0.978249
0.132379
1.15348
0.206316
0.967139
0.243286
0.873969
0.317223
0.687629
0.42813
0.408122
0.502068
0.221785
0.539037
0.128615
0.612975
-0.0577224
0.0724449
-0.32612
-0.0576927
-0.26992
-0.187831
-0.213721
0.885
-1.78
0.474342
2
0.325
-1.33
0.429535
1.5
0.035
-0.62
0.391525
1.2
0.025
0.36
0.7
1
0.30346
1.21478
0.419952
0.5
0.995
0.2
0.650692
0.5
0
-0.841248
-0.13928
0
0.4
-0.787216
1.09668
0.283708
1.14326
0.31
1.3725
0.47701
0.866284
0.545
1.1175
0.6225
0.4675
1.1275
0.6
0.7825
-0.155
1.1325
-0.4275
-0.05
-1.02
0.2825
-1.8125
0.57
-1.8825
0.853301
-1.81639
-0.564219
0.704539
-0.458041
0.967102
0.114615
1.15559
0.192806
0.971216
0.231903
0.879032
0.310094
0.69466
0.427382
0.418107
0.505574
0.233739
0.54467
0.141554
0.622862
-0.0428146
0.0893032
-0.323483
-0.0419769
-0.270394
-0.173258
-0.217307
0.655
-1.81
0.4998
2
0.145
-1.24
0.375373
1.5
0.025
-0.6
0.391525
1.2
0
0.4
0.7
1
0.322342
1.246
0.419952
0.5
0.855
0.14
0.596825
0.5
0
-0.828857
-0.157696
0
0.4
-0.782206
1.11963
0.260805
1.14551
0.285
1.365
0.459673
0.867522
0.525
1.125
0.67
0.395
1.11
0.39
0.78
-0.13
1.03
-0.425
-0.185
-0.93
0.00999999
-1.835
0.375
-1.935
0.661831
-1.91107
-0.570915
0.691108
-0.470961
0.955956
0.0968515
1.15769
0.179297
0.975293
0.22052
0.884094
0.302966
0.701691
0.426634
0.428092
0.50908
0.245693
0.550303
0.154493
0.632749
-0.0279067
0.106161
-0.320845
-0.0262611
-0.270868
-0.158685
-0.220892
0.475
-1.9
0.509902
2
-0.065
-1.27
0.375373
1.5
-0.025
-0.6
0.391525
1.2
0
0.4
0.7
1
0.341225
1.27722
0.419952
0.5
0.765
0.09
0.59742
0.5
0
-0.816466
-0.176112
0
0.4
-0.777196
1.14258
0.237903
1.14775
0.26
1.3575
0.442337
0.868761
0.505
1.1325
0.7175
0.3225
1.0925
0.18
0.7775
-0.105
0.9275
-0.4225
-0.32
-0.84
-0.2625
-1.8575
0.18
-1.9875
0.470361
-2.00576
-0.577612
0.677677
-0.483881
0.944809
0.0790876
1.1598
0.165787
0.97937
0.209137
0.889156
0.295837
0.708723
0.425887
0.438077
0.512587
0.257647
0.555937
0.167431
0.642637
-0.0129989
0.12302
-0.318207
-0.0105453
-0.271341
-0.144111
-0.224477
0.285
-1.92
0.523759
2
-0.175
-1.26
0.375373
1.5
-0.187436
-0.593223
0.391525
1.2
0
0.4
0.7
1
0.360107
1.30845
0.419952
0.5
0.713287
-0.0144837
0.501743
0.5
0
-0.804075
-0.194528
0
0.4
-0.772185
1.16553
0.215
1.15
0.235
1.35
0.425
0.87
0.485
1.14
0.765
0.25
1.075
-0.03
0.775
-0.08
0.825
-0.42
-0.455
-0.75
-0.535
-1.88
-0.015
-2.04
0.278891
-2.10044
-0.584309
0.664246
-0.496801
0.933662
0.0613238
1.16191
0.152277
0.983447
0.197754
0.894218
0.288708
0.715754
0.425139
0.448062
0.516093
0.269601
0.56157
0.18037
0.652524
0.00190893
0.139878
-0.315569
0.00517054
-0.271815
-0.129538
-0.228062
0.115
-2.06
0.481664
2
-0.395
-1.42
0.431741
1.5
-0.195
-0.6
0.460435
1.2
0
0.4
0.7
1
0.378989
1.33967
0.419952
0.5
0.725
-0.12
0.454863
0.5
0
