30
10
15
13
6
-0.804075
-0.194528
0
0.4
-0.772185
1.16553
0.215
1.15
0.235
1.35
0.425
0.87
0.505
1.17
0.765
0.25
1.055
-0.07
0.775
-0.08
0.825
-0.42
-0.455
-0.75
-0.535
-1.88
-0.015
-2.04
0.278891
-2.10044
-0.584309
0.664246
-0.496801
0.933662
0.0613238
1.16191
0.152277
0.983447
0.197754
0.894218
0.288708
0.715754
0.425139
0.448062
0.516093
0.269601
0.56157
0.18037
0.652524
0.00190893
0.139878
-0.315569
0.00517054
-0.271815
-0.129538
-0.228062
0.115
-2.06
0.393954
2
-0.395
-1.42
0.455412
1.5
-0.195
-0.6
0.460435
1.2
0
0.4
0.7
1
0.378989
1.33967
0.419952
0.5
0.725
-0.12
0.454863
0.5
0
-0.975
0.18
0
0.4
-0.326886
1.43765
0.535
1
0.585
1.2
0.615
0.71
0.735
0.94
0.64347
-0.19163
0.705
-0.63
0.435
-0.53
0.315
-0.81
-0.938795
-0.40611
-1.545
-1.11
-1.145
-1.54
-0.912969
-1.73048
-0.394171
0.906269
-0.191134
1.10402
0.409381
1.04599
0.406735
0.845592
0.405413
0.745397
0.402767
0.545004
0.3988
0.244417
0.396155
0.0440255
0.394832
-0.0561704
0.392188
-0.256561
-0.209648
-0.298725
-0.308521
-0.197207
-0.407395
-0.0956893
-1.04466
-1.83158
0.393954
2
-1.19793
-1.02726
0.455412
1.5
-0.638694
-0.394478
0.460435
1.2
0
0.4
0.7
1
0.773474
1.05532
0.419952
0.5
0.39954
-0.398272
0.454863
0.5
0
-0.965
0.59
0
0.4
0.161526
1.47626
0.765
0.74
0.925
0.87
0.695
0.45
0.925
0.57
0.302231
-0.414736
0.125
-0.71
-0.035
-0.59
-0.355
-0.71
-1.235
0.12
-2.075
-0.24
-1.705
-0.72
-1.50228
-0.941146
-0.132161
1.0281
0.137145
1.11676
0.651514
0.801052
0.56119
0.622068
0.51603
0.532577
0.425707
0.353593
0.290224
0.0851196
0.199903
-0.0938625
0.154742
-0.183354
0.0644208
-0.362336
-0.495108
-0.136117
-0.539438
-0.00146523
-0.583769
0.133187
-1.545
-0.93
0.393954
2
-1.575
-0.26
0.455412
1.5
-0.922823
-0.0339034
0.460435
1.2
0
0.4
0.7
1
0.982913
0.649657
0.419952
0.5
0.00883857
-0.492954
0.454863
0.5
0
-0.665
1.06
0
0.4
0.795216
1.14414
0.825
0.22
1.03654
0.25204
0.655
-0.04
0.895
-0.01
-0.318895
-0.383379
-0.585
-0.46
-0.685
-0.26
-0.945
-0.15
-0.965
1.19
-1.695
1.19
-1.765
0.68
-1.7433
0.380572
0.286426
0.974915
0.5528
0.877212
0.760295
0.310012
0.578255
0.225678
0.487237
0.18351
0.305197
0.0991754
0.0321409
-0.0273262
-0.149896
-0.11166
-0.240915
-0.153827
-0.422952
-0.238163
-0.721465
0.286866
-0.672614
0.420052
-0.623763
0.553238
-1.715
0.59
0.393954
2
-1.305
1.05
0.330151
1.5
-0.615
0.83
0.460435
1.2
0
0.4
0.7
1
0.926286
-0.0146138
0.419952
0.5
-0.547691
-0.306125
0.454863
0.5
0
-0.075
1.3
0
0.4
1.0897
0.391616
0.415
-0.3
0.515
-0.44
0.155
-0.27
0.265
-0.41
-0.768315
0.0139792
-1.065
0.15
-0.925
0.33
-1.005
0.59
-0.095
1.86
-0.455
2.15
-0.945
1.77
-1.09069
1.50775
0.604023
0.619571
0.729885
0.365101
0.48943
-0.18932
0.299264
-0.125014
0.204182
-0.0928624
0.0140154
-0.0285571
-0.271231
0.0678985
-0.461395
0.132202
-0.556477
0.164354
-0.746642
0.228657
-0.601272
0.815227
-0.474038
0.878157
-0.346804
0.941089
-0.985
1.66
0.393954
2
-0.415
1.85
0.455412
1.5
-0.295
1.22
0.460435
1.2
0
0.4
0.7
1
0.386071
-0.539189
0.419952
0.5
-0.883963
0.265342
0.454863
0.5
0
0.362879
1.33184
0
0.4
0.955119
-0.126256
0.075
-0.53
0.095
-0.84
-0.185
-0.42
-0.175
-0.8
-0.860053
0.426085
-1.05642
0.687076
-0.847483
0.778842
-0.794093
1.04578
0.611588
1.73028
0.432818
2.15695
-0.179406
2.0558
-0.432514
1.89436
0.636191
0.305643
0.625801
0.021737
0.150164
-0.351748
0.0134069
-0.204598
-0.0549712
-0.131024
-0.191729
0.0161259
-0.396864
0.236848
-0.53362
0.383995
-0.601998
0.457569
-0.738755
0.604716
-0.3315
1.05178
-0.189548
1.04658
-0.0475956
1.04139
-0.255
2
0.393954
2
0.335
1.82
0.384708
1.5
0.075
1.24
0.382099
1.2
0
0.4
0.7
1
-0.107404
-0.610474
0.419952
0.5
-0.842152
0.702392
0.454863
0.5
2
-0.035
-0.96
0.290689
0.196116
-0.980581
1.3
0.1
1
0
0.005
-0.37
0.458912
-0.196116
-0.980581
0.8
0.8
0.8
0
0.431627
1.30205
0
0.4
0.905553
-0.20781
0.025
-0.76
0.025
-1.15
-0.289548
-0.58741
-0.295
-1.1
-0.816056
0.563421
-0.995
0.93
-0.755
0.88
-0.715
1.16
0.515
1.74
0.505
2.13
0.045
2.34
-0.24807
2.40411
0.625575
0.250369
0.5904
-0.0315731
0.0838762
-0.362081
-0.0395061
-0.203521
-0.101197
-0.124243
-0.22458
0.0343175
-0.409653
0.272154
-0.533034
0.430711
-0.594725
0.509991
-0.718108
0.668548
-0.273279
1.07834
-0.13231
1.06075
0.00866104
1.04316
-0.065
2.36
0.436807
2
0.315
1.82
0.35171
1.5
0.065
1.23
0.327567
1.2
0
0.4
0.7
1
-0.135
-0.73
0.49366
0.5
-0.81258
0.774901
0.454863
0.5
2
-0.135
-1.21
0.303645
0.196116
-0.980581
1.3
0.1
1
0
-0.125
-0.54
0.392046
-0.196116
-0.980581
0.8
0.8
0.8
0
0.475
1.27
0
0.4
0.870961
-0.256456
-0.0191778
-0.86178
-0.005
-1.46
-0.275214
-0.596298
-0.285
-1.31
-0.806441
0.607148
-0.90639
1.07551
-0.675
0.99
-0.545
1.33
0.275
1.71
0.335
2.1
0.245
2.53
0.065
2.77
0.616464
0.216364
0.565915
-0.0632371
0.0420575
-0.365544
-0.0724674
-0.200468
-0.12973
-0.117932
-0.244255
0.047145
-0.416042
0.294756
-0.530566
0.459829
-0.587828
0.542367
-0.702354
0.70744
-0.235762
1.09229
-0.0959634
1.06701
0.0438367
1.04174
0.105
2.69
0.393954
2
0.305
2.21
0.455412
1.5
0.0586157
1.42025
0.460435
1.2
0
0.4
0.7
1
-0.125
-0.88
0.538516
0.5
-0.790868
0.818805
0.454863
0.5
2
-0.165
-1.44
0.294279
0.196116
-0.980581
1.3
0.1
1
0
-0.165
-0.75
0.410487
-0.196116
-0.980581
0.8
0.8
0.8
0
0.475
1.23
0
0.4
0.85732
-0.274226
-0.0346849
-0.862548
-0.0328014
-1.66257
-0.27141
-0.597705
-0.283237
-1.39764
-0.802041
0.623674
-0.892352
1.094
-0.66276
1.00376
-0.54259
1.31185
0.085
1.68
0.125
2.1
0.155
2.63
0.172115
2.92951
0.612581
0.203735
0.556298
-0.0747767
0.0263263
-0.366269
-0.0847874
-0.198871
-0.140344
-0.115173
-0.251458
0.0522256
-0.418128
0.30332
-0.529242
0.470716
-0.584798
0.554414
-0.695913
0.72181
-0.221501
1.097
-0.0822463
1.06886
0.0570095
1.04072
0.185
2.85
0.393954
2
0.175
2.15
0.455412
1.5
0.0795601
1.41886
0.460435
1.2
0
0.4
0.7
1
-0.145
-0.83
0.554437
0.5
-0.685
0.96
0.454863
0.5
2
-0.215636
-1.57605
0.311558
0.196116
-0.980581
1.3
0.1
1
0
-0.165
-0.84
0.463897
-0.196116
-0.980581
0.8
0.8
0.8
0
0.475
1.23
0
0.4
0.85732
-0.274226
-0.0346849
-0.862548
-0.0328014
-1.66257
-0.27141
-0.597705
-0.283237
-1.39764
-0.776369
0.652123
-0.815
1.15
-0.595
1.02
-0.405
1.28
0.085
1.68
0.155
2.22
0.165
2.76
0.179981
3.05963
0.612581
0.203735
0.556298
-0.0747767
0.0263263
-0.366269
-0.0847874
-0.198871
-0.140344
-0.115173
-0.251458
0.0522256
-0.418128
0.30332
-0.529242
0.470716
-0.584798
0.554414
-0.695913
0.72181
-0.221501
1.097
-0.0822463
1.06886
0.0570095
1.04072
0.245
2.96
0.393954
2
0.184757
2.25893
0.455412
1.5
0.0795601
1.41886
0.460435
1.2
0
0.4
0.7
1
-0.095
-0.76
0.623939
0.5
-0.782123
0.834973
0.454863
0.5
2
-0.185
-1.55
0.332595
0.196116
-0.980581
1.3
0.1
1
0
-0.145
-0.83
0.480416
-0.196116
-0.980581
0.8
0.8
0.8
0
0.475
1.23
0
0.4
0.85732
-0.274226
-0.025
-0.68
-0.025
-1.44
-0.265
-0.45
-0.275
-1.18
-0.776369
0.652123
-0.815
1.15
-0.595
1.02
-0.405
1.28
0.085
1.68
0.155
2.22
0.175
2.6
0.189981
2.89963
0.612581
0.203735
0.556298
-0.0747767
0.0263263
-0.366269
-0.0847874
-0.198871
-0.140344
-0.115173
-0.251458
0.0522256
-0.418128
0.30332
-0.529242
0.470716
-0.584798
0.554414
-0.695913
0.72181
-0.221501
1.097
-0.0822463
1.06886
0.0570095
1.04072
0.195
2.86
0.393954
2
0.184757
2.25893
0.455412
1.5
0.0795601
1.41886
0.460435
1.2
0
0.4
0.7
1
-0.125
-0.72
0.490102
0.5
-0.782123
0.834973
0.454863
0.5
0
0.475
1.23
0
0.4
0.85732
-0.274226
-0.025
-0.61
-0.015
-1.3
-0.275
-0.33
-0.295
-1.03
-0.808955
0.615177
-0.925
1
-0.685
0.96
-0.665
1.25
0.025
1.63
0.135
2.09
0.145
2.41
0.085
2.66
0.612581
0.203735
0.556298
-0.0747767
0.0263263
-0.366269
-0.0847874
-0.198871
-0.140344
-0.115173
-0.251458
0.0522256
-0.418128
0.30332
-0.529242
0.470716
-0.584798
0.554414
-0.695913
0.72181
-0.221501
1.097
-0.0822463
1.06886
0.0570095
1.04072
0.135
2.52
0.393954
2
0.155
2.07
0.398574
1.5
0.0795601
1.41886
0.460435
1.2
0
0.4
0.7
1
-0.085
-0.72
0.554437
0.5
-0.782123
0.834973
0.454863
0.5
0
0.475
1.23
0
0.4
0.85732
-0.274226
-0.025
-0.5
-0.025
-1.11
-0.255
-0.2
-0.315
-0.88
-0.805
0.53
-0.985
0.77
-0.775
0.86
-0.895
1.12
0.025
1.63
0.055
1.89
0.075
2.3
-0.035
2.51
0.612581
0.203735
0.556298
-0.0747767
0.0263263
-0.366269
-0.0847874
-0.198871
-0.140344
-0.115173
-0.251458
0.0522256
-0.418128
0.30332
-0.529242
0.470716
-0.584798
0.554414
-0.695913
0.72181
-0.221501
1.097
-0.0822463
1.06886
0.0570095
1.04072
0.025
2.42
0.393954
2
0.095
1.91
0.300447
1.5
-0.035
1.25
0.386696
1.2
0.035
0.34
0.7
1
-0.125
-0.66
0.453982
0.5
-0.805
0.81
0.454863
0.5
0
0.475
1.23
0
0.4
0.85732
-0.274226
-0.055
-0.46
-0.055
-0.89
-0.305
-0.18
-0.335
-0.63
-0.745
0.45
-1.005
0.55
-0.835
0.76
-0.975
0.97
0.035
1.5
0.165
1.92
-0.005
2.19
-0.195
2.31
0.612581
0.203735
0.556298
-0.0747767
0.0263263
-0.366269
-0.0847874
-0.198871
-0.140344
-0.115173
-0.251458
0.0522256
-0.418128
0.30332
-0.529242
0.470716
-0.584798
0.554414
-0.695913
0.72181
-0.221501
1.097
-0.0822463
1.06886
0.0570095
1.04072
-0.015
2.25
0.393954
2
0.105
1.67
0.280179
1.5
-0.045
1.16
0.340966
1.2
0
0.4
0.7
1
-0.269822
-0.579857
0.419952
0.5
-0.845
0.69
0.454863
0.5
0
0.633501
1.17374
0
0.4
0.7184
-0.42121
-0.255
-0.43
-0.295
-0.82
-0.465
-0.1
-0.525
-0.47
-0.705
0.43
-0.985
0.62
-0.795
0.78
-0.945
1.02
0.237546
1.47504
0.442921
1.86398
0.465
2.15
0.335
2.37
0.566039
0.093911
0.45927
-0.169525
-0.115621
-0.358249
-0.193954
-0.173145
-0.23312
-0.0805953
-0.311453
0.104508
-0.428953
0.38216
-0.507285
0.567261
-0.546451
0.659811
-0.624785
0.844912
-0.0890632
1.12619
0.0426536
1.07281
0.174371
1.01942
0.455
2.22
0.393954
2
0.355
1.64
0.278927
1.5
0.145
1.29
0.230868
1.2
0
0.4
0.7
1
-0.446233
-0.513556
0.419952
0.5
-0.735
0.72
0.454863
0.5
0
0.735
1.05
0
0.4
0.55191
-0.54149
-0.435
-0.3
-0.455
-0.71
-0.605
0.01
-0.655
-0.33
-0.705
0.51
-0.945
0.79
-0.725
0.87
-0.785
1.16
0.434885
1.41171
0.815
1.76
0.915
2
0.82608
2.28652
0.498764
-0.00682595
0.344488
-0.245641
-0.255717
-0.32331
-0.297985
-0.126764
-0.319119
-0.028492
-0.361388
0.168055
-0.424791
0.462871
-0.467059
0.659415
-0.488193
0.757687
-0.530463
0.954231
0.0486052
1.13018
0.168012
1.05304
0.287419
0.975902
0.875
2.21
0.393954
2
0.595
1.58
0.455412
1.5
0.295
1.13
0.460435
1.2
0
0.4
0.7
1
-0.485
-0.34
0.419952
0.5
-0.675
0.83
0.454863
0.5
0
0.842633
0.938488
0
0.4
0.378065
-0.623964
-0.585
-0.2
-0.645651
-0.611001
-0.735
0.15
-0.845
-0.19
-0.715
0.69
-0.905
1.01
-0.655
0.97
-0.675
1.28
0.605904
1.31978
1.04135
1.59596
1.18197
1.81471
1.14474
2.11244
0.419645
-0.0881803
0.225793
-0.296229
-0.378833
-0.267283
-0.385929
-0.0663323
-0.389478
0.034142
-0.396575
0.235093
-0.407222
0.536517
-0.414319
0.737465
-0.417868
0.83794
-0.424967
1.03889
0.176109
1.11042
0.280133
1.0135
0.384156
0.916571
1.145
2.02
0.393954
2
0.875
1.44
0.455412
1.5
0.515
1.07
0.460435
1.2
0
0.4
0.7
1
-0.645
-0.21
0.489183
0.5
-0.585
0.98
0.454863
0.5
0
0.913045
0.807858
0
0.4
0.187788
-0.675498
-0.683518
-0.0851155
-0.817126
-0.478594
-0.768146
0.286236
-0.937537
-0.0285064
-0.685
0.83
-0.755
1.16
-0.515
1.07
-0.397761
1.36115
0.685
1.04
1.335
1.36
1.485
1.58
1.495
1.87
0.325078
-0.155814
0.0969202
-0.325644
-0.492771
-0.188401
-0.463606
0.0105927
-0.449024
0.110089
-0.419859
0.309084
-0.376113
0.607573
-0.346949
0.806565
-0.332367
0.906061
-0.303204
1.10506
0.301069
1.06731
0.385984
0.953237
0.470899
0.839157
1.515
1.72
0.461736
2
1.065
1.2
0.455412
1.5
0.515
0.9
0.460435
1.2
0
0.4
0.7
1
-0.685
-0.09
0.491935
0.5
-0.455
1.08
0.454863
0.5
0
0.915
0.61
0
0.4
-0.0392355
-0.69125
-0.769362
0.0670497
-0.981667
-0.290248
-0.775175
0.447943
-1.00617
0.175103
-0.581087
0.962749
-0.581161
1.30015
-0.364993
1.16233
-0.18992
1.42289
0.802923
0.88419
1.415
1.03
1.785
1.23
1.85491
1.51168
0.202839
-0.21123
-0.0556117
-0.330098
-0.604139
-0.0735564
-0.534347
0.115102
-0.499452
0.20943
-0.429659
0.39809
-0.324972
0.681076
-0.255181
0.869733
-0.220285
0.964062
-0.150494
1.15272
0.43293
0.990514
0.492364
0.86129
0.551797
0.732064
1.845
1.36
0.461736
2
1.255
0.91
0.455412
1.5
0.635
0.71
0.460435
1.2
0
0.4
0.760148
1
-0.815
0.08
0.458039
0.5
-0.305
1.14
0.454863
0.5
0
0.975
0.46
0
0.4
-0.264898
-0.659676
-0.825
0.17
-1.105
-0.07
-0.815
0.47
-1.115
0.23
-0.395
1.12
-0.215
1.44
-0.125
1.21
0.150368
1.38467
0.886183
0.707135
1.51538
0.722769
1.91895
0.841676
2.04582
1.10279
0.0716139
-0.240208
-0.20596
-0.302878
-0.689461
0.0620095
-0.582008
0.232131
-0.528283
0.317191
-0.42083
0.487313
-0.259653
0.742494
-0.152202
0.912614
-0.0984758
0.997675
0.00897524
1.1678
0.546204
0.887974
0.577539
0.749188
0.608874
0.6104
2.005
0.97
0.44
2
1.425
0.71
0.455412
1.5
0.735
0.59
0.460435
1.2
0
0.4
0.7
1
-0.865
0.21
0.419952
0.5
-0.115
1.15
0.454863
0.5
0
0.965
0.26
0
0.4
-0.494772
-0.574019
-0.835
0.32
-1.105
0.09
-0.805
0.59
-1.155
0.37
-0.225
1.11
-0.005
1.39
0.025
1.16
0.325
1.28
0.875
0.51
1.685
0.28
1.995
0.34
2.17697
0.566263
-0.0730665
-0.240161
-0.357677
-0.239311
-0.747633
0.224353
-0.604902
0.366232
-0.533537
0.437171
-0.390805
0.579051
-0.17671
0.79187
-0.0339811
0.933749
0.0373845
1.00469
0.180114
1.14657
0.641437
0.753849
0.641012
0.611544
0.640586
0.469238
2.135
0.45
0.393954
2
1.455
0.35
0.455412
1.5
0.825
0.45
0.460435
1.2
0
0.4
0.7
1
-0.905
0.33
0.419952
0.5
0.085
1.19
0.454863
0.5
0
0.933217
0.0406865
0
0.4
-0.716814
-0.424709
-0.829562
0.525376
-1.14743
0.367868
-0.734818
0.780036
-1.12787
0.651679
-0.065
1.1
0.095
1.36
0.195
1.13
0.465
1.31
0.985
0.2
1.60561
-0.126053
1.975
-0.16
2.215
-0.02
-0.226514
-0.203319
-0.502436
-0.133304
-0.768051
0.41134
-0.595083
0.514292
-0.508599
0.565768
-0.33563
0.668721
-0.0761788
0.82315
0.096788
0.926103
0.183272
0.977579
0.35624
1.08053
0.708342
0.587367
0.673335
0.449407
0.638327
0.311446
2.105
-0.14
0.4245
2
1.415
-0.02
0.455412
1.5
0.775
0.26
0.460435
1.2
0
0.4
0.7
1
-0.915
0.54
0.419952
0.5
0.225
1.13
0.454863
0.5
0
0.863958
-0.103564
0
0.4
-0.857138
-0.278091
-0.792249
0.676669
-1.13383
0.580633
-0.652018
0.909469
-1.06212
0.855993
0.0655721
1.1001
0.270935
1.32608
0.326693
1.0815
0.625387
1.2085
0.931238
0.0212295
1.48097
-0.414053
1.8378
-0.515741
2.0996
-0.422513
-0.334241
-0.151152
-0.592515
-0.0312977
-0.752875
0.553198
-0.563811
0.622406
-0.46928
0.657011
-0.280215
0.72622
0.00338
0.830034
0.192443
0.899244
0.286975
0.933849
0.476039
1.00306
0.730934
0.453168
0.671008
0.324032
0.611079
0.194895
1.975
-0.47
0.393954
2
1.335
-0.28
0.455412
1.5
0.765
0.15
0.460435
1.2
0
0.4
0.7
1
-0.835
0.72
0.419952
0.5
0.335
1.08
0.454863
0.5
0
0.635
-0.32
0
0.4
-1.03931
0.0607948
-0.647512
0.9342
-1.00132
0.962477
-0.435239
1.10405
-0.838588
1.196
0.304181
1.03421
0.575206
1.17508
0.542757
0.926259
0.867052
0.941902
0.742544
-0.278179
1.10752
-0.87716
1.4071
-1.09625
1.68508
-1.09951
-0.50466
-0.00132534
-0.705469
0.200656
-0.653361
0.804695
-0.451965
0.804108
-0.351269
0.803815
-0.149873
0.803228
0.152219
0.802349
0.353613
0.801764
0.454311
0.801471
0.655706
0.800886
0.704297
0.196553
0.603307
0.0961486
0.502316
-0.00425616
1.535
-1.08
0.393954
2
1.055
-0.7
0.455412
1.5
0.635
-0.01
0.460435
1.2
0
0.4
0.7
1
-0.685
0.94
0.419952
0.5
0.625
1.01
0.454863
0.5
0
0.385
-0.44
0
0.4
-1.09356
0.408909
-0.444157
1.11259
-0.770707
1.25196
-0.188816
1.20615
-0.54209
1.42166
0.490219
0.904714
0.792063
0.9521
0.682138
0.726442
0.994667
0.63812
0.488483
-0.479369
0.644085
-1.16353
0.858506
-1.4666
1.1211
-1.55812
-0.606267
0.179924
-0.732461
0.435354
-0.490899
0.991635
-0.300087
0.927015
-0.204682
0.894706
-0.0138701
0.830085
0.272346
0.733157
0.463158
0.668541
0.558564
0.63623
0.749375
0.571613
0.603222
-0.0169792
0.475508
-0.0800753
0.347791
-0.143171
0.995
-1.53
0.393954
2
0.655
-1.05
0.455412
1.5
0.415
-0.27
0.460435
1.2
0
0.4
0.7
1
-0.465
1.18
0.419952
0.5
0.755
0.8
0.454863
0.5
0
0.165
-0.51
0
0.4
-1.05193
0.699752
-0.238482
1.20527
-0.516203
1.42658
0.0326018
1.22748
-0.250609
1.52932
0.607001
0.756073
0.910627
0.721391
0.744566
0.533101
1.02236
0.364739
0.236813
-0.57786
0.20467
-1.27889
0.330699
-1.62817
0.559496
-1.78632
-0.643098
0.349244
-0.696753
0.629104
-0.315751
1.1011
-0.148995
0.987995
-0.0656176
0.931444
0.101139
0.818339
0.351273
0.648684
0.51803
0.535583
0.601408
0.479031
0.768166
0.365929
0.470545
-0.162619
0.330616
-0.189446
0.190685
-0.216272
0.505
-1.71
0.393954
2
0.325
-1.13
0.455412
1.5
0.255
-0.35
0.460435
1.2
0
0.4
0.7
1
-0.265
1.31
0.419952
0.5
0.875
0.6
0.454863
0.5
0
-0.075
-0.48
0
0.4
-0.919649
0.992686
0.00584543
1.24004
-0.195624
1.53258
0.271752
1.18249
0.0884395
1.55371
0.684463
0.564336
0.964977
0.442879
0.751306
0.310943
0.968235
0.0690509
-0.0576147
-0.604738
-0.292167
-1.26634
-0.273085
-1.63727
-0.100079
-1.85514
-0.630255
0.538372
-0.600251
0.821819
-0.0983907
1.1628
0.0283297
1.00608
0.0916898
0.927714
0.21841
0.770985
0.408491
0.535897
0.535214
0.379173
0.598574
0.300809
0.725296
0.144084
0.286798
-0.275263
0.145075
-0.260261
0.00335076
-0.245258
-0.175
-1.72
0.393954
2
-0.195
-1.18
0.455412
1.5
-0.045
-0.49
0.460435
1.2
0
0.4
0.7
1
0.015
1.37
0.419952
0.5
0.805
0.32
0.454863
0.5
0
-0.185
-0.41
0
0.4
-0.823394
1.12067
0.165
1.15
0.135
1.4
0.385
1
0.445
1.37
0.765
0.4
0.924397
0.213905
0.755
0.17
0.857847
-0.120188
-0.205
-0.67
-0.495
-1.32
-0.485
-1.7
-0.345631
-1.94082
-0.603386
0.628916
-0.53232
0.904984
0.0140085
1.16909
0.116508
0.995527
0.167758
0.908744
0.270258
0.735174
0.424008
0.474825
0.52651
0.30126
0.57776
0.214476
0.680262
0.0409095
0.185185
-0.309986
0.0471517
-0.274453
-0.0908829
-0.238919
-0.405
-1.86
0.393954
2
-0.375
-1.16
0.455412
1.5
-0.125
-0.44
0.460435
1.2
0
0.4
0.7
1
0.321969
1.36747
0.419952
0.5
0.795
0.16
0.454863
0.5
0
-0.339769
-0.356132
0
0.4
-0.810592
1.13189
0.1775
1.15
0.16
1.3875
0.395
0.9675
0.455
1.3125
0.765
0.3625
0.949548
0.135429
0.76
0.1075
0.849635
-0.195141
-0.2675
-0.69
-0.505
-1.46
-0.3675
-1.785
-0.189501
-1.98073
-0.598617
0.637748
-0.52344
0.912153
0.0258373
1.1673
0.12545
0.992507
0.175257
0.905113
0.27487
0.730319
0.424291
0.468134
0.523906
0.293345
0.573712
0.205949
0.673327
0.0311593
0.173858
-0.311382
0.0366564
-0.273794
-0.100547
-0.236205
-0.325
-1.89
0.393954
2
-0.335
-1.21
0.455412
1.5
-0.148802
-0.612435
0.460435
1.2
0
0.4
0.7
1
0.285
1.18
0.419952
0.5
0.765
0.09
0.454863
0.5
0
-0.494538
-0.302264
0
0.4
-0.79779
1.1431
0.19
1.15
0.185
1.375
0.405
0.935
0.465
1.255
0.765
0.325
0.974699
0.0569526
0.765
0.045
0.841424
-0.270094
-0.33
-0.71
-0.515
-1.6
-0.25
-1.87
-0.0333701
-2.02063
-0.593847
0.646581
-0.514561
0.919323
0.0376662
1.1655
0.134393
0.989487
0.182756
0.901481
0.279483
0.725464
0.424573
0.461443
0.521301
0.28543
0.569665
0.197423
0.666393
0.0214092
0.162531
-0.312778
0.0261611
-0.273134
-0.11021
-0.233491
-0.195
-1.94
0.393954
2
-0.355
-1.21
0.455412
1.5
-0.164201
-0.60829
0.460435
1.2
0
0.4
0.7
1
0.315
1.15
0.419952
0.5
0.745
0.07
0.454863
0.5
0
