54
10
15
13
6
-0.804075
-0.194528
0
0.4
-0.772185
1.16553
0.215
1.15
0.235
1.35
0.425
0.87
0.485
1.14
0.765
0.25
1.055
-0.07
0.775
-0.08
0.825
-0.42
-0.455
-0.75
-0.535
-1.88
-0.015
-2.04
0.278891
-2.10044
-0.584309
0.664246
-0.496801
0.933662
0.0613238
1.16191
0.152277
0.983447
0.197754
0.894218
0.288708
0.715754
0.425139
0.448062
0.516093
0.269601
0.56157
0.18037
0.652524
0.00190893
0.139878
-0.315569
0.00517054
-0.271815
-0.129538
-0.228062
0.115
-2.06
0.393954
2
-0.395
-1.42
0.455412
1.5
-0.195
-0.6
0.460435
1.2
0
0.4
0.7
1
0.378989
1.33967
0.419952
0.5
0.725
-0.12
0.454863
0.5
0
-0.637038
-0.302264
0.0525
0.395
-0.816467
1.03001
0.15
1.2
0.115
1.51
0.44
1.03
0.434876
1.39475
0.75
0.48
1.12
0.31
0.845
0.195
1.055
-0.035
-0.105067
-0.731945
-0.06
-1.735
0.3
-1.895
0.595349
-1.90339
-0.559684
0.549779
-0.521595
0.826092
-0.0202116
1.14413
0.0989002
0.986929
0.158456
0.908329
0.277569
0.751125
0.456237
0.515324
0.575349
0.358123
0.634905
0.279522
0.754017
0.122321
0.312192
-0.274316
0.174036
-0.255272
0.0358785
-0.236228
0.475
-1.91
0.393954
2
0.0162835
-1.36548
0.455412
1.5
0.0492655
-0.596411
0.460435
1.2
0.0525
0.395
0.7
1
0.256859
1.37153
0.419952
0.5
0.845649
0.159388
0.454863
0.5
0
-0.47
-0.41
0.105
0.39
-0.860748
0.894494
0.085
1.25
-0.005
1.67
0.455
1.19
0.384752
1.6495
0.735
0.71
1.185
0.69
0.915
0.47
1.285
0.35
0.244866
-0.713889
0.415
-1.59
0.615
-1.75
0.911808
-1.70635
-0.535059
0.435311
-0.546389
0.718523
-0.101747
1.12636
0.0455235
0.990411
0.119158
0.922441
0.266429
0.786497
0.487335
0.582585
0.634605
0.446645
0.708241
0.378674
0.855511
0.242733
0.484506
-0.233064
0.342901
-0.238729
0.201295
-0.244394
0.835
-1.76
0.378021
2
0.427567
-1.31096
0.380789
1.5
0.293531
-0.592822
0.400714
1.2
0.105
0.39
0.7
1
0.134729
1.40338
0.419952
0.5
0.966297
0.438776
0.403113
0.5
0
-0.310067
-0.43988
0.185
0.415
-0.826155
0.800972
0.08
1.25
-0.005
1.665
0.445
1.2
0.384876
1.64975
0.75
0.82
1.165
0.82
0.96
0.605
1.325
0.525
0.419933
-0.681944
0.63
-1.46
0.875
-1.56
1.15493
-1.46605
-0.451707
0.385641
-0.495655
0.663738
-0.104176
1.11754
0.0568479
1.00047
0.137359
0.941929
0.298382
0.824851
0.539916
0.64924
0.700939
0.532166
0.781451
0.473628
0.942473
0.356554
0.631505
-0.155784
0.492457
-0.177758
0.353408
-0.199732
1.065
-1.5
0.378021
2
0.700055
-1.22579
0.380789
1.5
0.484722
-0.532809
0.400714
1.2
0.185
0.415
0.7
1
0.275
1.41
0.419952
0.5
1.02909
0.562783
0.403113
0.5
0
-0.150134
-0.469761
0.265
0.44
-0.791562
0.707449
0.075
1.25
-0.005
1.66
0.435
1.21
0.385
1.65
0.765
0.93
1.145
0.95
1.005
0.74
1.365
0.7
0.595
-0.65
0.845
-1.33
1.135
-1.37
1.39804
-1.22575
-0.368354
0.33597
-0.444921
0.608953
-0.106604
1.10873
0.0681724
1.01052
0.155559
0.961417
0.330335
0.863206
0.592497
0.715894
0.767272
0.617686
0.85466
0.568582
1.02943
0.470374
0.778504
-0.0785035
0.642013
-0.116786
0.505522
-0.15507
1.285
-1.3
0.378021
2
0.755
-1.03
0.380789
1.5
0.675914
-0.472795
0.400714
1.2
0.265
0.44
0.7
1
0.265
1.4
0.419952
0.5
1.065
0.78
0.403113
0.5
0
-0.102567
-0.41988
0.29
0.495
-0.772273
0.737478
0.095
1.28
-0.005
1.67
0.43
1.235
0.395
1.655
0.75
1.04
1.115
1.05
0.98
0.83
1.365
0.79
0.645432
-0.586655
0.81
-1.16
1.18
-1.19
1.41266
-1.0071
-0.340566
0.376145
-0.423506
0.647181
-0.0971153
1.15464
0.0798737
1.06059
0.168367
1.01356
0.345356
0.919512
0.610837
0.778439
0.787825
0.684392
0.876319
0.637367
1.05331
0.543319
0.815409
-0.0111566
0.679891
-0.0526259
0.544373
-0.0940961
1.325
-1.14
0.378021
2
0.805
-0.83
0.380789
1.5
0.665
-0.28
0.400714
1.2
0.29
0.495
0.7
1
0.215
1.39
0.419952
0.5
1.055
0.86
0.403113
0.5
0
-0.055
-0.37
0.315
0.55
-0.752984
0.767507
0.115
1.31
-0.005
1.68
0.425
1.26
0.405
1.66
0.735
1.15
1.085
1.15
0.955
0.92
1.365
0.88
0.695865
-0.52331
0.775
-0.99
1.225
-1.01
1.42728
-0.788454
-0.312778
0.41632
-0.402091
0.685409
-0.0876268
1.20054
0.0915751
1.11065
0.181174
1.06571
0.360377
0.975817
0.629176
0.840985
0.808377
0.751097
0.897978
0.706152
1.07718
0.616264
0.852314
0.0561903
0.717769
0.0115346
0.583225
-0.0331219
1.355
-0.89
0.378021
2
0.845
-0.82
0.380789
1.5
0.585
-0.23
0.400714
1.2
0.315
0.55
0.7
1
0.225
1.44
0.419952
0.5
1.055
0.99
0.403113
0.5
0
-0.065
-0.305
0.305
0.615
-0.762984
0.832507
0.08
1.37
-0.005
1.69
0.425
1.305
0.405
1.665
0.705
1.24
1.06
1.215
0.93
1.015
1.33
0.945
0.630432
-0.481655
0.77
-0.915
1.19
-0.815
1.35114
-0.604227
-0.322778
0.48132
-0.412091
0.750409
-0.0976268
1.26554
0.0815751
1.17565
0.171174
1.13071
0.350376
1.04082
0.619177
0.905985
0.798377
0.816097
0.887978
0.771152
1.06718
0.681264
0.842314
0.12119
0.707769
0.0765346
0.573225
0.0318781
1.295
-0.74
0.378021
2
0.785
-0.69
0.380789
1.5
0.595
-0.14
0.400714
1.2
0.305
0.615
0.7
1
0.225
1.5
0.419952
0.5
0.995
1.03
0.403113
0.5
0
-0.075
-0.24
0.295
0.68
-0.772984
0.897507
0.045
1.43
-0.005
1.7
0.425
1.35
0.405
1.67
0.675
1.33
1.035
1.28
0.905
1.11
1.295
1.01
0.565
-0.44
0.765
-0.84
1.155
-0.62
1.275
-0.42
-0.332778
0.54632
-0.422091
0.815409
-0.107627
1.33054
0.0715751
1.24065
0.161174
1.19571
0.340376
1.10582
0.609177
0.970985
0.788377
0.881097
0.877978
0.836152
1.05718
0.746264
0.832314
0.18619
0.697769
0.141535
0.563225
0.0968781
1.215
-0.53
0.378021
2
0.625
-0.55
0.380789
1.5
0.525
0.01
0.400714
1.2
0.295
0.68
0.7
1
0.215
1.54
0.419952
0.5
0.945
1.14
0.403113
0.5
0
-0.065
-0.13
0.305
0.79
-0.762984
1.00751
0.095
1.48
-0.005
1.7
0.415
1.39
0.405
1.68
0.615
1.4
1.025
1.42
0.845
1.23
1.255
1.15
0.555
-0.29
0.875
-0.6
1.165
-0.19
1.215
0.04
-0.322778
0.65632
-0.412091
0.925409
-0.0976268
1.44054
0.0815751
1.35065
0.171174
1.30571
0.350377
1.21582
0.619177
1.08098
0.798377
0.991097
0.887978
0.946153
1.06718
0.856264
0.842314
0.29619
0.707769
0.251535
0.573225
0.206878
1.155
-0.12
0.378021
2
0.805
-0.33
0.380789
1.5
0.535
0.21
0.400714
1.2
0.305
0.79
0.7
1
0.195
1.52
0.419952
0.5
0.895
1.22
0.403113
0.5
0
-0.13375
-0.08
0.27375
0.79
-0.77415
1.08385
0.08875
1.48625
0.0075
1.7
0.40875
1.39
0.416059
1.68481
0.6525
1.3625
1.05742
1.33791
0.8575
1.18625
1.25828
1.08908
0.47375
-0.265
0.78125
-0.44375
1.0775
-0.07125
1.14393
0.154197
-0.361135
0.702261
-0.430625
0.976712
-0.0801919
1.46701
0.091779
1.36452
0.177763
1.31328
0.349734
1.2108
0.607687
1.05708
0.779657
0.954599
0.865642
0.903359
1.03761
0.800878
0.773163
0.259349
0.635939
0.224605
0.498714
0.18986
1.115
-0.01
0.378021
2
0.705
-0.25
0.380789
1.5
0.565
0.29
0.400714
1.2
0.27375
0.79
0.7
1
0.195
1.51
0.419952
0.5
0.925
1.23
0.403113
0.5
0
-0.175
-0.05
0.255
0.79
-0.78085
1.12966
0.085
1.49
0.015
1.7
0.405
1.39
0.422695
1.6877
0.675
1.34
1.07687
1.28866
0.865
1.16
1.255
1.05
0.425
-0.25
0.725
-0.35
1.025
0
1.10128
0.222715
-0.384149
0.729827
-0.441745
1.00749
-0.0697309
1.48288
0.0979013
1.37285
0.181716
1.31783
0.349348
1.20779
0.600794
1.04274
0.768425
0.9327
0.852241
0.877682
1.01987
0.767647
0.731673
0.237244
0.59284
0.208447
0.454007
0.179649
1.025
0.1
0.378021
2
0.705
-0.2
0.380789
1.5
0.445
0.3
0.400714
1.2
0.225
0.78
0.7
1
0.235
1.46
0.419952
0.5
1.015
1.16
0.403113
0.5
0
-0.135
-0.105
0.27
0.735
-0.77348
1.04935
0.075
1.485
0.015
1.715
0.415
1.375
0.413847
1.67885
0.66
1.28
1.04094
1.24933
0.94
1.085
1.35
0.91
0.525
-0.275
0.775
-0.355
1.105
-0.065
1.21814
0.156357
-0.367318
0.659368
-0.431611
0.935477
-0.0713378
1.41961
0.0988641
1.3137
0.183964
1.26074
0.354166
1.15483
0.609466
0.995971
0.779667
0.890063
0.864768
0.837109
1.03497
0.731201
0.759795
0.194121
0.621741
0.161975
0.483687
0.129829
1.205
0.04
0.378021
2
0.725
-0.12
0.380789
1.5
0.655
0.28
0.400714
1.2
0.27
0.735
0.7
1
0.215
1.54
0.419952
0.5
1.025
1.14
0.403113
0.5
0
-0.145
-0.27
0.285
0.58
-0.750781
0.920146
0.095
1.41
0.025
1.72
0.455
1.29
0.405
1.65
0.615
1.06
0.885
0.97
1.125
0.85
1.575
0.57
0.695
-0.34
0.925
-0.52
1.245
-0.44
1.465
-0.29
-0.354228
0.520108
-0.411703
0.797823
-0.039447
1.27309
0.128149
1.16296
0.211946
1.1079
0.379543
0.99778
0.630935
0.832601
0.79853
0.722482
0.882329
0.667422
1.04992
0.557303
0.761464
0.0269867
0.622607
-0.00175089
0.48375
-0.0304893
1.365
-0.32
0.378021
2
0.895
-0.31
0.380789
1.5
0.605
0.12
0.400714
1.2
0.285
0.58
0.7
1
0.265
1.48
0.419952
0.5
1.285
0.76
0.440454
0.5
0
-0.165
-0.29
0.265
0.5
-0.756492
0.881162
0.115
1.39
0.025
1.7
0.465
1.26
0.415
1.63
0.565
0.96
0.845
0.84
1.195
0.7
1.595
0.26
0.685
-0.39
0.935
-0.65
1.205
-0.73
1.495
-0.73
-0.376157
0.465613
-0.42253
0.74542
-0.0316072
1.20551
0.131483
1.08879
0.213027
1.03044
0.376117
0.913716
0.62075
0.738641
0.78384
0.621925
0.865385
0.563566
1.02847
0.446849
0.719096
-0.0715982
0.579193
-0.094784
0.43929
-0.117971
1.415
-0.72
0.378021
2
0.945
-0.59
0.380789
1.5
0.545
-0.14
0.400714
1.2
0.265
0.5
0.7
1
0.225
1.48
0.419952
0.5
1.305
0.52
0.41
0.5
0
-0.295
-0.33
0.215
0.4
-0.749248
0.909205
0.125
1.35
0.055
1.7
0.505
1.03
0.435
1.41
0.555
0.82
0.825
0.64
1.195
0.41
1.475
-0.14
0.615
-0.51
0.795
-0.82
0.995
-1.13
1.1835
-1.36338
-0.425357
0.448207
-0.43543
0.731691
0.011382
1.13786
0.158161
1.00115
0.231549
0.932793
0.378328
0.796085
0.598494
0.591027
0.745273
0.454322
0.818662
0.385969
0.96544
0.249264
0.592018
-0.225247
0.450276
-0.230283
0.308535
-0.23532
1.155
-1.29
0.378021
2
0.855
-0.9
0.380789
1.5
0.465
-0.37
0.400714
1.2
0.215
0.4
0.7
1
0.249281
1.41404
0.419952
0.5
1.245
0.15
0.403113
0.5
4
1.195
-1.44
0.317648
0
-1
1.4
0.3
1.05
0
0.885
-0.96
0.353553
-0.0995037
-0.995037
0.8
0.2
1
0
1.455
-0.11
0.158114
0
-1
2
0.8
1.25
0
0.575
-0.48
0.345398
0.0995037
-0.995037
0.6
0.1
1
0
-0.425
-0.43
0.175
0.22
-0.701733
0.868718
0.185
1.22
0.065
1.68
0.475
0.79
0.375
1.14
0.635
0.58
0.865
0.29
1.085
-0.05
1.145
-0.69
0.375
-0.82
0.455
-1.3
0.495
-1.65
0.495
-1.95
-0.450908
0.364112
-0.418172
0.645931
0.0847981
0.980241
0.209339
0.822961
0.271608
0.744321
0.39615
0.58704
0.58296
0.351124
0.707501
0.193847
0.769772
0.115207
0.894313
-0.0420699
0.453616
-0.455013
0.312707
-0.438644
0.171798
-0.422276
0.495
-1.83
0.378021
2
0.475
-1.37
0.380789
1.5
0.335
-0.68
0.400714
1.2
0.175
0.22
0.7
1
0.275
1.36
0.450999
0.5
1.065
-0.36
0.404475
0.5
3
0.505
-2.04
0.317648
0
-1
1.4
0.3
1.05
0
0.485
-1.46
0.353553
-0.0995037
-0.995037
0.8
0.2
1
0
0.415
-0.8
0.345398
0.0995037
-0.995037
0.6
0.1
1
0
-0.545
-0.8
0.115
-0.23
-0.669679
0.527808
0.185
0.81
0.155
1.34
0.505
0.21
0.425
0.58
0.605
0.0200001
0.835
-0.31
0.915
-0.68
0.925
-1.31
0.177495
-1.28743
0.194134
-1.77387
0.205
-2.25
0.187885
-2.54951
-0.486857
-0.00534202
-0.417585
0.269847
0.124847
0.535671
0.227805
0.363438
0.279283
0.277322
0.382241
0.105089
0.536678
-0.153255
0.639637
-0.325485
0.691117
-0.411601
0.794075
-0.58383
0.303125
-0.935764
0.165531
-0.901127
0.0279368
-0.866492
0.195
-2.41
0.378021
2
0.205
-1.8
0.380789
1.5
0.185
-1.15
0.400714
1.2
0.115
-0.23
0.7
1
0.225
0.88
0.51
0.5
0.905
-0.97
0.458912
0.5
3
0.147064
-2.51422
0.317648
0
-1
1.4
0.3
1.05
0
0.202985
-1.93645
0.353553
-0.0995037
-0.995037
0.8
0.2
1
0
0.219773
-1.27282
0.345398
0.0995037
-0.995037
0.6
0.1
1
0
-0.575
-1.27
0.105
-0.73
-0.646961
0.060496
0.215
0.15
0.155
0.64
0.513356
-0.306865
0.4491
0.066245
0.605225
-0.50096
0.821062
-0.840459
0.885
-1.27
0.835
-1.89
0.122624
-1.78928
0.11863
-2.27606
0.075
-2.77
0.045202
-3.06856
-0.486877
-0.48
-0.405993
-0.207956
0.147296
0.034673
0.242875
-0.141794
0.290663
-0.230026
0.386243
-0.406493
0.529611
-0.671188
0.625191
-0.847651
0.672981
-0.935884
0.768561
-1.11235
0.263066
-1.4432
0.127044
-1.40276
-0.0089775
-1.36232
0.075
-2.99
0.378021
2
0.065
-2.36
0.380789
1.5
0.085
-1.73
0.400714
1.2
0.105
-0.73
0.7
1
0.285
0.29
0.480937
0.5
0.775
-1.43
0.470106
0.5
3
0.0402136
-3.01385
0.317648
0
-1
1.4
0.3
1.05
0
0.120583
-2.43889
0.353553
-0.0995037
-0.995037
0.8
0.2
1
0
0.165489
-1.77648
0.345398
0.0995037
-0.995037
0.6
0.1
1
0
-0.575
-1.46
0.105
-0.92
-0.646961
-0.129504
0.215
-0.04
0.155
0.44
0.513356
-0.496866
0.4491
-0.123755
0.605225
-0.69096
0.805
-1.06
0.885
-1.46
0.835
-2.08
0.122624
-1.97928
0.11863
-2.46606
0.075
-2.96
0.045202
-3.25856
-0.486877
-0.67
-0.405993
-0.397956
0.147296
-0.155327
0.242875
-0.331794
0.290663
-0.420026
0.386243
-0.596493
0.529611
-0.861188
0.625191
-1.03765
0.672981
-1.12588
0.768561
-1.30235
0.263066
-1.6332
0.127044
-1.59276
-0.00897751
-1.55232
0.055
-3.19
0.378021
2
0.075
-2.53
0.380789
1.5
0.115
-1.89
0.400714
1.2
0.105
-0.92
0.7
1
0.275
0.0700001
0.450444
0.5
0.795
-1.77
0.4005
0.5
0
-0.575
-1.58
0.105
-1.04
-0.646961
-0.249504
0.215
-0.16
0.155
0.32
0.513356
-0.616865
0.4491
-0.243755
0.605225
-0.81096
0.821062
-1.15046
0.885
-1.58
0.835
-2.2
0.122624
-2.09928
0.11863
-2.58606
0.075
-3.08
0.045202
-3.37856
-0.486877
-0.79
-0.405993
-0.517956
0.147296
-0.275327
0.242875
-0.451793
0.290663
-0.540026
0.386243
-0.716493
0.529611
-0.981188
0.625191
-1.15765
0.672981
-1.24588
0.768561
-1.42235
0.263066
-1.7532
0.127044
-1.71276
-0.0089775
-1.67232
0.055
-3.31
0.378021
2
0.075
-2.65
0.380789
1.5
0.115
-2.01
0.400714
1.2
0.105
-1.04
0.7
1
0.275
-0.05
0.450444
0.5
0.795
-1.89
0.4005
0.5
0
-0.575
-1.58
0.105
-1.04
-0.646961
-0.249504
0.215
-0.16
0.155
0.32
0.513356
-0.616865
0.4491
-0.243755
0.605225
-0.81096
0.821062
-1.15046
0.885
-1.58
0.835
-2.2
0.122624
-2.09928
0.11863
-2.58606
0.075
-3.08
0.045202
-3.37856
-0.486877
-0.79
-0.405993
-0.517956
0.147296
-0.275327
0.242875
-0.451793
0.290663
-0.540026
0.386243
-0.716493
0.529611
-0.981188
0.625191
-1.15765
0.672981
-1.24588
0.768561
-1.42235
0.263066
-1.7532
0.127044
-1.71276
-0.0089775
-1.67232
0.055
-3.31
0.378021
2
0.075
-2.65
0.380789
1.5
0.115
-2.01
0.400714
1.2
0.105
-1.04
0.7
1
0.275
-0.05
0.450444
0.5
0.795
-1.89
0.4005
0.5
0
-0.575
-1.58
0.105
-1.04
-0.646961
-0.249504
0.215
-0.16
0.155
0.32
0.513356
-0.616865
0.4491
-0.243755
0.605225
-0.81096
0.821062
-1.15046
0.885
-1.58
0.835
-2.2
0.122624
-2.09928
0.11863
-2.58606
0.075
-3.08
0.045202
-3.37856
-0.486877
-0.79
-0.405993
-0.517956
0.147296
-0.275327
0.242875
-0.451793
0.290663
-0.540026
0.386243
-0.716493
0.529611
-0.981188
0.625191
-1.15765
0.672981
-1.24588
0.768561
-1.42235
0.263066
-1.7532
0.127044
-1.71276
-0.0089775
-1.67232
0.055
-3.31
0.378021
2
0.075
-2.65
0.380789
1.5
0.115
-2.01
0.400714
1.2
0.105
-1.04
0.7
1
0.275
-0.05
0.450444
0.5
0.795
-1.89
0.4005
0.5
0
-0.575
-1.58
0.105
-1.04
-0.646961
-0.249504
0.215
-0.16
0.155
0.32
0.513356
-0.616865
0.4491
-0.243755
0.605225
-0.81096
0.821062
-1.15046
0.885
-1.58
0.835
-2.2
0.122624
-2.09928
0.11863
-2.58606
0.075
-3.08
0.045202
-3.37856
-0.486877
-0.79
-0.405993
-0.517956
0.147296
-0.275327
0.242875
-0.451793
0.290663
-0.540026
0.386243
-0.716493
0.529611
-0.981188
0.625191
-1.15765
0.672981
-1.24588
0.768561
-1.42235
0.263066
-1.7532
0.127044
-1.71276
-0.0089775
-1.67232
0.055
-3.31
0.378021
2
0.075
-2.65
0.380789
1.5
0.115
-2.01
0.400714
1.2
0.105
-1.04
0.7
1
0.275
-0.05
0.450444
0.5
0.795
-1.89
0.4005
0.5
0
-0.575
-1.58
0.105
-1.04
-0.646961
-0.249504
0.215
-0.16
0.155
0.32
0.513356
-0.616865
0.4491
-0.243755
0.605225
-0.81096
0.821062
-1.15046
0.885
-1.58
0.835
-2.2
0.122624
-2.09928
0.11863
-2.58606
0.075
-3.08
0.045202
-3.37856
-0.486877
-0.79
-0.405993
-0.517956
0.147296
-0.275327
0.242875
-0.451793
0.290663
-0.540026
0.386243
-0.716493
0.529611
-0.981188
0.625191
-1.15765
0.672981
-1.24588
0.768561
-1.42235
0.263066
-1.7532
0.127044
-1.71276
-0.0089775
-1.67232
0.055
-3.31
0.378021
2
0.075
-2.65
0.380789
1.5
0.115
-2.01
0.400714
1.2
0.105
-1.04
0.7
1
0.275
-0.05
0.450444
0.5
0.795
-1.89
0.4005
0.5
0
-0.575
-1.58
0.105
-1.04
-0.646961
-0.249504
0.215
-0.16
0.155
0.32
0.513356
-0.616865
0.4491
-0.243755
0.605225
-0.81096
0.821062
-1.15046
0.885
-1.58
0.835
-2.2
0.122624
-2.09928
0.11863
-2.58606
0.075
-3.08
0.045202
-3.37856
-0.486877
-0.79
-0.405993
-0.517956
0.147296
-0.275327
0.242875
-0.451793
0.290663
-0.540026
0.386243
-0.716493
0.529611
-0.981188
0.625191
-1.15765
0.672981
-1.24588
0.768561
-1.42235
0.263066
-1.7532
0.127044
-1.71276
-0.0089775
-1.67232
0.055
-3.31
0.378021
2
0.075
-2.65
0.380789
1.5
0.115
-2.01
0.400714
1.2
0.105
-1.04
0.7
1
0.275
-0.05
0.450444
0.5
0.795
-1.89
0.4005
0.5
0
-0.575
-1.58
0.105
-1.04
-0.646961
-0.249504
0.215
-0.16
0.155
0.32
0.513356
-0.616865
0.4491
-0.243755
0.605225
-0.81096
0.821062
-1.15046
0.885
-1.58
0.835
-2.2
0.122624
-2.09928
0.11863
-2.58606
0.075
-3.08
0.045202
-3.37856
-0.486877
-0.79
-0.405993
-0.517956
0.147296
-0.275327
0.242875
-0.451793
0.290663
-0.540026
0.386243
-0.716493
0.529611
-0.981188
0.625191
-1.15765
0.672981
-1.24588
0.768561
-1.42235
0.263066
-1.7532
0.127044
-1.71276
-0.0089775
-1.67232
0.055
-3.31
0.378021
2
0.075
-2.65
0.380789
1.5
0.115
-2.01
0.400714
1.2
0.105
-1.04
0.7
1
0.275
-0.05
0.450444
0.5
0.795
-1.89
0.4005
0.5
0
-0.575
-1.58
0.105
-1.04
-0.646961
-0.249504
0.215
-0.16
0.155
0.32
0.513356
-0.616865
0.4491
-0.243755
0.605225
-0.81096
0.821062
-1.15046
0.885
-1.58
0.835
-2.2
0.122624
-2.09928
0.11863
-2.58606
0.075
-3.08
0.045202
-3.37856
-0.486877
-0.79
-0.405993
-0.517956
0.147296
-0.275327
0.242875
-0.451793
0.290663
-0.540026
0.386243
-0.716493
0.529611
-0.981188
0.625191
-1.15765
0.672981
-1.24588
0.768561
-1.42235
0.263066
-1.7532
0.127044
-1.71276
-0.0089775
-1.67232
0.055
-3.31
0.378021
2
0.075
-2.65
0.380789
1.5
0.115
-2.01
0.400714
1.2
0.105
-1.04
0.7
1
0.275
-0.05
0.450444
0.5
0.795
-1.89
0.4005
0.5
0
-0.575
-1.58
0.105
-1.04
-0.646961
-0.249504
0.215
-0.16
0.155
0.32
0.513356
-0.616865
0.4491
-0.243755
0.605225
-0.81096
0.821062
-1.15046
0.885
-1.58
0.835
-2.2
0.122624
-2.09928
0.11863
-2.58606
0.075
-3.08
0.045202
-3.37856
-0.486877
-0.79
-0.405993
-0.517956
0.147296
-0.275327
0.242875
-0.451793
0.290663
-0.540026
0.386243
-0.716493
0.529611
-0.981188
0.625191
-1.15765
0.672981
-1.24588
0.768561
-1.42235
0.263066
-1.7532
0.127044
-1.71276
-0.0089775
-1.67232
0.055
-3.31
0.378021
2
0.075
-2.65
0.380789
1.5
0.115
-2.01
0.400714
1.2
0.105
-1.04
0.7
1
0.275
-0.05
0.450444
0.5
0.795
-1.89
0.4005
0.5
0
-0.575
-1.58
0.105
-1.04
-0.646961
-0.249504
0.215
-0.16
0.155
0.32
0.513356
-0.616865
0.4491
-0.243755
0.605225
-0.81096
0.821062
-1.15046
0.885
-1.58
0.835
-2.2
0.122624
-2.09928
0.11863
-2.58606
0.075
-3.08
0.045202
-3.37856
-0.486877
-0.79
-0.405993
-0.517956
0.147296
-0.275327
0.242875
-0.451793
0.290663
-0.540026
0.386243
-0.716493
0.529611
-0.981188
0.625191
-1.15765
0.672981
-1.24588
0.768561
-1.42235
0.263066
-1.7532
0.127044
-1.71276
-0.0089775
-1.67232
0.055
-3.31
0.378021
2
0.075
-2.65
0.380789
1.5
0.115
-2.01
0.400714
1.2
0.105
-1.04
0.7
1
0.275
-0.05
0.450444
0.5
0.795
-1.89
0.4005
0.5
0
-0.575
-1.58
0.105
-1.04
-0.646961
-0.249504
0.215
-0.16
0.155
0.32
0.513356
-0.616865
0.4491
-0.243755
0.605225
-0.81096
0.821062
-1.15046
0.885
-1.58
0.835
-2.2
0.122624
-2.09928
0.11863
-2.58606
0.075
-3.08
0.045202
-3.37856
-0.486877
-0.79
-0.405993
-0.517956
0.147296
-0.275327
0.242875
-0.451793
0.290663
-0.540026
0.386243
-0.716493
0.529611
-0.981188
0.625191
-1.15765
0.672981
-1.24588
0.768561
-1.42235
0.263066
-1.7532
0.127044
-1.71276
-0.0089775
-1.67232
0.055
-3.31
0.378021
2
0.075
-2.65
0.380789
1.5
0.115
-2.01
0.400714
1.2
0.105
-1.04
0.7
1
0.275
-0.05
0.450444
0.5
0.795
-1.89
0.4005
0.5
0
-0.575
-1.49
0.105
-0.95
-0.646961
-0.159504
0.215
-0.07
0.155
0.41
0.513356
-0.526865
0.4491
-0.153755
0.605225
-0.72096
0.821062
-1.06046
0.885
-1.49
0.835
-2.11
0.122624
-2.00928
0.11863
-2.49605
0.075
-2.99
0.045202
-3.28856
-0.486877
-0.7
-0.405993
-0.427956
0.147296
-0.185327
0.242875
-0.361794
0.290663
-0.450026
0.386243
-0.626493
0.529611
-0.891188
0.625191
-1.06765
0.672981
-1.15588
0.768561
-1.33235
0.263066
-1.6632
0.127044
-1.62276
-0.0089775
-1.58232
0.055
-3.22
0.378021
2
0.075
-2.56
0.380789
1.5
0.115
-1.92
0.400714
1.2
0.105
-0.95
0.7
1
0.275
0.04
0.450444
0.5
0.795
-1.8
0.4005
0.5
0
-0.580625
-1.38312
0.099375
-0.843125
-0.652586
-0.052629
0.209375
0.036875
0.149375
0.516875
0.508459
-0.415186
0.444469
-0.0422703
0.603336
-0.610275
0.821308
-0.947305
0.880625
-1.37875
0.836875
-1.9975
0.113397
-1.9037
0.110903
-2.39255
0.076875
-2.88
0.0530693
-3.17819
-0.492502
-0.593125
-0.411618
-0.321081
0.141671
-0.078452
0.23725
-0.254919
0.285038
-0.343151
0.380618
-0.519618
0.523986
-0.784313
0.619566
-0.960776
0.667356
-1.04901
0.762936
-1.22547
0.257441
-1.55632
0.121419
-1.51588
-0.0146025
-1.47544
0.049375
-3.11312
0.378021
2
0.069375
-2.45312
0.380789
1.5
0.109375
-1.81312
0.400714
1.2
0.099375
-0.843125
0.7
1
0.269375
0.146875
0.450444
0.5
0.789375
-1.69312
0.4005
0.5
0
-0.58625
-1.27625
0.09375
-0.73625
-0.658211
0.054246
0.20375
0.14375
0.14375
0.62375
0.503561
-0.303507
0.439838
0.0692145
0.601447
-0.49959
0.821554
-0.834151
0.87625
-1.2675
0.83875
-1.885
0.104171
-1.79812
0.103176
-2.28904
0.07875
-2.77
0.0609365
-3.06782
-0.498127
-0.48625
-0.417243
-0.214206
0.136046
0.028423
0.231625
-0.148044
0.279413
-0.236276
0.374993
-0.412743
0.518361
-0.677438
0.613941
-0.853901
0.661731
-0.942134
0.757311
-1.1186
0.251816
-1.44945
0.115794
-1.40901
-0.0202275
-1.36857
0.04375
-3.00625
0.378021
2
0.06375
-2.34625
0.380789
1.5
0.10375
-1.70625
0.400714
1.2
0.09375
-0.73625
0.7
1
0.26375
0.25375
0.450444
0.5
0.78375
-1.58625
0.4005
0.5
0
-0.591875
-1.16937
0.088125
-0.629375
-0.663836
0.161121
0.198125
0.250625
0.138125
0.730625
0.498664
-0.191828
0.435206
0.180699
0.599558
-0.388905
0.821801
-0.720998
0.871875
-1.15625
0.840625
-1.7725
0.0949443
-1.69254
0.0954495
-2.18554
0.080625
-2.66
0.0688038
-2.95745
-0.503752
-0.379375
-0.422868
-0.107331
0.130421
0.135298
0.226
-0.0411685
0.273788
-0.129401
0.369368
-0.305868
0.512736
-0.570563
0.608316
-0.747026
0.656106
-0.835259
0.751686
-1.01172
0.246191
-1.34257
0.110169
-1.30213
-0.0258525
-1.26169
0.038125
-2.89937
0.378021
2
0.058125
-2.23937
0.380789
1.5
0.098125
-1.59937
0.400714
1.2
0.088125
-0.629375
0.7
1
0.258125
0.360625
0.450444
0.5
0.778125
-1.47937
0.4005
0.5
0
-0.5975
-1.0625
0.0825
-0.5225
-0.669461
0.267996
0.1925
0.3575
0.1325
0.8375
0.493767
-0.0801491
0.430575
0.292184
0.597669
-0.27822
0.822047
-0.607844
0.8675
-1.045
0.8425
-1.66
0.0857177
-1.58696
0.0877226
-2.08204
0.0825
-2.55
0.0766711
-2.84708
-0.509377
-0.2725
-0.428493
-0.000456214
0.124796
0.242173
0.220375
0.0657065
0.268163
-0.0225262
0.363743
-0.198993
0.507111
-0.463688
0.602691
-0.640151
0.650481
-0.728384
0.746061
-0.904847
0.240566
-1.2357
0.104544
-1.19526
-0.0314775
-1.15482
0.0325
-2.7925
0.378021
2
0.0525
-2.1325
0.380789
1.5
0.0925
-1.4925
0.400714
1.2
0.0825
-0.5225
0.7
1
0.2525
0.4675
0.450444
0.5
0.7725
-1.3725
0.4005
0.5
0
-0.6
-0.995
0.08
-0.455
-0.671961
0.335496
0.19
0.425
0.13
0.905
0.494178
0.00656725
0.43205
0.378123
0.610113
-0.19548
0.843031
-0.51523
0.87
-0.96
0.87
-1.57
0.0688118
-1.52464
0.076815
-2.02803
0.11
-2.47
0.12814
-2.7656
-0.511877
-0.205
-0.430993
0.0670438
0.122296
0.309673
0.217875
0.133206
0.265663
0.0449738
0.361243
-0.131493
0.504611
-0.396188
0.600191
-0.572651
0.647981
-0.660884
0.743561
-0.837347
0.238066
-1.1682
0.102044
-1.12776
-0.0339775
-1.08732
0.03
-2.725
0.378021
2
0.05
-2.065
0.380789
1.5
0.09
-1.425
0.400714
1.2
0.08
-0.455
0.7
1
0.25
0.535
0.450444
0.5
0.77
-1.305
0.4005
0.5
0
-0.6025
-0.9275
0.0775
-0.3875
-0.674461
0.402996
0.1875
0.4925
0.1275
0.9725
0.494589
0.0932836
0.433525
0.464061
0.622556
-0.11274
0.864016
-0.422615
0.8725
-0.875
0.8975
-1.48
0.0519059
-1.46232
0.0659075
-1.97401
0.1375
-2.39
0.179609
-2.68411
-0.514377
-0.1375
-0.433493
0.134544
0.119796
0.377173
0.215375
0.200706
0.263163
0.112474
0.358743
-0.0639932
0.502111
-0.328688
0.597691
-0.505151
0.645481
-0.593384
0.741061
-0.769847
0.235566
-1.1007
0.0995439
-1.06026
-0.0364775
-1.01982
0.0275
-2.6575
0.378021
2
0.0475
-1.9975
0.380789
1.5
0.0875
-1.3575
0.400714
1.2
0.0775
-0.3875
0.7
1
0.2475
0.6025
0.450444
0.5
0.865
-1.15
0.4005
0.5
0
-0.605
-0.86
0.075
-0.32
-0.676961
0.470496
0.185
0.56
0.125
1.04
0.495
0.18
0.435
0.55
0.635
-0.03
0.885
-0.33
0.875
-0.79
0.925
-1.39
0.035
-1.4
0.055
-1.92
0.165
-2.31
0.231078
-2.60263
-0.516877
-0.0700003
-0.435993
0.202044
0.117296
0.444673
0.212875
0.268206
0.260663
0.179974
0.356243
0.00350681
0.499611
-0.261188
0.595191
-0.437651
0.642981
-0.525884
0.738561
-0.702347
0.233066
-1.0332
0.0970438
-0.99276
-0.0389775
-0.952318
0.025
-2.59
0.378021
2
0.045
-1.93
0.380789
1.5
0.085
-1.29
0.400714
1.2
0.075
-0.32
0.7
1
0.245
0.67
0.450444
0.5
0.765
-1.17
0.4005
0.5
0
-0.5975
-0.86
0.0725
-0.305
-0.69632
0.46799
0.162809
0.57659
0.0921848
1.05479
0.485
0.215
0.43
0.5825
0.63
0.0075
0.9
-0.285
0.8725
-0.73
0.955
-1.3125
0.0565741
-1.38484
0.1
-1.91
0.2125
-2.28
0.309559
-2.55447
-0.524364
-0.0684161
-0.449613
0.205163
0.0977367
0.459869
0.19715
0.285701
0.246856
0.198618
0.346269
0.0244504
0.495389
-0.236796
0.594802
-0.41096
0.644509
-0.498043
0.743923
-0.672207
0.246284
-1.01399
0.109494
-0.976613
-0.0272943
-0.939239
0.0730669
-2.5739
0.378021
2
0.0783594
-1.9141
0.380789
1.5
0.104077
-1.27383
0.400714
1.2
0.0725
-0.305
0.7
1
0.220302
0.687818
0.450444
0.5
0.780744
-1.13882
0.4005
0.5
0
-0.59
-0.86
0.07
-0.29
-0.71568
0.465485
0.140617
0.59318
0.0593697
1.06957
0.475
0.25
0.425
0.615
0.625
0.045
0.915
-0.24
0.87
-0.67
0.985
-1.235
0.0781482
-1.36967
0.145
-1.9
0.26
-2.25
0.388039
-2.50632
-0.53185
-0.0668319
-0.463233
0.208282
0.0781779
0.475065
0.181425
0.303196
0.233048
0.217263
0.336295
0.0453939
0.491166
-0.212403
0.594413
-0.384268
0.646037
-0.470202
0.749285
-0.642067
0.259502
-0.994776
0.121945
-0.960467
-0.0156112
-0.926159
0.121134
-2.5578
0.378021
2
0.111719
-1.8982
0.380789
1.5
0.123155
-1.25766
0.400714
1.2
0.07
-0.29
0.7
1
0.195604
0.705636
0.450444
0.5
0.796488
-1.10763
0.4005
0.5
0
-0.575
-0.86
0.065
-0.26
-0.754398
0.460474
0.0962344
0.62636
-0.00626064
1.09915
0.455
0.32
0.415
0.68
0.615
0.12
0.945
-0.15
0.865
-0.55
1.045
-1.08
0.121296
-1.33935
0.235
-1.88
0.355
-2.19
0.545
-2.41
-0.546824
-0.0636635
-0.490472
0.21452
0.0390603
0.505456
0.149976
0.338186
0.205432
0.254552
0.316348
0.0872811
0.48272
-0.163619
0.593636
-0.330886
0.649094
-0.41452
0.760009
-0.581786
0.285938
-0.95635
0.146846
-0.928174
0.00775522
-0.899999
0.475
-2.31
0.378021
2
0.178437
-1.86639
0.380789
1.5
0.161309
-1.22533
0.400714
1.2
0.065
-0.26
0.7
1
0.146208
0.741273
0.450444
0.5
0.827975
-1.04526
0.4005
0.5
0
-0.57
-0.8025
0.06
-0.2025
-0.765913
0.5103
0.0830527
0.684006
-0.0237874
1.15577
0.4475
0.39
0.4
0.7625
0.63
0.175
0.9625
-0.1175
0.8575
-0.4675
1.0525
-0.98
0.126244
-1.28116
0.215
-1.91
0.38
-2.11
0.652946
-2.2345
-0.553537
-0.011839
-0.499761
0.26682
0.0270031
0.562594
0.139444
0.396374
0.195663
0.313265
0.308104
0.147044
0.476764
-0.102281
0.589205
-0.268498
0.645426
-0.351607
0.757866
-0.517823
0.287326
-0.896701
0.147997
-0.869812
0.00866842
-0.842924
0.515
-2.14
0.378021
2
0.188238
-1.80759
0.380789
1.5
0.165199
-1.16678
0.400714
1.2
0.06
-0.2025
0.7
1
0.131959
0.799361
0.450444
0.5
0.915
-0.71
0.4005
0.5
0
-0.565
-0.745
0.055
-0.145
-0.777428
0.560125
0.0698709
0.741652
-0.0413142
1.2124
0.44
0.46
0.385
0.845
0.645
0.23
0.98
-0.085
0.85
-0.385
1.06
-0.88
0.131192
-1.22296
0.185
-1.82
0.405
-2.03
0.688784
-2.1273
-0.56025
0.0399854
-0.509049
0.319119
0.0149458
0.619732
0.128912
0.454562
0.185894
0.371978
0.29986
0.206807
0.470808
-0.0409427
0.584774
-0.20611
0.641757
-0.288694
0.755723
-0.45386
0.288715
-0.837051
0.149148
-0.81145
0.00958162
-0.78585
0.585
-2.04
0.378021
2
0.198039
-1.74878
0.380789
1.5
0.169089
-1.10824
0.400714
1.2
0.055
-0.145
0.7
1
0.117709
0.85745
0.450444
0.5
0.895
-0.63
0.4005
0.5
0
-0.56
-0.6875
0.05
-0.0875
-0.788943
0.609951
0.0566892
0.799299
-0.058841
1.26902
0.4325
0.53
0.37
0.9275
0.66
0.285
0.9975
-0.0525
0.8425
-0.3025
1.0675
-0.78
0.13614
-1.16477
0.215
-1.79
0.43
-1.95
0.729858
-1.95923
-0.566963
0.0918098
-0.518338
0.371419
0.00288861
0.67687
0.11838
0.51275
0.176124
0.430691
0.291616
0.26657
0.464852
0.0203954
0.580343
-0.143722
0.638089
-0.225781
0.753581
-0.389897
0.290103
-0.777401
0.150299
-0.753088
0.0104948
-0.728776
0.595
-1.95
0.378021
2
0.20784
-1.68998
0.380789
1.5
0.172979
-1.0497
0.400714
1.2
0.05
-0.0875
0.7
1
0.103459
0.915539
0.450444
0.5
0.895
-0.54
0.4005
0.5
0
-0.555
-0.63
0.045
-0.03
-0.800458
0.659776
0.0435075
0.856945
-0.0763678
1.32565
0.425
0.6
0.355
1.01
0.675
0.34
1.015
-0.02
0.835
-0.22
1.075
-0.68
0.141089
-1.10658
0.195
-1.67
0.505
-1.81
0.800687
-1.75931
-0.573676
0.143634
-0.527626
0.423719
-0.00916861
0.734008
0.107848
0.570938
0.166355
0.489404
0.283372
0.326333
0.458896
0.0817334
0.575913
-0.0813335
0.634421
-0.162868
0.751438
-0.325934
0.291492
-0.717752
0.15145
-0.694726
0.011408
-0.671701
0.655
-1.8
0.378021
2
0.217641
-1.63118
0.380789
1.5
0.176868
-0.991155
0.400714
1.2
0.045
-0.03
0.7
1
0.0892091
0.973627
0.450444
0.5
0.925
-0.44
0.4005
0.5
0
-0.5525
-0.5525
0.0375
0.045
-0.813763
0.727487
0.0413806
0.930207
-0.0685259
1.38924
0.4075
0.695
0.345
1.095
0.6775
0.4225
1.0175
0.0575
0.825
-0.125
1.0775
-0.5775
0.142772
-1.03065
0.24
-1.575
0.545
-1.69
0.840351
-1.63742
-0.582596
0.213334
-0.538942
0.493784
-0.0231871
0.808469
0.0952102
0.646414
0.154408
0.565387
0.272805
0.403332
0.4504
0.160256
0.568797
-0.0017948
0.627997
-0.0828214
0.746394
-0.244872
0.28984
-0.640577
0.149615
-0.618749
0.00939095
-0.596923
0.71
-1.66
0.378021
2
0.223796
-1.55455
0.380789
1.5
0.177563
-0.914932
0.400714
1.2
0.0375
0.045
0.7
1
0.0731345
1.0489
0.450444
0.5
0.94
-0.3
0.4005
0.5
0
-0.55
-0.475
0.03
0.12
-0.827068
0.795198
0.0392537
1.00347
-0.0606839
1.45282
0.39
0.79
0.335
1.18
0.68
0.505
1.02
0.135
0.815
-0.0300001
1.08
-0.475
0.144455
-0.954722
0.285
-1.48
0.585
-1.57
0.880015
-1.51554
-0.591517
0.283033
-0.550259
0.563848
-0.0372056
0.882929
0.0825724
0.72189
0.14246
0.641371
0.262238
0.480332
0.441904
0.238779
0.561682
0.0777439
0.621572
-0.00277488
0.741349
-0.16381
0.288188
-0.563403
0.14778
-0.542773
0.00737391
-0.522145
0.765
-1.52
0.378021
2
0.229951
-1.47791
0.380789
1.5
0.178257
-0.838709
0.400714
1.2
0.03
0.12
0.7
1
0.05706
1.12418
0.450444
0.5
0.955
-0.16
0.4005
0.5
0
-0.5475
-0.3975
0.0225
0.195
-0.840373
0.862909
0.0371269
1.07674
-0.052842
1.51641
0.3725
0.885
0.325
1.265
0.6825
0.5875
1.0225
0.2125
0.805
0.0649999
1.0825
-0.3725
0.146138
-0.878793
0.26
-1.35
0.62
-1.405
0.903231
-1.3139
-0.600437
0.352733
-0.561576
0.633913
-0.0512241
0.957389
0.0699346
0.797366
0.130513
0.717355
0.251671
0.557332
0.433408
0.317302
0.554567
0.157282
0.615147
0.0772716
0.736305
-0.0827477
0.286536
-0.486229
0.145945
-0.466797
0.00535685
-0.447367
0.805
-1.34
0.378021
2
0.277475
-1.30396
0.380789
1.5
0.178951
-0.762486
0.400714
1.2
0.0225
0.195
0.7
1
0.0409855
1.19946
0.450444
0.5
0.96
-0.085
0.4005
0.5
0
-0.545
-0.32
0.015
0.27
-0.853678
0.93062
0.035
1.15
-0.045
1.58
0.355
0.98
0.315
1.35
0.685
0.67
1.025
0.29
0.795
0.16
1.085
-0.27
0.147822
-0.802864
0.235
-1.22
0.655
-1.24
0.926446
-1.11226
-0.609357
0.422432
-0.572893
0.703977
-0.0652427
1.03185
0.0572968
0.872842
0.118565
0.793339
0.241105
0.634331
0.424913
0.395826
0.547452
0.236821
0.608722
0.157318
0.731261
-0.00168535
0.284883
-0.409055
0.144111
-0.390821
0.0033398
-0.372589
0.845
-1.16
0.378021
2
0.325
-1.13
0.380789
1.5
0.179645
-0.686263
0.400714
1.2
0.015
0.27
0.7
1
0.0249109
1.27473
0.450444
0.5
0.965
-0.01
0.4005
0.5
0
-0.609769
-0.288632
0.01125
0.3025
-0.833305
0.989347
0.08
1.15
0.025
1.5225
0.3725
0.9525
0.3575
1.2975
0.705
0.565
1.0325
0.2
0.79
0.1
1.02
-0.3075
-0.00288351
-0.789648
0.0425
-1.385
0.4875
-1.44
0.764557
-1.3593
-0.603095
0.482886
-0.55387
0.761398
-0.0336011
1.06436
0.0810419
0.900493
0.138362
0.818559
0.253006
0.654687
0.424969
0.408885
0.539612
0.245016
0.596934
0.163081
0.711577
-0.00078678
0.248632
-0.385684
0.109376
-0.36107
-0.0298797
-0.336457
0.6625
-1.385
0.378021
2
0.145
-1.2025
0.380789
1.5
0.0859838
-0.664697
0.400714
1.2
0.01125
0.3025
0.7
1
0.11343
1.29096
0.450444
0.5
0.905
-0.0375
0.4005
0.5
0
-0.674538
-0.257264
0.0075
0.335
-0.812932
1.04807
0.125
1.15
0.095
1.465
0.39
0.925
0.4
1.245
0.725
0.46
1.04
0.11
0.785
0.04
0.955
-0.345
-0.153589
-0.776432
-0.15
-1.55
0.32
-1.64
0.602669
-1.60635
-0.596833
0.543339
-0.534847
0.81882
-0.00195945
1.09688
0.104787
0.928145
0.158159
0.843778
0.264906
0.675043
0.425026
0.421944
0.531772
0.253211
0.585146
0.168844
0.691893
0.00011179
0.21238
-0.362312
0.0746408
-0.331318
-0.0630991
-0.300326
0.48
-1.61
0.378021
2
-0.035
-1.275
0.380789
1.5
-0.0076775
-0.643131
0.400714
1.2
0.0075
0.335
0.7
1
0.20195
1.3072
0.450444
0.5
0.845
-0.065
0.4005
0.5
0
-0.739306
-0.225896
0.00375
0.3675
-0.792558
1.1068
0.17
1.15
0.165
1.4075
0.4075
0.8975
0.4425
1.1925
0.745
0.355
1.0475
0.02
0.78
-0.02
0.89
-0.3825
-0.304295
-0.763216
-0.3425
-1.715
0.1525
-1.84
0.44078
-1.85339
-0.590571
0.603793
-0.515824
0.876241
0.0296822
1.1294
0.128532
0.955796
0.177957
0.868998
0.276807
0.695398
0.425083
0.435003
0.523933
0.261406
0.573358
0.174607
0.672208
0.00101036
0.176129
-0.338941
0.0399057
-0.301567
-0.0963186
-0.264194
0.2975
-1.835
0.378021
2
-0.215
-1.3475
0.380789
1.5
-0.101339
-0.621566
0.400714
1.2
0.00375
0.3675
0.7
1
0.290469
1.32343
0.450444
0.5
0.785
-0.0925
0.4005
0.5
0
-0.804075
-0.194528
0
0.4
-0.772185
1.16553
0.215
1.15
0.235
1.35
0.425
0.87
0.485
1.14
0.765
0.25
1.055
-0.07
0.775
-0.08
0.825
-0.42
-0.455
-0.75
-0.535
-1.88
-0.015
-2.04
0.278891
-2.10044
-0.584309
0.664246
-0.496801
0.933662
0.0613238
1.16191
0.152277
0.983447
0.197754
0.894218
0.288708
0.715754
0.425139
0.448062
0.516093
0.269601
0.56157
0.18037
0.652524
0.00190893
0.139878
-0.315569
0.00517054
-0.271815
-0.129538
-0.228062
0.115
-2.06
0.393954
2
-0.395
-1.42
0.455412
1.5
-0.195
-0.6
0.460435
1.2
0
0.4
0.7
1
0.378989
1.33967
0.419952
0.5
0.725
-0.12
0.454863
0.5
0
