27
10
15
13
6
0.145
-0.27
0.475
0.48
-0.577206
0.761492
0.22244
1.28598
-0.021756
1.6276
0.828644
1.20765
1.105
1.62
1.2982
0.83915
1.975
0.69
1.50487
0.36102
1.965
0.48
0.852258
-0.566406
1.535
-0.86
2.095
-0.28
2.24135
-0.018117
-0.159305
0.384577
-0.23214
0.658398
0.112671
1.15326
0.285999
1.05276
0.372662
1.00252
0.545991
0.902025
0.805981
0.751285
0.979309
0.650793
1.06597
0.600546
1.2393
0.500054
0.981153
-0.0450526
0.844243
-0.0814694
0.707333
-0.117888
2.135
-0.16
0.495782
2
1.515
-0.61
0.380789
1.5
0.905
-0.3
0.400714
1.2
0.475
0.48
0.7
1
0.555
1.31
0.677422
0.5
1.595
0.55
0.505371
0.5
0
0.145
-0.27
0.475
0.48
-0.577206
0.761492
0.22244
1.28598
-0.021756
1.6276
0.828644
1.20765
1.115
1.62
1.2982
0.83915
1.975
0.69
1.50487
0.36102
1.965
0.48
0.852258
-0.566406
1.535
-0.86
2.065
-0.77
2.3376
-0.64475
-0.159305
0.384577
-0.23214
0.658398
0.112671
1.15326
0.285999
1.05276
0.372662
1.00252
0.545991
0.902025
0.805981
0.751285
0.979309
0.650793
1.06597
0.600546
1.2393
0.500054
0.981153
-0.0450526
0.844243
-0.0814694
0.707333
-0.117888
2.175
-0.65
0.495782
2
1.455
-0.69
0.380789
1.5
0.905
-0.3
0.400714
1.2
0.475
0.48
0.7
1
0.555
1.31
0.677422
0.5
1.555
0.62
0.505371
0.5
0
0.145
-0.27
0.475
0.48
-0.577206
0.761492
0.22244
1.28598
-0.021756
1.6276
0.828644
1.20765
1.115
1.62
1.2982
0.83915
1.975
0.69
1.50487
0.36102
1.965
0.48
0.852258
-0.566406
1.285
-1.01
1.805
-1.16
2.10491
-1.16731
-0.159305
0.384577
-0.23214
0.658398
0.112671
1.15326
0.285999
1.05276
0.372662
1.00252
0.545991
0.902025
0.805981
0.751285
0.979309
0.650793
1.06597
0.600546
1.2393
0.500054
0.981153
-0.0450526
0.844243
-0.0814694
0.707333
-0.117888
1.945
-1.18
0.495782
2
1.255
-0.89
0.380789
1.5
0.905
-0.3
0.400714
1.2
0.475
0.48
0.7
1
0.555
1.31
0.677422
0.5
1.595
0.63
0.505371
0.5
0
0.145
-0.27
0.475
0.48
-0.577206
0.761492
0.22244
1.28598
-0.021756
1.6276
0.828644
1.20765
1.115
1.62
1.2982
0.83915
1.975
0.69
1.50487
0.36102
1.965
0.48
0.965
-0.52
1.295
-1.2
1.505
-1.55
1.64723
-1.81414
-0.159305
0.384577
-0.23214
0.658398
0.112671
1.15326
0.285999
1.05276
0.372662
1.00252
0.545991
0.902025
0.805981
0.751285
0.979309
0.650793
1.06597
0.600546
1.2393
0.500054
0.981153
-0.0450526
0.844243
-0.0814694
0.707333
-0.117888
1.575
-1.62
0.495782
2
1.205
-0.9
0.380789
1.5
0.905
-0.3
0.400714
1.2
0.475
0.48
0.7
1
0.555
1.31
0.677422
0.5
1.595
0.55
0.505371
0.5
0
0.145
-0.27
0.475
0.48
-0.577206
0.761492
0.22244
1.28598
-0.021756
1.6276
0.828644
1.20765
1.115
1.62
1.2982
0.83915
1.975
0.69
1.50487
0.36102
1.965
0.48
1.085
-0.51
1.105
-1.22
0.795
-1.67
0.622961
-1.91577
-0.159305
0.384577
-0.23214
0.658398
0.112671
1.15326
0.285999
1.05276
0.372662
1.00252
0.545991
0.902025
0.805981
0.751285
0.979309
0.650793
1.06597
0.600546
1.2393
0.500054
0.981153
-0.0450526
0.844243
-0.0814694
0.707333
-0.117888
0.725
-1.74
0.495782
2
0.985
-0.99
0.380789
1.5
0.905
-0.3
0.400714
1.2
0.475
0.48
0.7
1
0.555
1.31
0.677422
0.5
1.595
0.55
0.505371
0.5
0
0.145
-0.27
0.475
0.48
-0.577206
0.761492
0.22244
1.28598
-0.021756
1.6276
0.828644
1.20765
1.115
1.62
1.2982
0.83915
1.975
0.69
1.50487
0.36102
1.965
0.48
0.995
-0.55
0.825
-1.15
0.155
-1.27
-0.143582
-1.29913
-0.159305
0.384577
-0.23214
0.658398
0.112671
1.15326
0.285999
1.05276
0.372662
1.00252
0.545991
0.902025
0.805981
0.751285
0.979309
0.650793
1.06597
0.600546
1.2393
0.500054
0.981153
-0.0450526
0.844243
-0.0814694
0.707333
-0.117888
0.045
-1.27
0.495782
2
0.745
-0.92
0.380789
1.5
0.905
-0.3
0.400714
1.2
0.475
0.48
0.7
1
0.555
1.31
0.677422
0.5
1.595
0.55
0.505371
0.5
0
0.145
-0.27
0.475
0.48
-0.577206
0.761492
0.22244
1.28598
-0.021756
1.6276
0.828644
1.20765
1.115
1.62
1.2982
0.83915
1.975
0.69
1.50487
0.36102
1.965
0.48
0.935
-0.51
0.565
-1.1
-0.155
-0.72
-0.435586
-0.613832
-0.159305
0.384577
-0.23214
0.658398
0.112671
1.15326
0.285999
1.05276
0.372662
1.00252
0.545991
0.902025
0.805981
0.751285
0.979309
0.650793
1.06597
0.600546
1.2393
0.500054
0.981153
-0.0450526
0.844243
-0.0814694
0.707333
-0.117888
-0.305
-0.72
0.495782
2
0.455
-0.73
0.380789
1.5
0.905
-0.3
0.400714
1.2
0.475
0.48
0.7
1
0.555
1.31
0.677422
0.5
1.595
0.55
0.505371
0.5
0
0.145
-0.27
0.475
0.48
-0.577206
0.761492
0.22244
1.28598
-0.021756
1.6276
0.828644
1.20765
1.115
1.62
1.2982
0.83915
1.975
0.69
1.50487
0.36102
1.965
0.48
0.755
-0.58
-0.015
-1.05
-0.335
-0.04
-0.476177
0.224706
-0.159305
0.384577
-0.23214
0.658398
0.112671
1.15326
0.285999
1.05276
0.372662
1.00252
0.545991
0.902025
0.805981
0.751285
0.979309
0.650793
1.06597
0.600546
1.2393
0.500054
0.981153
-0.0450526
0.844243
-0.0814694
0.707333
-0.117888
-0.405
0.08
0.495782
2
0.075
-0.46
0.380789
1.5
0.665
-0.28
0.400714
1.2
0.475
0.48
0.7
1
0.555
1.31
0.677422
0.5
1.595
0.55
0.505371
0.5
0
0.145
-0.27
0.475
0.48
-0.577206
0.761492
0.22244
1.28598
-0.021756
1.6276
0.828644
1.20765
1.115
1.62
1.2982
0.83915
1.975
0.69
1.50487
0.36102
1.965
0.48
0.755
-0.58
-0.535
-0.45
-0.025
0.78
0.0504902
1.07035
-0.159305
0.384577
-0.23214
0.658398
0.112671
1.15326
0.285999
1.05276
0.372662
1.00252
0.545991
0.902025
0.805981
0.751285
0.979309
0.650793
1.06597
0.600546
1.2393
0.500054
0.981153
-0.0450526
0.844243
-0.0814694
0.707333
-0.117888
-0.025
0.86
0.495782
2
0.605
-0.11
0.380789
1.5
-0.015
0.11
0.400714
1.2
0.475
0.48
0.7
1
0.555
1.31
0.677422
0.5
1.595
0.55
0.505371
0.5
0
0.145
-0.27
0.475
0.48
-0.577206
0.761492
0.22244
1.28598
-0.021756
1.6276
0.828644
1.20765
1.115
1.62
1.2982
0.83915
1.975
0.69
1.50487
0.36102
1.965
0.48
0.005
-0.62
-1.115
0.1
0.565
1.22
0.784568
1.42443
-0.159305
0.384577
-0.23214
0.658398
0.112671
1.15326
0.285999
1.05276
0.372662
1.00252
0.545991
0.902025
0.805981
0.751285
0.979309
0.650793
1.06597
0.600546
1.2393
0.500054
0.981153
-0.0450526
0.844243
-0.0814694
0.707333
-0.117888
-0.025
0.68
0.495782
2
0.365
-0.14
0.380789
1.5
-0.125
0.15
0.400714
1.2
0.475
0.48
0.7
1
0.555
1.31
0.677422
0.5
1.595
0.55
0.505371
0.5
0
0.145
-0.27
0.475
0.48
-0.577206
0.761492
0.22244
1.28598
-0.021756
1.6276
0.828644
1.20765
1.115
1.62
1.2982
0.83915
1.975
0.69
1.50487
0.36102
1.965
0.48
0.035
-0.59
-0.265
1.02
1.455
1.14
1.75365
1.16844
-0.159305
0.384577
-0.23214
0.658398
0.112671
1.15326
0.285999
1.05276
0.372662
1.00252
0.545991
0.902025
0.805981
0.751285
0.979309
0.650793
1.06597
0.600546
1.2393
0.500054
0.981153
-0.0450526
0.844243
-0.0814694
0.707333
-0.117888
1.515
1.17
0.495782
2
0.265
0.66
0.380789
1.5
0.505
0.38
0.400714
1.2
0.475
0.48
0.7
1
0.555
1.31
0.677422
0.5
1.595
0.55
0.505371
0.5
0
0.145
-0.27
0.475
0.48
-0.577206
0.761492
0.22244
1.28598
-0.021756
1.6276
0.828644
1.20765
1.115
1.62
1.2982
0.83915
1.975
0.69
1.50487
0.36102
1.925
0.42
-0.255
-0.04
0.755
1.9
1.905
0.93
2.11443
0.7152
-0.159305
0.384577
-0.23214
0.658398
0.112671
1.15326
0.285999
1.05276
0.372662
1.00252
0.545991
0.902025
0.805981
0.751285
0.979309
0.650793
1.06597
0.600546
1.2393
0.500054
0.981153
-0.0450526
0.844243
-0.0814694
0.707333
-0.117888
1.935
0.86
0.495782
2
1.345
1.13
0.380789
1.5
0.475
0.34
0.400714
1.2
0.475
0.48
0.7
1
0.555
1.31
0.677422
0.5
1.595
0.55
0.505371
0.5
1
2.755
0.22
2.11681
0.287348
-0.957826
0.3
0.7
1.05
0
0.145
-0.27
0.475
0.48
-0.577206
0.761492
0.22244
1.28598
-0.021756
1.6276
0.828644
1.20765
1.115
1.62
1.195
0.81
1.785
0.75
1.425
0.26
1.84681
0.199254
-0.255
-0.04
0.755
1.9
2.185
0.6
2.39443
0.3852
-0.159305
0.384577
-0.23214
0.658398
0.112671
1.15326
0.285999
1.05276
0.372662
1.00252
0.545991
0.902025
0.805981
0.751285
0.979309
0.650793
1.06597
0.600546
1.2393
0.500054
0.981153
-0.0450526
0.844243
-0.0814694
0.707333
-0.117888
2.315
0.52
0.495782
2
1.605
0.97
0.380789
1.5
1.095
0.88
0.400714
1.2
0.475
0.48
0.7
1
0.555
1.31
0.677422
0.5
1.595
0.55
0.505371
0.5
0
0.00500003
-0.29
0.395
0.44
-0.629886
0.809082
0.211147
1.26446
-0.00345433
1.62545
0.765
1.09
1.125
1.48
1.14029
0.708263
1.665
0.6
1.32321
0.140801
1.705
0.01
-0.37625
-0.0167659
0.793551
1.83154
2.105
0.14
2.29563
-0.0916864
-0.245149
0.398293
-0.294687
0.6773
0.0905859
1.14143
0.254858
1.02669
0.336993
0.969332
0.501266
0.854595
0.747673
0.682492
0.911945
0.567758
0.994078
0.510391
1.15835
0.395657
0.855216
-0.125843
0.715713
-0.150611
0.57621
-0.175381
2.195
0.07
0.495782
2
1.415
0.64
0.380789
1.5
0.905
0.57
0.400714
1.2
0.395
0.44
0.7
1
0.544582
1.2604
0.677422
0.5
1.51703
0.415493
0.505371
0.5
0
-0.135
-0.32
0.305
0.41
-0.698976
0.832665
0.164922
1.24301
-0.0303255
1.61483
0.705
1.03
1.105
1.41
1.055
0.6
1.575
0.47
1.245
0.13
1.595
0.02
-0.345
0.09
0.955
1.03
2.095
-0.09
2.27313
-0.331426
-0.336459
0.402141
-0.3712
0.683374
0.0380349
1.12652
0.196021
1.00327
0.275015
0.941656
0.433003
0.818408
0.669981
0.633539
0.827968
0.510294
0.906959
0.448671
1.06495
0.325426
0.734707
-0.179347
0.594091
-0.196717
0.453475
-0.214088
2.195
-0.21
0.495782
2
1.625
0.18
0.380789
1.5
0.985
0.43
0.400714
1.2
0.305
0.41
0.7
1
0.497678
1.22137
0.677422
0.5
1.42417
0.326301
0.505371
0.5
0
-0.315
-0.29
0.195
0.37
-0.751845
0.908694
0.154632
1.21378
0.00482081
1.60613
0.605
0.93
1.035
1.3
0.962263
0.469779
1.415
0.32
1.09523
-0.0194463
1.335
-0.21
-0.488371
0.12928
0.913927
0.908617
1.875
-0.51
2.02327
-0.770846
-0.442895
0.438221
-0.444061
0.721601
0.0148281
1.11314
0.157099
0.972031
0.228236
0.901484
0.37051
0.760375
0.583917
0.548715
0.72619
0.407609
0.797324
0.337056
0.939598
0.195949
0.551847
-0.266145
0.410158
-0.266728
0.268468
-0.267312
1.925
-0.71
0.495782
2
1.655
-0.19
0.380789
1.5
0.975
0.32
0.400714
1.2
0.195
0.37
0.7
1
0.482491
1.15284
0.677422
0.5
1.29641
0.154244
0.505371
0.5
0
-0.455
-0.28
0.105
0.36
-0.805156
0.95868
0.119152
1.20466
-0.00503986
1.60588
0.550291
0.892404
0.935
1.29
0.877132
0.410074
1.265
0.25
0.978262
-0.0867299
1.20525
-0.292364
-0.665
0.24
0.955
0.71
1.615
-0.89
1.68971
-1.18055
-0.52719
0.469237
-0.510071
0.752113
-0.0268589
1.11325
0.106017
0.963246
0.172458
0.888254
0.305337
0.738254
0.504653
0.513258
0.637531
0.363262
0.703967
0.288263
0.836848
0.138266
0.420076
-0.297868
0.278639
-0.289308
0.137201
-0.28075
1.635
-1.07
0.495782
2
1.395
-0.52
0.380789
1.5
0.815
0.24
0.400714
1.2
0.105
0.36
0.7
1
0.442409
1.1227
0.677422
0.5
1.19024
0.073626
0.505371
0.5
0
-0.575
-0.29
0.045
0.37
-0.838958
1.00688
0.0950444
1.21336
-0.0119901
1.61953
0.512556
0.883037
0.913848
1.26395
0.818625
0.387211
1.195
0.24
0.898553
-0.113482
1.11661
-0.328595
-0.265
-0.19
0.885
0.17
1.405
-1.09
1.4673
-1.38348
-0.582026
0.506019
-0.552897
0.787935
-0.0547315
1.12823
0.0716591
0.972706
0.134857
0.894951
0.261251
0.739427
0.450838
0.506144
0.577231
0.350623
0.640425
0.272862
0.76682
0.11734
0.331852
-0.300719
0.190895
-0.286154
0.0499376
-0.271591
1.405
-1.28
0.495782
2
1.105
-0.66
0.380789
1.5
0.565
-0.32
0.400714
1.2
0.045
0.37
0.7
1
0.414552
1.11773
0.677422
0.5
1.11717
0.0377311
0.505371
0.5
0
-0.645
-0.34
0.005
0.36
-0.876414
1.00054
0.0585013
1.20322
-0.0468779
1.60985
0.425
0.88
0.895
1.33
0.725
0.39
1.195
0.19
0.856635
-0.127012
1.115
-0.37
-0.245
-0.3
0.925
0.05
1.285
-1.16
1.40344
-1.43574
-0.621514
0.498597
-0.591228
0.780413
-0.0916339
1.1187
0.034129
0.962641
0.097013
0.884621
0.222779
0.728568
0.411425
0.494492
0.53719
0.338442
0.60007
0.260417
0.725837
0.104366
0.289127
-0.311942
0.148219
-0.296798
0.00731084
-0.281657
1.315
-1.31
0.495782
2
0.995
-0.68
0.380789
1.5
0.505
-0.37
0.400714
1.2
0.005
0.36
0.7
1
0.37764
1.10627
0.677422
0.5
1.07589
0.0233172
0.505371
0.5
0
-0.645
-0.34
0.005
0.36
-0.876414
1.00054
0.0585013
1.20322
-0.0468779
1.60985
0.425
0.88
0.745
1.35
0.725
0.39
1.125
0.16
0.835
-0.15
1.07458
-0.40105
-0.245
-0.3
0.725
-0.39
1.065
-1.43
1.18344
-1.70574
-0.621514
0.498597
-0.591228
0.780413
-0.0916339
1.1187
0.034129
0.962641
0.097013
0.884621
0.222779
0.728568
0.411425
0.494492
0.53719
0.338442
0.60007
0.260417
0.725837
0.104366
0.289127
-0.311942
0.148219
-0.296798
0.00731084
-0.281657
1.105
-1.55
0.495782
2
0.805
-0.96
0.380789
1.5
0.275
-0.51
0.400714
1.2
0.005
0.36
0.7
1
0.37764
1.10627
0.677422
0.5
1.07589
0.0233172
0.505371
0.5
0
-0.742107
-0.337107
-0.035
0.37
-0.890083
1.04534
0.0522259
1.21042
-0.0367886
1.62096
0.405499
0.87278
0.685
1.33
0.685646
0.371145
1.07613
0.125305
0.773937
-0.172843
0.925
-0.39
-0.115
-0.4
0.455
-0.66
0.945
-1.45
1.09469
-1.70999
-0.65548
0.533578
-0.613933
0.813963
-0.101178
1.13198
0.0182387
0.971009
0.0779499
0.890532
0.197369
0.729563
0.376497
0.488113
0.495916
0.327147
0.555623
0.246665
0.675044
0.0856983
0.222
-0.3128
0.0818072
-0.292026
-0.0583856
-0.271254
0.995
-1.55
0.495782
2
0.585
-1
0.380789
1.5
0.0510644
-0.516838
0.400714
1.2
-0.035
0.37
0.7
1
0.367236
1.10077
0.677422
0.5
1.02158
-0.00930557
0.505371
0.5
0
-0.821737
-0.326916
-0.095
0.36
-0.926269
1.06457
0.0212536
1.19696
-0.0535115
1.61036
0.335
0.92
0.605
1.39
0.625304
0.336214
0.995
0.12
0.718022
-0.189228
0.875
-0.39
0.165
-0.77
0.585
-1.31
0.825
-1.6
0.99141
-1.84962
-0.709493
0.544956
-0.658268
0.823757
-0.134783
1.12387
-0.020998
0.958849
0.0358976
0.876349
0.149686
0.711334
0.320366
0.463815
0.434153
0.298803
0.491044
0.216298
0.604834
0.0512852
0.138243
-0.33133
-0.00115675
-0.305717
-0.140557
-0.280106
0.875
-1.72
0.495782
2
0.379472
-1.07059
0.380789
1.5
-0.0396605
-0.529347
0.400714
1.2
-0.095
0.36
0.7
1
0.332304
1.07647
0.677422
0.5
0.947899
-0.0556567
0.505371
0.5
0
-0.821737
-0.326916
-0.095
0.36
-0.926269
1.06457
0.0212536
1.19696
-0.0535115
1.61036
0.215
0.93
0.385
1.43
0.605
0.39
1.045
0.24
0.775
-0.14
1.035
-0.41
0.165
-0.77
0.345
-1.53
0.565
-1.82
0.738624
-2.06465
-0.709493
0.544956
-0.658268
0.823757
-0.134783
1.12387
-0.020998
0.958849
0.0358976
0.876349
0.149686
0.711334
0.320366
0.463815
0.434153
0.298803
0.491044
0.216298
0.604834
0.0512852
0.138243
-0.33133
-0.00115675
-0.305717
-0.140557
-0.280106
0.625
-1.94
0.495782
2
0.295
-1.26
0.380789
1.5
0.085
-0.59
0.400714
1.2
-0.095
0.36
0.7
1
0.332304
1.07647
0.677422
0.5
0.947899
-0.0556567
0.505371
0.5
0
-1.07672
-0.194044
-0.265
0.39
-0.982545
1.21028
-0.0257437
1.20053
-0.0383059
1.62051
0.185
0.92
0.325
1.44
0.445
0.25
0.815
-0.00999999
0.545
-0.18
0.675
-0.56
-0.245
-0.76
-0.265
-1.75
-0.125
-1.98
0.113849
-2.16153
-0.845298
0.664173
-0.753237
0.932313
-0.190924
1.15141
-0.102889
0.971302
-0.0588662
0.881257
0.029173
0.701154
0.161231
0.431002
0.24927
0.250902
0.293287
0.160853
0.381329
-0.0192479
-0.136964
-0.328391
-0.271034
-0.282359
-0.405104
-0.23633
-0.025
-2.04
0.495782
2
-0.235
-1.27
0.380789
1.5
-0.225
-0.53
0.400714
1.2
-0.265
0.39
0.7
1
0.264008
1.03517
0.677422
0.5
0.704757
-0.175958
0.505371
0.5
0
-0.904039
-0.219202
-0.135
0.42
-0.921488
1.17465
0.0326492
1.24843
-0.0165145
1.66577
0.285
1.01
0.315
1.53
0.555
0.42
0.975
0.21
0.745
0.01
0.985
-0.36
-0.014723
-0.72403
0.0517392
-1.71214
0.211295
-1.92908
0.495
-2.01
-0.737091
0.642528
-0.668766
0.917717
-0.127638
1.18508
-0.0242092
1.01331
0.0275087
0.92744
0.130941
0.75568
0.286087
0.498045
0.389519
0.326289
0.441232
0.240412
0.544666
0.0686551
0.0552536
-0.284579
-0.0823404
-0.250416
-0.219935
-0.216255
0.365
-1.93
0.495782
2
0.055
-1.23
0.380789
1.5
-0.134565
-0.471308
0.400714
1.2
-0.135
0.42
0.7
1
0.335766
1.10896
0.677422
0.5
0.88058
-0.0592569
0.505371
0.5
0
-0.790545
-0.257476
-0.055
0.42
-0.885412
1.12618
0.062668
1.25707
-0.011446
1.67075
0.395
1.1
0.335
1.58
0.625
0.53
1.075
0.37
0.815
0.15
1.105
-0.15
0.133697
-0.714858
0.115
-1.8
0.295
-1.88
0.583074
-1.94377
-0.66941
0.606031
-0.61771
0.884847
-0.0935443
1.18421
0.0200107
1.01894
0.0767914
0.93632
0.190349
0.771059
0.360685
0.523171
0.474243
0.357914
0.531019
0.275285
0.644579
0.110027
0.177193
-0.271961
0.0377851
-0.24611
-0.101623
-0.220261
0.405
-1.85
0.495782
2
0.135
-1.12
0.380789
1.5
-0.00109915
-0.469757
0.400714
1.2
-0.055
0.42
0.7
1
0.185
1.33
0.485077
0.5
0.925
0.15
0.505371
0.5
0
-0.7048
-0.309406
0
0.4
-0.856164
1.07263
0.085
1.24
-0.005
1.65
0.445
1.17
0.405
1.61
0.715
0.56
1.08782
0.444612
0.815
0.25
1.055
-0.02
-0.065
-0.71
-0.085
-1.66
0.135
-2.03
0.434833
-2.03999
-0.620426
0.56186
-0.57963
0.842138
-0.0680835
1.16123
0.051657
1.00069
0.111527
0.920423
0.231268
0.759884
0.410879
0.519079
0.53062
0.358543
0.590491
0.278274
0.710231
0.117738
0.258556
-0.281619
0.118418
-0.261221
-0.0217212
-0.240824
0.285
-2.01
0.378021
2
0.005
-1.33
0.380789
1.5
0.005
-0.6
0.400714
1.2
0
0.4
0.7
1
0.215
1.39
0.419952
0.5
0.855
0.29
0.403113
0.5
0
