36
10
15
13
6
-0.7048
-0.309406
0
0.4
-0.856164
1.07263
0.085
1.24
-0.005
1.65
0.445
1.17
0.385
1.63
0.715
0.56
1.08782
0.444612
0.815
0.25
1.055
-0.02
-0.065
-0.71
-0.085
-1.66
0.135
-2.03
0.434833
-2.03999
-0.620426
0.56186
-0.57963
0.842138
-0.0680835
1.16123
0.051657
1.00069
0.111527
0.920423
0.231268
0.759884
0.410879
0.519079
0.53062
0.358543
0.590491
0.278274
0.710231
0.117738
0.258556
-0.281619
0.118418
-0.261221
-0.0217212
-0.240824
0.285
-2.01
0.378021
2
0.005
-1.33
0.380789
1.5
0.005
-0.6
0.400714
1.2
0
0.4
0.7
1
0.215
1.39
0.419952
0.5
0.855
0.29
0.403113
0.5
0
-0.39
-0.34
0.155
0.43
-0.816751
0.921625
0.0734632
1.27054
-0.035
1.66
0.425
1.22
0.455
1.66
0.785
0.76
1.175
0.85
0.975
0.49
1.315
0.47
0.309157
-0.671422
0.225
-1.69
0.575
-1.71
0.871404
-1.66369
-0.485274
0.466951
-0.500285
0.749849
-0.0612139
1.16323
0.0877408
1.02928
0.162217
0.962313
0.311172
0.828366
0.534604
0.627451
0.683558
0.493508
0.758036
0.426535
0.906989
0.292592
0.542396
-0.187758
0.400948
-0.195263
0.259498
-0.202769
0.745
-1.73
0.378021
2
0.499525
-1.26576
0.380789
1.5
0.356216
-0.549794
0.400714
1.2
0.155
0.43
0.7
1
0.171517
1.44318
0.419952
0.5
1.045
0.6
0.403113
0.5
0
-0.255
-0.38
0.225
0.48
-0.802186
0.842371
0.075
1.28
-0.025
1.64
0.355
1.28
0.365
1.66
0.775
0.91
1.065
1.11
1.005
0.67
1.295
0.82
0.245
-0.67
0.435
-1.59
0.925
-1.33
1.16965
-1.15638
-0.414813
0.434129
-0.466162
0.712784
-0.0839515
1.17938
0.0810516
1.06573
0.163552
1.0089
0.328555
0.895244
0.576058
0.724764
0.741061
0.611112
0.823563
0.554285
0.988564
0.440632
0.688854
-0.0827889
0.549527
-0.108463
0.410199
-0.134138
1.085
-1.21
0.378021
2
0.505
-1.03
0.380789
1.5
0.495
-0.41
0.400714
1.2
0.225
0.48
0.7
1
0.110801
1.48704
0.419952
0.5
1.035
0.86
0.403113
0.5
0
0.0117851
-0.415542
0.365
0.52
-0.710912
0.691341
0.0732055
1.28003
-0.045
1.64
0.375
1.29
0.375
1.65
0.805
1.03
0.925
1.32
1.075
0.89
1.195
1.15
0.295
-0.76
0.785
-1.35
1.255
-0.83
1.36922
-0.552597
-0.256205
0.359529
-0.356958
0.624425
-0.0650388
1.15238
0.117787
1.07031
0.209198
1.02928
0.392024
0.947202
0.666261
0.824095
0.849085
0.742025
0.940498
0.700989
1.12332
0.618918
0.922813
0.0499258
0.790367
-0.000450253
0.657919
-0.0508277
1.305
-0.7
0.422019
2
0.675
-0.8
0.380789
1.5
0.655
-0.17
0.400714
1.2
0.365
0.52
0.7
1
0.0711042
1.49018
0.419952
0.5
0.955
1.07
0.403113
0.5
0
0.290752
-0.400952
0.485
0.58
-0.603601
0.529171
0.0447557
1.2651
-0.035
1.64
0.375
1.32
0.345
1.66
0.825
1.18
0.805
1.47
1.1052
1.08667
1.115
1.4
0.735
-0.63
1.295
-0.97
1.515
-0.4
1.52311
-0.10011
-0.0908161
0.296589
-0.243328
0.535562
-0.0647049
1.11198
0.131039
1.06875
0.228909
1.04714
0.424653
1.00391
0.718266
0.939062
0.914008
0.895833
1.01188
0.874218
1.20762
0.830988
1.12687
0.232953
1.00738
0.156698
0.887896
0.0804405
1.485
-0.27
0.43
2
1.115
-0.63
0.380789
1.5
0.965
0
0.400714
1.2
0.485
0.58
0.7
1
0.135
1.47
0.419952
0.5
0.945
1.23
0.403113
0.5
0
0.485
-0.22
0.535
0.76
-0.530941
0.532277
0.025
1.38
-0.045
1.64
0.335
1.42
0.315
1.67
0.775
1.41
0.735
1.67
1.105
1.38
1.065
1.7
1.035
-0.3
1.665
-0.18
1.555
0.22
1.51408
0.517254
0.0130126
0.386407
-0.176466
0.597349
-0.0942224
1.1953
0.10599
1.18456
0.206093
1.1792
0.406305
1.16847
0.706619
1.15237
0.906828
1.14164
1.00693
1.13628
1.20714
1.12554
1.225
0.522231
1.11953
0.427493
1.01406
0.332752
1.525
0.43
0.408044
2
1.405
-0.2
0.380789
1.5
0.975
0.37
0.400714
1.2
0.535
0.76
0.7
1
0.175
1.48
0.419952
0.5
0.925
1.45
0.403113
0.5
0
0.565
-0.07
0.565
0.88
-0.487372
0.595972
0.005
1.41
-0.035
1.63
0.325
1.45
0.325
1.66
0.805
1.46
0.735
1.67
1.095
1.44
1.065
1.7
1.305
0.18
1.535
0.41
1.335
0.8
1.235
1.07
0.0635781
0.479197
-0.136844
0.679782
-0.086475
1.28127
0.114031
1.28119
0.214281
1.28115
0.414786
1.28107
0.71554
1.28094
0.916043
1.28086
1.0163
1.28082
1.2168
1.28074
1.26668
0.67921
1.16639
0.579001
1.0661
0.478789
1.265
1
0.378021
2
1.465
0.39
0.380789
1.5
0.945
0.62
0.400714
1.2
0.565
0.88
0.7
1
0.125
1.5
0.419952
0.5
0.845
1.58
0.403113
0.5
0
0.565
-0.07
0.565
0.88
-0.487372
0.595972
0.005
1.41
-0.035
1.63
0.325
1.45
0.325
1.66
0.805
1.46
0.735
1.67
1.095
1.44
1.065
1.7
1.335
0.28
1.695
0.71
0.985
1
0.755143
1.19278
0.0635781
0.479197
-0.136844
0.679782
-0.086475
1.28127
0.114031
1.28119
0.214281
1.28115
0.414786
1.28107
0.71554
1.28094
0.916043
1.28086
1.0163
1.28082
1.2168
1.28074
1.26668
0.67921
1.16639
0.579001
1.0661
0.478789
1.115
1.07
0.378021
2
1.265
0.63
0.380789
1.5
0.875
0.61
0.400714
1.2
0.565
0.88
0.7
1
0.145
1.46
0.419952
0.5
0.915
1.5
0.403113
0.5
0
0.565
0.02
0.565
0.97
-0.487372
0.685972
0.005
1.5
-0.005
1.63
0.325
1.54
0.325
1.66
0.805
1.55
0.785
1.66
1.095
1.53
1.085
1.7
1.345
0.47
1.605
1.08
0.855
1.29
0.588308
1.42739
0.0635781
0.569197
-0.136844
0.769782
-0.086475
1.37127
0.114031
1.37119
0.214281
1.37115
0.414786
1.37107
0.71554
1.37094
0.916043
1.37086
1.0163
1.37082
1.2168
1.37074
1.26668
0.76921
1.16639
0.669001
1.0661
0.568789
1.005
1.15
0.378021
2
1.235
0.83
0.380789
1.5
0.975
0.76
0.400714
1.2
0.565
0.97
0.7
1
0.155
1.47
0.419952
0.5
0.945
1.51
0.403113
0.5
0
0.575
0.07
0.575
1.02
-0.477372
0.735972
0.015
1.49
0.015
1.65
0.315
1.53
0.305
1.69
0.825
1.54
0.825
1.69
1.105
1.56
1.105
1.71
1.355
0.52
1.505
1.2
0.705
1.33
0.419487
1.4221
0.0735781
0.619197
-0.126844
0.819782
-0.076475
1.42127
0.124031
1.42119
0.224281
1.42115
0.424786
1.42107
0.72554
1.42094
0.926043
1.42086
1.0263
1.42082
1.2268
1.42074
1.27668
0.81921
1.17639
0.719001
1.0761
0.618789
0.925
1.08
0.378021
2
1.115
0.94
0.380789
1.5
0.945
0.84
0.400714
1.2
0.575
1.02
0.7
1
0.165
1.42
0.419952
0.5
0.945
1.51
0.403113
0.5
0
0.575
0.095
0.575
1.045
-0.477372
0.760972
0.01
1.505
0.005
1.66
0.315
1.54
0.305
1.695
0.83
1.545
0.83
1.7
1.11
1.575
1.105
1.71
1.35
0.575
1.445
1.26
0.62
1.355
0.328461
1.42013
0.0735781
0.644197
-0.126844
0.844782
-0.076475
1.44627
0.124031
1.44619
0.224281
1.44615
0.424786
1.44607
0.72554
1.44594
0.926043
1.44586
1.0263
1.44582
1.2268
1.44574
1.27668
0.84421
1.17639
0.744001
1.0761
0.643789
0.795
1.17
0.378021
2
1.095
1.09
0.380789
1.5
1.015
0.91
0.400714
1.2
0.575
1.045
0.7
1
0.215
1.45
0.419952
0.5
0.965
1.5
0.403113
0.5
0
0.575
0.12
0.575
1.07
-0.477372
0.785972
0.005
1.52
-0.005
1.67
0.315
1.55
0.305
1.7
0.835
1.55
0.835
1.71
1.115
1.59
1.105
1.71
1.345
0.63
1.385
1.32
0.535
1.38
0.237436
1.41815
0.0735781
0.669197
-0.126844
0.869782
-0.076475
1.47127
0.124031
1.47119
0.224281
1.47115
0.424786
1.47107
0.72554
1.47094
0.926043
1.47086
1.0263
1.47082
1.2268
1.47074
1.27668
0.86921
1.17639
0.769001
1.0761
0.668789
0.765
1.2
0.378021
2
1.045
1.13
0.380789
1.5
1.025
0.88
0.400714
1.2
0.575
1.07
0.7
1
0.215
1.46
0.419952
0.5
0.925
1.52
0.403113
0.5
0
0.575
0.14
0.575
1.09
-0.477372
0.805972
0
1.52
-0.005
1.655
0.31
1.545
0.305
1.685
0.835
1.545
0.84
1.69
1.105
1.56
1.1
1.7
1.36
0.695
1.265
1.35
0.45
1.39
0.151291
1.40439
0.0735781
0.689197
-0.126844
0.889782
-0.076475
1.49127
0.124031
1.49119
0.224281
1.49115
0.424786
1.49107
0.72554
1.49094
0.926043
1.49086
1.0263
1.49082
1.2268
1.49074
1.27668
0.88921
1.17639
0.789001
1.0761
0.688789
0.825
1.23
0.378021
2
1.085
0.92
0.380789
1.5
0.755
1.24
0.400714
1.2
0.575
1.09
0.7
1
0.215
1.46
0.419952
0.5
1.025
1.52
0.403113
0.5
0
0.575
0.16
0.575
1.11
-0.477372
0.825972
-0.005
1.52
-0.005
1.64
0.305
1.54
0.305
1.67
0.835
1.54
0.845
1.67
1.095
1.53
1.095
1.69
1.375
0.76
1.145
1.38
0.365
1.4
0.0651464
1.39063
0.0735781
0.709197
-0.126844
0.909782
-0.076475
1.51127
0.124031
1.51119
0.224281
1.51115
0.424786
1.51107
0.72554
1.51094
0.926043
1.51086
1.0263
1.51082
1.2268
1.51074
1.27668
0.90921
1.17639
0.809001
1.0761
0.708789
0.965
0.92
0.378021
2
1.025
0.94
0.380789
1.5
0.995
1.05
0.400714
1.2
0.575
1.11
0.7
1
0.245
1.4
0.419952
0.5
0.985
1.47
0.403113
0.5
0
0.495
0.14
0.555
1.07
-0.514161
0.857515
0.00392073
1.51817
0.00405014
1.6685
0.314576
1.51723
0.305
1.67
0.843393
1.48152
0.825
1.71
1.10214
1.45402
1.095
1.7
1.32963
0.666877
1.14192
1.30099
0.785
1.48
0.501388
1.5778
0.0276913
0.703877
-0.158768
0.91752
-0.0679827
1.51427
0.13207
1.50068
0.232093
1.49389
0.432145
1.48029
0.73222
1.45991
0.932269
1.44632
1.0323
1.43952
1.23234
1.42593
1.24158
0.822379
1.13476
0.729151
1.02794
0.635921
0.995
1.18
0.378021
2
1.025
1.04
0.380789
1.5
0.915
0.89
0.400714
1.2
0.555
1.07
0.7
1
0.195
1.48
0.419952
0.5
0.925
1.54
0.403113
0.5
0
0.175
0.0599999
0.435
0.95
-0.65433
0.995465
0.0049735
1.51552
-0.045
1.67
0.295
1.48
0.285
1.67
0.895
1.45
0.855
1.75
1.075
1.35
1.085
1.69
1.045
0.26
1.275
0.84
1.365
1.29
1.365
1.55
-0.163851
0.718409
-0.294737
0.970023
-0.065835
1.52868
0.125416
1.46832
0.221039
1.43814
0.41229
1.37777
0.699164
1.28723
0.890413
1.22686
0.986038
1.19668
1.17729
1.13632
1.04401
0.547478
0.918203
0.482036
0.792397
0.416592
1.355
1.44
0.378021
2
1.185
1.04
0.380789
1.5
0.835
0.72
0.400714
1.2
0.435
0.95
0.7
1
0.205
1.45
0.419952
0.5
0.905
1.57
0.403113
0.5
0
-0.125
0.05
0.305
0.89
-0.752898
1.1545
-0.00204813
1.5308
-0.0198062
1.69222
0.274882
1.43744
0.285
1.67
0.855
1.34
0.835
1.76
1.055
1.3
1.075
1.7
0.745
0
1.215
0.2
1.585
0.83
1.74723
1.08235
-0.328384
0.784066
-0.405788
1.05697
-0.0687517
1.558
0.106403
1.46024
0.193979
1.41137
0.369134
1.31362
0.631864
1.167
0.807017
1.06925
0.894595
1.02037
1.06975
0.922622
0.820287
0.372723
0.683837
0.334022
0.547386
0.295318
1.735
1.01
0.378021
2
1.335
0.47
0.380789
1.5
0.835
0.34
0.400714
1.2
0.305
0.89
0.7
1
0.085
1.5
0.419952
0.5
0.975
1.49
0.403113
0.5
3
1.845
1.24
0.240208
0
1
1.3
0.5
0.8
0
1.195
0.33
0.292746
0.196116
-0.980581
0.3
0.3
0.5
0
1.575
0.8
0.300167
0.196116
-0.980581
0.6
0.3
0.5
0
-0.415
0.02
0.185
0.81
-0.802602
1.2729
0.015
1.51
-0.005
1.7
0.295
1.45
0.275
1.68
0.825
1.26
0.835
1.75
1.055
1.18
1.075
1.72
0.655
0
1.085
-0.14
1.695
0.17
1.955
0.28
-0.457079
0.827714
-0.480622
1.11047
-0.0535234
1.53751
0.0996246
1.4079
0.176198
1.3431
0.329347
1.2135
0.559068
1.01909
0.712217
0.889489
0.788791
0.824686
0.941938
0.695084
0.591413
0.203238
0.450038
0.191467
0.308662
0.179693
1.865
0.22
0.378021
2
1.295
0.01
0.380789
1.5
0.695
0.1
0.400714
1.2
0.185
0.81
0.7
1
0.155
1.44
0.419952
0.5
0.855
1.37
0.532353
0.5
3
2.045
0.34
0.240208
0
-1
1.3
0.5
0.8
0
0.945
-0.01
0.292746
0.196116
-0.980581
0.3
0.3
0.5
0
1.555
0.12
0.300167
0.196116
-0.980581
0.6
0.3
0.5
0
-0.530052
-0.0441386
0.115
0.72
-0.84624
1.23641
0.035
1.48
0.015
1.73
0.305
1.38
0.325
1.73
0.775
1.12
0.825
1.72
1.035
1
1.105
1.72
0.615
-0.14
1.105
-0.39
1.605
-0.73
1.87494
-0.860882
-0.525427
0.772803
-0.533485
1.05654
-0.0834901
1.45978
0.0624081
1.32194
0.135357
1.25302
0.281256
1.11518
0.500103
0.908417
0.646002
0.770577
0.718951
0.701656
0.864849
0.563818
0.487803
0.0916625
0.345935
0.0876336
0.204066
0.0836025
1.765
-0.81
0.413037
2
1.215
-0.44
0.440114
1.5
0.545
-0.07
0.400714
1.2
0.115
0.72
0.7
1
0.145
1.5
0.419952
0.5
0.855
1.3
0.590085
0.5
3
1.955
-0.9
0.240208
0
-1
1.3
0.5
0.8
0
0.995
-0.37
0.292746
0.196116
-0.980581
0.3
0.3
0.5
0
1.495
-0.67
0.300167
0.196116
-0.980581
0.6
0.3
0.5
0
-0.665
0.18
-0.025
0.78
-0.922687
1.4018
0.025
1.47
0.035
1.72
0.255
1.39
0.335
1.72
0.751407
1.25781
0.825
1.71
0.94478
1.02862
1.115
1.7
0.453751
-0.150464
0.54752
-0.74524
0.397934
-1.44338
0.33678
-1.73731
-0.655893
0.904649
-0.631943
1.18771
-0.139046
1.538
-0.00949173
1.38449
0.0552856
1.30774
0.184841
1.15424
0.379171
0.923981
0.508727
0.770479
0.573504
0.693726
0.703057
0.540225
0.274937
0.113186
0.133409
0.12516
-0.00812026
0.137132
0.405589
-1.61558
0.414448
2
0.455
-0.86
0.390512
1.5
0.335
-0.19
0.400714
1.2
-0.025
0.78
0.7
1
0.115
1.56
0.419952
0.5
0.775
1.34
0.614003
0.5
3
0.33524
-1.819
0.240208
0
-1
1.3
0.5
0.8
0
0.466841
-0.746172
0.292746
0.196116
-0.980581
0.3
0.3
0.5
0
0.413704
-1.30417
0.300167
0.196116
-0.980581
0.6
0.3
0.5
0
-0.665
0.18
-0.025
0.78
-0.922687
1.4018
0.025
1.47
0.035
1.72
0.255
1.39
0.335
1.72
0.751407
1.25781
0.825
1.71
0.94478
1.02862
1.115
1.7
0.474375
-0.190232
0.51126
-0.94262
0.286467
-1.69669
0.192021
-1.97938
-0.655893
0.904649
-0.631943
1.18771
-0.139046
1.538
-0.00949173
1.38449
0.0552856
1.30774
0.184841
1.15424
0.379171
0.923981
0.508727
0.770479
0.573504
0.693726
0.703057
0.540225
0.274937
0.113186
0.133409
0.12516
-0.00812026
0.137132
0.245
-1.83
0.470425
2
0.405
-0.99
0.431856
1.5
0.345
-0.2
0.400714
1.2
-0.025
0.78
0.7
1
0.195
1.54
0.419952
0.5
0.855
1.28
0.550363
0.5
0
-0.665
0.18
-0.025
0.78
-0.922687
1.4018
0.025
1.47
0.035
1.72
0.255
1.39
0.335
1.72
0.751407
1.25781
0.825
1.71
0.94478
1.02862
1.115
1.7
0.484688
-0.210116
0.49313
-1.04131
0.230734
-1.82334
0.119641
-2.10041
-0.655893
0.904649
-0.631943
1.18771
-0.139046
1.538
-0.00949173
1.38449
0.0552856
1.30774
0.184841
1.15424
0.379171
0.923981
0.508727
0.770479
0.573504
0.693726
0.703057
0.540225
0.274937
0.113186
0.133409
0.12516
-0.00812026
0.137132
0.205
-1.91
0.49366
2
0.335
-1.1
0.43
1.5
0.325
-0.25
0.455412
1.2
-0.025
0.78
0.7
1
0.165
1.54
0.419952
0.5
0.855
1.31
0.580775
0.5
0
-0.665
0.18
-0.025
0.78
-0.922687
1.4018
0.025
1.47
0.035
1.72
0.255
1.39
0.335
1.72
0.751407
1.25781
0.825
1.71
0.94478
1.02862
1.115
1.7
0.495
-0.23
0.475
-1.14
0.175
-1.95
0.0472609
-2.22145
-0.655893
0.904649
-0.631943
1.18771
-0.139046
1.538
-0.00949173
1.38449
0.0552856
1.30774
0.184841
1.15424
0.379171
0.923981
0.508727
0.770479
0.573504
0.693726
0.703057
0.540225
0.274937
0.113186
0.133409
0.12516
-0.00812026
0.137132
0.145
-2
0.527731
2
0.345
-1.17
0.470956
1.5
0.315
-0.28
0.481664
1.2
-0.025
0.78
0.7
1
0.155
1.48
0.419952
0.5
0.825
1.32
0.540833
0.5
0
-0.615
0.1
-0.025
0.71
-0.956019
1.28081
-0.005
1.47
0.035
1.74
0.265
1.41
0.325
1.7
0.695
1.16
0.805
1.57
0.915
0.96
1.105
1.51
0.586634
-0.377654
0.54863
-1.31128
0.0911484
-1.90775
-0.0840563
-2.1513
-0.6619
0.799281
-0.653771
1.08325
-0.181145
1.4605
-0.0432242
1.31445
0.0257362
1.24143
0.163658
1.09538
0.370538
0.876305
0.508459
0.730256
0.577419
0.657231
0.715339
0.511183
0.311673
0.0609093
0.169689
0.0649732
0.0277038
0.0690352
0.025
-1.99
0.520096
2
0.385
-1.23
0.452769
1.5
0.375
-0.34
0.475395
1.2
-0.025
0.71
0.7
1
0.115
1.53
0.419952
0.5
0.835
1.2
0.5
0.5
0
-0.685
0
-0.035
0.62
-0.940615
1.23041
0.015
1.44
0.025
1.75
0.285
1.36
0.335
1.69
0.635
0.98
0.765
1.39
0.855
0.75
1.075
1.24
0.635
-0.5
0.325
-1.54
-0.265
-1.91
-0.511658
-2.08076
-0.667495
0.736636
-0.647142
1.02001
-0.15868
1.37657
-0.0271722
1.22471
0.0385823
1.14878
0.170092
0.996913
0.367354
0.769121
0.498863
0.61726
0.564617
0.541329
0.696125
0.389469
0.273418
-0.0430226
0.131734
-0.0328465
-0.00995126
-0.0226721
-0.295
-1.96
0.533385
2
0.265
-1.22
0.461736
1.5
0.305
-0.41
0.43566
1.2
-0.035
0.62
0.7
1
0.155
1.51
0.419952
0.5
0.815
1.02
0.494975
0.5
0
-0.805
-0.03
-0.095
0.55
-0.948365
1.23162
0.025
1.42
0.035
1.75
0.295
1.35
0.335
1.7
0.585
0.81
0.835
1.16
0.785
0.56
1.145
0.97
0.482334
-0.620522
0.0892977
-1.63211
-0.528695
-1.95324
-0.788354
-2.10352
-0.716027
0.717368
-0.672842
0.99818
-0.157146
1.31412
-0.038334
1.15212
0.0210727
1.07112
0.139886
0.909123
0.318104
0.666127
0.436918
0.50413
0.496324
0.42313
0.615136
0.261135
0.158846
-0.135803
0.0184424
-0.114211
-0.121964
-0.0926204
-0.605
-2.02
0.480104
2
-0.005
-1.34
0.442832
1.5
0.155
-0.5
0.451221
1.2
-0.095
0.55
0.7
1
0.128656
1.54131
0.419952
0.5
0.825
0.87
0.460977
0.5
0
-0.865
-0.13
-0.155
0.45
-1.00837
1.13162
0.015
1.42
0.015
1.75
0.285
1.21
0.355
1.59
0.515
0.67
0.835
0.9
0.695
0.41
1.145
0.72
0.495
-0.74
0.185
-1.62
-0.615
-1.73
-0.908565
-1.7918
-0.776027
0.617368
-0.732842
0.89818
-0.217146
1.21412
-0.098334
1.05212
-0.0389273
0.971123
0.0798858
0.809123
0.258104
0.566127
0.376918
0.40413
0.436324
0.32313
0.555136
0.161135
0.0988463
-0.235803
-0.0415576
-0.214211
-0.181964
-0.19262
-0.665
-1.76
0.492544
2
0.025
-1.29
0.410488
1.5
0.165
-0.55
0.400714
1.2
-0.155
0.45
0.7
1
0.0686558
1.44131
0.419952
0.5
0.775
0.61
0.450999
0.5
0
-0.865
-0.13
-0.155
0.45
-1.00837
1.13162
0.015
1.42
0.015
1.75
0.285
1.21
0.355
1.59
0.575
0.69
0.875
0.76
0.715
0.39
1.195
0.54
0.445
-0.62
0.275
-1.36
-0.435
-1.47
-0.720513
-1.3779
-0.776027
0.617368
-0.732842
0.89818
-0.217146
1.21412
-0.098334
1.05212
-0.0389273
0.971123
0.0798858
0.809123
0.258104
0.566127
0.376918
0.40413
0.436324
0.32313
0.555136
0.161135
0.0988463
-0.235803
-0.0415576
-0.214211
-0.181964
-0.19262
-0.545
-1.43
0.4245
2
0.135
-1.12
0.380789
1.5
0.075
-0.45
0.400714
1.2
-0.155
0.45
0.7
1
0.0686558
1.44131
0.419952
0.5
0.815
0.54
0.453542
0.5
0
-0.865
-0.13
-0.155
0.45
-1.00837
1.13162
-0.005
1.33
-0.005
1.68
0.265
1.12
0.385
1.57
0.595
0.69
0.925
0.72
0.745
0.39
1.218
0.418381
0.165
-0.56
0.245
-1.25
-0.235
-1.54
-0.535
-1.54
-0.776027
0.617368
-0.732842
0.89818
-0.217146
1.21412
-0.098334
1.05212
-0.0389273
0.971123
0.0798858
0.809123
0.258104
0.566127
0.376918
0.40413
0.436324
0.32313
0.555136
0.161135
0.0988463
-0.235803
-0.0415576
-0.214211
-0.181964
-0.19262
-0.345
-1.48
0.457056
2
0.115
-1.1
0.380789
1.5
0.065
-0.48
0.400714
1.2
-0.155
0.45
0.7
1
0.155
1.37
0.450444
0.5
0.845
0.5
0.490306
0.5
0
-0.795
-0.16
-0.085
0.42
-0.938365
1.10162
0.055
1.26
-0.015
1.67
0.355
1.15
0.355
1.61
0.705
0.64
1.075
0.63
0.825
0.32
1.275
0.25
0.175
-0.55
0.345
-1.01
0.025
-1.59
-0.264055
-1.67029
-0.706028
0.587368
-0.662842
0.86818
-0.147146
1.18412
-0.028334
1.02212
0.0310727
0.941123
0.149886
0.779123
0.328104
0.536127
0.446918
0.37413
0.506324
0.29313
0.625136
0.131135
0.168846
-0.265803
0.0284424
-0.244211
-0.111964
-0.22262
-0.125
-1.59
0.451885
2
0.155
-1.17
0.380789
1.5
0.155
-0.54
0.400714
1.2
-0.085
0.42
0.7
1
0.175
1.37
0.419952
0.5
0.835
0.39
0.480417
0.5
0
-0.755
-0.16
-0.045
0.42
-0.898365
1.10162
0.095
1.26
-0.005
1.66
0.425
1.14
0.375
1.63
0.735
0.61
1.125
0.54
0.855
0.28
1.275
0.07
0.215
-0.55
0.385
-1.01
0.215
-1.6
-0.015
-1.79
-0.666028
0.587368
-0.622842
0.86818
-0.107146
1.18412
0.011666
1.02212
0.0710727
0.941123
0.189886
0.779123
0.368104
0.536127
0.486918
0.37413
0.546324
0.29313
0.665136
0.131135
0.208846
-0.265803
0.0684424
-0.244211
-0.0719635
-0.22262
0.115
-1.71
0.441475
2
0.255
-1.12
0.380789
1.5
0.185
-0.54
0.400714
1.2
-0.045
0.42
0.7
1
0.215
1.4
0.460977
0.5
0.935
0.32
0.482701
0.5
0
-0.755
-0.16
-0.045
0.42
-0.898365
1.10162
0.095
1.26
-0.005
1.66
0.445
1.17
0.355
1.62
0.735
0.61
1.115
0.51
0.835
0.27
1.205
0.02
0.185
-0.62
0.265
-1.13
0.295
-1.67
0.183583
-1.94854
-0.666028
0.587368
-0.622842
0.86818
-0.107146
1.18412
0.011666
1.02212
0.0710727
0.941123
0.189886
0.779123
0.368104
0.536127
0.486918
0.37413
0.546324
0.29313
0.665136
0.131135
0.208846
-0.265803
0.0684424
-0.244211
-0.0719635
-0.22262
0.255
-1.8
0.378021
2
0.265
-1.16
0.380789
1.5
0.125
-0.53
0.400714
1.2
-0.045
0.42
0.7
1
0.235
1.42
0.467226
0.5
0.915
0.33
0.504876
0.5
0
-0.715
-0.17
-0.005
0.41
-0.858365
1.09162
0.105
1.26
-0.0152248
1.65809
0.475
1.17
0.37245
1.61906
0.745
0.58
1.115
0.45
0.875
0.26
1.185
-0.06
0.225
-0.63
0.305
-1.14
0.425
-1.7
0.455
-1.99
-0.626028
0.577368
-0.582842
0.85818
-0.0671461
1.17412
0.051666
1.01212
0.111073
0.931123
0.229886
0.769123
0.408104
0.526127
0.526918
0.36413
0.586324
0.28313
0.705136
0.121135
0.248846
-0.275803
0.108442
-0.254211
-0.0319635
-0.23262
0.435
-1.85
0.378021
2
0.285
-1.22
0.461736
1.5
0.195
-0.47
0.400714
1.2
-0.005
0.41
0.7
1
0.225
1.36
0.476673
0.5
0.895
0.29
0.456946
0.5
0
-0.715
-0.17
-0.005
0.41
-0.858365
1.09162
0.105
1.26
-0.0152248
1.65809
0.475
1.17
0.37245
1.61906
0.745
0.58
1.095
0.44
0.835
0.27
1.105
-0.03
0.085
-0.61
0.165
-1.21
0.425
-1.7
0.562827
-1.96647
-0.626028
0.577368
-0.582842
0.85818
-0.0671461
1.17412
0.051666
1.01212
0.111073
0.931123
0.229886
0.769123
0.408104
0.526127
0.526918
0.36413
0.586324
0.28313
0.705136
0.121135
0.248846
-0.275803
0.108442
-0.254211
-0.0319635
-0.23262
0.505
-1.84
0.430465
2
0.275
-1.24
0.380789
1.5
0.105
-0.53
0.400714
1.2
-0.005
0.41
0.7
1
0.218656
1.40131
0.448252
0.5
0.895
0.3
0.451221
0.5
0
-0.715
-0.17
-0.005
0.41
-0.858365
1.09162
0.105
1.26
-0.0152248
1.65809
0.475
1.17
0.37245
1.61906
0.705
0.55
1.085
0.45
0.825
0.27
1.055
-0.00999999
-0.005
-0.61
-0.055
-1.38
0.295
-1.71
0.536922
-1.88741
-0.626028
0.577368
-0.582842
0.85818
-0.0671461
1.17412
0.051666
1.01212
0.111073
0.931123
0.229886
0.769123
0.408104
0.526127
0.526918
0.36413
0.586324
0.28313
0.705136
0.121135
0.248846
-0.275803
0.108442
-0.254211
-0.0319635
-0.23262
0.455
-1.83
0.410488
2
0.055
-1.24
0.380789
1.5
0.105
-0.58
0.400714
1.2
-0.005
0.41
0.7
1
0.218656
1.40131
0.419952
0.5
0.935
0.31
0.403113
0.5
0
-0.715
-0.17
-0.005
0.41
-0.858365
1.09162
0.105
1.26
-0.0152248
1.65809
0.475
1.17
0.37245
1.61906
0.705
0.55
1.085
0.45
0.825
0.27
1.055
-0.00999999
-0.055
-0.69
-0.105
-1.57
0.175
-1.83
0.459605
-1.92487
-0.626028
0.577368
-0.582842
0.85818
-0.0671461
1.17412
0.051666
1.01212
0.111073
0.931123
0.229886
0.769123
0.408104
0.526127
0.526918
0.36413
0.586324
0.28313
0.705136
0.121135
0.248846
-0.275803
0.108442
-0.254211
-0.0319635
-0.23262
0.345
-1.89
0.378021
2
-0.0139584
-1.32536
0.380789
1.5
-0.00806037
-0.593116
0.400714
1.2
-0.005
0.41
0.7
1
0.218656
1.40131
0.419952
0.5
0.851743
0.292756
0.403113
0.5
0
