1
10
15
13
6
-0.0950001
-0.23
0.185
0.56
-0.887303
0.754911
-0.286352
1.30206
-0.340252
1.67864
0.396459
1.28624
0.433028
1.66805
0.742978
1.03598
1.10968
1.03196
0.976457
0.808387
1.31514
0.681665
0.0554516
-0.311542
-0.141402
-1.22119
0.657917
-1.14614
0.927953
-1.01476
-0.439798
0.413104
-0.534767
0.68024
-0.231253
1.20188
-0.0502002
1.11579
0.0403248
1.07275
0.221378
0.986667
0.492957
0.857542
0.674009
0.771459
0.764535
0.728417
0.945586
0.642334
0.732599
0.0776559
0.599033
0.0301717
0.465464
-0.0173138
0.815
-1.1
0.420595
2
0.205
-0.7
0.380789
1.5
0.445
-0.14
0.400714
1.2
0.185
0.56
0.7
1
0.085
1.46
0.484665
0.5
1.055
0.84
0.403113
0.5
0
